78974465
133118487
194266579
264919909
299099787
361166360
451493318
482368510
521104379
588375993
622251633
634180173
691446719
713086207
736913819
799914001
828510200
888020754
911951455
932966908
976632839
1016449305
1041582134
1074487718
1088302201
1143821077
1188495685
1252784565
1316570504
1350800235
1425716839
1455499675
1483375685
1528228438
1543368179
1604837927
1635381247
1691869298
1729042086
1757967757
1797593282
1822359545
1853362885
1884211167
1941367512
1956600234
2010568262
2070578478
2110827689
-2132554610
