2091118053
2003667610
1985866090
1902218550
1867511475
1864797137
1832029061
1575365325
1471576321
1303263509
1294880144
1250764784
1229094924
1191918255
1154674095
1151582274
1139984751
1034082226
992341966
943838830
923385566
922581347
888179388
805422435
804566227
793740937
784337988
720621864
718897445
674601609
673399892
670631422
641088296
617385827
577608855
576226425
546561630
540614018
530879244
522143567
468948849
427408117
389933115
223882603
197089582
189192920
139446050
80785565
71663518
10541925
