-2072080010
-2095550689
-2117442748
2116807003
2079629642
2027187316
1983242809
1936884203
1862668356
1839593976
1806948957
1735890018
1718556752
1669044388
1650016372
1591790048
1542064122
1532026649
1449828632
1407079699
1378196272
1291355387
1234777446
1219117136
1202880390
1153106578
1110635676
1054611621
1037122180
976406061
913029340
860187037
776756968
735398158
699897795
638913291
613128710
580371800
523639526
505070490
437733167
375461945
339901934
299462774
271309305
247182938
184607482
132510322
117660138
55616754
