185416
311238
453870
619315
697224
842061
1054723
1124700
1213543
1370872
1448050
1472555
1605872
1653684
1706747
1853824
1918332
2057034
2110345
2156659
2257334
2361574
2429479
2512741
2548327
2679546
2786398
2940415
3095832
3182678
3365832
3444136
3516040
3626767
3666173
3813705
3888751
4024699
4115454
4185738
4280314
4338848
4410716
4481175
4614227
4647353
4772753
4912654
5005804
5125947
5220055
5374259
5492415
5620265
5693434
5849981
6028719
6137597
6260711
6341863
6453248
6553662
6635322
6796562
6840407
6905008
6984240
7048832
7156025
7175523
7228011
7305903
7394525
7441705
7490400
7613320
7680253
7733558
7838426
7968118
8044162
8126641
8174146
8289950
8389313
8491084
8559840
8620850
8719674
8793191
8905158
8964305
9118317
9198026
9230824
9287125
9380318
9604027
9760459
9804624
9868187
10021934
10187033
10310023
10427468
10507811
10587432
10655352
10688553
10853239
10912572
11023327
11110912
11252847
11334132
11452817
11573851
11763592
11870320
11954846
12079926
12233746
12342488
12406318
12489141
12522067
12666220
12811068
12928527
13081497
13248958
13324365
13388580
13506053
13651235
13807341
13897919
14056355
14198801
14213868
14288815
14379164
14542803
14727682
14827561
14992137
15113443
15206755
15276422
15372409
15471725
15601334
15763043
15934396
16069972
16103588
16272798
16347222
16431095
16506684
16623684
16707793
16803606
16940266
16974822
17131362
17273120
17327359
17501358
17614524
17732560
17773139
17947373
18048782
18166725
18283951
18372642
18519833
18578469
18686227
18843606
18985357
18987019
19110985
19231337
19265587
19421889
19537621
19645853
19771193
19790438
19880806
19995594
20034871
20194420
20221983
20332314
20397540
20535830
20634363
20736940
20824149
20943664
21149237
21213187
21352732
21466717
21588457
21621629
21783507
21978438
22029393
22140313
22275602
22394565
22418894
22500320
22562535
22736085
22797213
22827553
22988783
23059045
23131335
23255067
23271349
23335423
23463182
23534815
23642484
23750456
23881661
23989632
24206466
24278449
24335616
24365651
24435967
24589433
24725595
24824182
24928289
25073445
25164690
25188423
25253159
25350519
25483429
25538709
25621758
25657611
25750155
25783318
25887709
26026829
26217751
26265674
26382711
26408242
26529894
26630198
26804949
26825937
26918371
27071232
27177082
27235432
27349696
27406634
27521738
27634382
27759327
27855342
27974906
28042955
28086802
28184265
28424424
28512829
28578333
28672805
28745501
28876110
28994067
29059237
29226038
29356688
29469820
29615443
29800585
30025506
30128335
30256956
30378800
30546195
30657244
30686993
30820213
30887185
31038355
31187085
31294855
31317810
31461501
31537924
31672033
31773220
31827258
31947553
31996776
32124209
32249042
32363035
32447248
32515673
32608304
32683695
32796748
32920770
32990174
33182652
33269574
33356680
33517417
33605028
33729136
33791897
33888765
33956908
34049940
34135689
34254521
34403047
34448711
34554655
34579598
34667843
34772427
34950325
35022053
35144624
35316466
35391807
35518681
35569593
35639840
35684669
35837968
35915435
36008678
36223912
36399106
36531018
36689225
36783516
36893414
36942183
37023293
37041547
37059571
37183032
37282738
37382181
37421287
37651625
37725713
37844423
37855829
37912877
37994176
38084441
38217844
38414321
38520272
38579943
38646797
38710407
38859478
39091349
39103262
39164420
39233958
39347781
39411320
39463261
39485327
39623612
39872840
39945979
40120746
40234107
40329817
40511991
40607130
40822503
40972117
41013702
41170751
41193444
41305414
41443387
41548397
41754782
41830854
41941988
42026169
42054828
42161747
42223129
42359503
42433802
42512724
42659951
42789513
42877215
43001689
43152529
43273571
43510121
43630177
43725487
43849734
43870634
44008753
44146477
44195620
44295318
44393256
44539959
44610003
44705542
44798549
44867847
44981949
45074629
45163996
45237234
45420748
45443247
45603083
45724449
45875745
45962815
46095855
46148942
46301352
46343571
46480341
46517380
46644739
46787396
46837963
46923474
47002322
47126491
47172460
47303696
47355490
47509790
47678671
47810150
47948180
48191343
48207377
48355325
48442793
48532926
48635819
48753149
48828774
48972145
49014110
49093795
49178912
49269802
49364397
49416046
49539578
49722139
49822389
49930883
50032868
50055058
50066931
50227005
50325121
50425674
50480040
50576511
50699015
50898569
50915039
51067523
51160283
51341929
51382686
51444659
51496060
51573334
51710361
51895870
52033566
52133035
52161338
52281996
52366822
52410098
52587994
52767521
52826103
53009213
53118688
53248008
53411005
53486543
53514312
53612975
53633531
53686951
53712824
53788659
53895439
53908046
53938875
54033221
54146511
54256706
54313613
54370448
54468859
54478526
54580602
54689619
54720679
54855124
55026948
55164183
55329155
55402382
55425746
55547818
55670147
55803004
56046627
56138862
56234489
56344261
56437478
56537763
56631088
56734088
56901699
57029838
57071222
57198353
57350447
57499980
57627934
57703382
57782392
57930962
58009378
58051410
58140367
58254186
58395592
58509348
58673684
58772310
58933352
59042693
59148619
59348783
59420589
59460809
59599873
59726877
59874039
60057240
60157972
60273626
60296769
60407846
60571105
60664250
60771243
60867014
60971215
61099741
61216120
61281542
61370942
61480484
61589672
61717044
61799479
61881359
62021452
62160572
62267217
62464417
62516981
62665827
62712299
62896637
62940113
62961002
63069074
63176004
63247074
63347621
63460023
63599386
63748591
63910254
63971666
64006458
64072565
64181912
64234722
64262014
64431367
64511025
64604986
64654781
64685669
64763342
64926659
65013908
65116040
65235564
65380767
65411670
65527228
65704948
65774709
65872256
65945010
66063233
66192848
66278306
66374756
66534199
66598535
66654894
66770317
66887409
66959722
66969447
67008887
67086941
67105403
67259942
67426371
67544452
67637694
67731214
67794465
67872603
67958896
67985451
68122974
68262606
68305937
68452224
68611307
68693744
68821341
68885690
68980154
69093268
69217912
69309938
69377671
69498677
69615654
69801367
69813548
69897526
69988743
70234972
70339781
70343284
70403067
70458738
70549382
70613864
70651257
70808216
71078680
71225538
71334552
71387350
71556954
71702332
71761805
71776494
71928104
72058206
72180614
72315638
72418610
72598747
72639321
72756260
72905106
73069543
73076830
73234986
73266277
73342396
73438422
73509043
73641745
73781560
73857179
73976972
74066922
74145148
74255358
74345342
74410529
74524364
74585606
74714383
74897641
75005273
75096877
75158672
75231911
75296502
75389894
75542295
75587049
75662368
75836334
75957532
76033813
76197003
76232185
76313452
76352957
76468965
76595954
76647713
76797629
76910124
77068701
77157221
77238878
77423842
77591418
77756494
77947323
78092482
78160449
78273514
78330544
78533195
78737397
78866541
78990755
79094529
79189387
79349694
79427250
79590246
79791945
79888002
80041336
80277258
80399634
80511620
80586110
80709262
80760368
80779126
80898414
81008158
81177713
81294708
81383817
81516954
81548507
81641899
81723023
81853501
81963523
82077847
82221402
82236202
82350441
82468919
82592092
82596143
82704242
82769769
82823891
82958134
83092762
83180230
83325578
83346325
83445678
83610865
83679855
83732081
83967596
84193061
84268158
84333972
84491387
84548613
84673503
84800274
84969451
85073611
85186029
85278021
85527236
85664531
85674679
85781083
85869135
85953729
86103314
86252012
86436019
86564205
86587188
86763126
86935553
87043972
87089928
87180268
87298913
87440515
87567147
87619680
87690397
87759495
87778168
87862108
87929325
87944662
88047105
88153788
88241339
88276614
88351585
88451225
88574969
88656257
88765867
88853486
89031943
89088750
89259066
89277484
89381220
89472481
89576419
89688870
89752686
89874575
89970305
90068718
90134195
90195075
90297355
90332868
90431957
90527548
90719510
90813112
90838917
90933327
90991971
91062890
91118986
91122752
91312639
91379468
91524018
91632695
91808855
91900719
91975700
92095842
92178771
92314522
92328260
92364252
92520108
92670587
92772988
92799665
92885657
92933622
93076399
93192818
93272036
93408845
93486313
93615405
93713260
93775378
93856687
93887311
94059071
94121300
94141556
94241017
94292357
94396779
94439927
94600707
94643568
94711698
94766448
94957221
95007062
95245908
95287265
95425692
95472880
95555132
95717415
95843595
95943041
96094928
96170360
96310560
96441218
96602555
96704973
96830822
96882995
96974161
97087314
97120147
97292644
97449876
97462764
97549776
97695621
97885022
98004465
98141829
98157140
98347478
98481716
98574388
98627346
98747146
98761237
98948363
99009695
99074939
99181993
99292554
99381984
99464936
99524881
99623561
99744428
99909901
100058535
100259258
100320975
100339393
100508169
100630266
100751191
100827523
100891559
100980550
101049481
101229674
101382247
101485627
101621128
101637894
101726614
101800685
101897750
102014873
102115877
102264530
102378835
102462492
102612199
102683961
102871419
102993396
103146813
103246593
103401321
103486295
103693396
103739406
103791097
103929617
104129098
104216808
104363209
104466154
104643392
104679829
104802103
104969354
105020027
105090319
105251388
105278640
105349007
105517752
105678883
105811220
105940116
105998107
106128901
106208206
106249130
106378196
106400458
106505005
106629697
106768227
106945642
107045866
107216900
107264486
107399622
107518745
107522645
107597096
107677946
107814337
107899813
107991893
108069346
108213348
108301443
108419827
108544683
108617175
108714365
108824327
108899774
108996045
109135958
109170929
109298052
109325701
109445739
109536227
109656242
109785476
109829462
109946512
109999643
110159027
110335737
110357915
110406221
110479318
110629744
110781440
110844174
110943760
111008507
111060345
111176873
111244145
111340649
111539084
111671208
111792165
111974967
112015521
112198363
112354019
112400013
112682732
112745384
112824120
112895399
112932487
113024880
113101322
113207567
113319570
113391995
113476084
113485234
113639519
113690818
113748237
113848886
113890254
114035717
114104808
114150384
114160330
114217245
114235062
114370344
114430643
114608039
114708036
114766674
114785129
114852023
115017220
115104253
115270282
115373143
115555414
115778711
115869418
115954840
116017386
116055642
116090063
116230363
116274742
116352214
116575658
116654973
116758335
116853952
117010241
117053348
117232206
117315043
117371004
117462623
117547173
117667745
117776653
117815513
117926120
118034736
118147251
118253231
118320148
118382745
118421877
118554089
118640520
118721174
118747217
118881159
119035571
119179159
119369141
119526367
119690324
119842619
119969482
120075084
120167095
120280794
120401900
120521845
120550312
120683324
120836925
120996630
121130651
121261222
121329359
121472931
121544201
121645158
121732584
121789086
121957573
122116782
122149594
122290240
122349057
122372598
122452863
122475845
122682833
122824789
122957726
122993528
123177383
123268198
123303076
123412788
123471383
123564753
123657812
123762730
123863967
124001309
124112484
124237790
124379805
124484173
124564261
124692516
124862705
124898447
125065226
125162886
125280092
125354833
125413179
125498737
125617665
125685195
125713402
125782414
125966297
126084394
126146951
126366715
126480753
126602743
126699928
126813252
127001228
127038307
127159846
127331014
127464812
127571584
127680007
127781487
127822536
127913737
128100662
128140818
128206442
128268715
128286891
128446562
128559599
128675678
128812857
128851316
129003995
129048351
129069745
129168047
129268861
129414446
129473855
129584923
129628386
129780205
129819938
129962588
129974202
130048183
130121083
130221845
130363288
130434871
130490049
130620419
130633439
130691506
130803598
130969659
131124634
131249838
131398632
131409338
131469649
131604582
131737216
131855746
132034578
132041562
132081421
132191226
132194861
132384619
132508578
132558782
132738832
132785033
132827398
132961606
133027124
133255777
133446236
133609022
133626643
133693975
133720885
133835649
133901910
134009178
134191352
134374623
134406277
134555563
134731254
134828890
134904672
135046328
135086283
135164734
135288438
135393779
135472589
135701863
135815052
135932987
135989343
136117323
136236556
136305415
136369387
136438396
136440895
136539614
136695073
136834303
136901609
137089334
137175633
137334536
137392516
137504355
137615087
137711772
137796823
137853146
138022914
138139858
138336037
138348018
138531306
138636428
138749096
138809196
138930756
139107123
139181728
139287345
139350688
139522945
139576756
139731726
139828702
139895885
140005001
140114681
140327692
140569414
140666634
140794953
140994978
141075998
141092936
141172003
141229438
141360867
141403554
141505918
141537814
141752296
141921908
142102995
142212568
142333944
142484499
142577149
142706627
142804157
142910213
143062678
143188128
143328033
143400200
143594412
143678511
143796951
144030976
144093090
144183909
144240561
144342134
144381198
144523104
144724989
144818247
144897852
144922154
145012408
145196716
145202955
145267241
145344714
145521471
145630395
145736048
145855534
146038489
146084017
146188230
146379418
146502710
146601418
146675150
146806184
146920913
147029038
147112911
147238150
147352345
147358745
147566386
147654004
147819310
147970808
148105636
148210777
148336112
148490808
148600614
148694321
148822167
148895972
149008980
149090712
149139328
149237918
149321693
149452232
149559957
149636311
149793422
149860900
149994639
150099969
150284849
150444132
150625145
150821223
150940252
151183992
151342368
151449697
151516474
151797172
151825086
152007520
152130391
152328927
152438088
152630872
152765519
152813314
152856138
152918948
153019628
153055018
153176315
153219872
153370143
153542562
153691566
153713306
153864567
153998389
154152013
154215600
154251945
154310621
154447977
154556443
154588776
154771263
154863342
154914808
154980549
155188126
155279042
155356348
155465687
155550332
155652641
155697039
155777634
155829371
155930321
156102334
156207393
156330319
156348958
156450070
156548839
156636859
156779985
156873488
156967006
157095883
157173432
157303883
157423696
157499963
157638536
157727036
157848364
158024195
158050690
158168881
158300904
158392850
158468449
158565337
158683133
158776855
158891880
159065727
159182111
159317234
159431798
159633814
159728553
159736391
159871387
160001972
160021850
160055692
160079464
160266029
160314955
160471879
160627242
160735524
160845790
161040532
161145742
161236451
161301067
161401846
161435020
161533517
161670715
161808756
161845931
161958577
161984883
162138456
162207185
162333497
162437441
162524525
162564577
162582596
162636745
162800242
162857835
162951909
163097314
163158721
163252514
163423460
163551460
163591457
163713704
163729069
163842059
163969966
164011951
164142940
164212370
164279344
164396267
164585251
164690276
164773341
164825441
164993280
165100616
165145355
165163962
165283298
165397571
165544262
165700037
165848576
165957522
166002405
166154598
166367683
166410065
166526055
166712128
166810436
166862885
166881584
167042272
167210323
167288686
167333444
167447966
167555798
167614924
167730821
167857067
168056862
168163469
168238742
168269237
168309807
168470704
168529011
168662431
168756393
168904790
169006001
169159603
169282296
169319770
169454643
169497484
169599606
169771171
169864276
169931581
170082365
170155160
170181449
170248185
170248904
170333014
170432735
170515744
170545545
170742060
170812510
170904862
170969014
171127204
171217142
171362924
171486110
171584741
171734379
171832179
171879679
171929626
171932658
171935350
172036115
172164302
172279991
172419138
172672117
172778763
172837537
172921270
173039511
173168566
173349586
173442583
173544082
173669580
173743879
173902320
174011695
174095447
174211829
174226894
174267789
174406289
174463829
174534552
174688177
174848157
174994598
175147832
175274409
175431634
175591689
175601531
175637040
175768340
175940337
176050894
176132487
176237009
176423098
176558323
176685512
176747350
176862852
176979506
177148072
177230268
177298890
177398216
177522454
177663051
177718455
177787746
177941301
178081798
178289505
178481303
178514766
178553580
178636339
178696925
178820119
178864134
178976281
179060051
179161096
179235130
179332012
179414926
179474618
179595544
179654799
179777053
179866689
180012230
180074966
180134877
180244665
180320833
180410007
180475717
180551511
180600649
180801873
180877796
181027853
181152865
181223750
181321223
181334706
181406388
181442275
181564581
181627082
181693153
181784743
181872793
181992421
182148807
182264307
182290733
182452551
182532359
182606212
182786444
182986771
183051380
183195757
183315371
183423132
183574239
183639375
183703962
183827855
183899698
184139816
184153952
184331963
184445896
184473700
184544414
184685013
184775193
184872388
184942407
185072212
185137489
185345652
185449972
185533507
185685335
185797668
186018929
186187183
186234257
186261705
186342581
186448326
186565640
186607187
186722183
186742750
186784469
186890083
187048193
187231992
187353527
187521765
187614365
187769675
187927881
187991366
188081215
188134584
188293758
188296414
188422696
188477293
188618755
188651843
188653785
188785343
188866811
188976281
189037188
189130754
189145226
189252450
189398634
189531762
189616184
189811223
189882347
190040831
190144835
190273398
190389626
190529412
190682542
190926016
191104616
191269439
191464035
191574183
191728311
191891657
191988354
192106248
192199050
192340906
192524666
192609723
192735096
192787188
192830666
192871073
192918556
193074732
193148037
193261286
193375738
193526628
193624334
193778295
193884324
193974875
194086770
194133403
194251517
194388294
194423138
194586980
194667186
194837456
195022367
195175835
195322165
195446406
195521073
195606968
195740581
195816543
195948195
195979930
196060323
196207983
196302425
196439010
196466703
196539507
196626105
196730164
196820919
196887804
196894339
196943784
197039585
197133704
197228876
197367516
197494826
197556859
197677329
197764716
197875889
197915910
197971253
198196176
198379106
198504372
198560141
198753595
198882622
199058657
199278174
199420950
199524904
199686146
199777945
199895838
199923470
200051915
200203360
200311899
200385023
200466512
200504935
200687295
200856576
201071162
201114518
201177420
201206664
201367070
201475566
201581959
201643496
201732969
201855928
201991116
202081530
202248908
202422877
202559517
202632857
202747175
202863046
202987621
203085509
203162846
203372471
203385347
203533272
203629816
203681047
203734021
203853888
203982255
204135006
204215477
204277824
204415986
204549125
204588320
204608481
204762142
204901085
204970486
205117103
205224020
205362225
205444006
205603985
205707621
205752546
205781377
205916325
205996534
206006250
206135759
206283272
206354343
206478646
206563669
206700450
206779521
206827480
206977597
207162087
207285073
207309539
207437438
207547293
207644054
207727437
207894043
208154521
208205314
208458105
208610008
208693642
208868688
209022435
209176781
209248627
209331583
209418551
209531381
209572333
209713803
209778659
209853678
209961749
210018444
210107724
210228660
210294747
210358988
210489386
210681955
210789144
210906036
211059990
211171537
211267249
211305818
211361917
211526337
211675977
211730345
211745563
211891949
211970150
212033216
212198266
212341428
212355470
212432270
212506863
212600006
212715091
212870677
212984428
213124789
213232310
213397805
213506513
213652911
213774103
213894997
213949060
214067474
214155334
214194387
214311533
214353292
214514115
214604512
214745805
214858152
215001090
215113157
215198693
215349686
215464137
215484250
215526740
215647115
215674787
215798534
215838356
215913973
216046454
216155736
216309064
216423300
216468199
216533182
216558647
216591797
216709026
216784188
216866477
217016579
217158701
217337092
217483967
217587340
217684803
217777719
217875286
218008444
218105181
218212842
218271176
218439272
218485673
218661383
218734549
218759947
218791935
218876882
219089463
219221805
219288566
219428527
219461349
219579811
219649871
219758826
219900505
220008606
220124099
220271462
220398047
220518984
220689320
220747671
220832375
220855729
220966384
221050826
221084077
221187954
221271521
221307028
221397975
221522421
221619739
221686926
221765907
221934253
221962778
221992022
222081211
222303704
222391543
222570330
222712411
222799808
222896511
223016875
223197557
223250941
223368808
223528552
223586082
223645100
223724046
223806351
223912085
223951689
224026718
224131960
224155218
224261111
224366823
224383999
224499050
224573203
224669326
224862481
224908264
225083628
225249836
225425793
225495249
225665020
225725085
225888688
225931088
226076092
226215330
226276026
226358430
226467102
226603032
226801966
226966665
227017639
227282230
227393212
227470372
227609980
227610812
227688376
227788561
227887784
227927729
227989863
228038712
228114619
228186487
228344992
228396577
228517852
228589342
228706099
228795439
228831985
228947381
229008546
229088104
229214761
229370008
229396387
229481215
229488165
229587272
229741689
229782744
229963626
230032886
230092268
230196837
230314515
230427252
230476481
230642300
230718786
230800293
230905155
230933643
231121355
231136647
231233298
231304825
231317873
231388565
231586274
231713584
231788252
231955619
232031787
232123222
232206940
232344250
232378654
232507773
232607827
232731488
232863623
233013255
233046364
233154213
233296861
233349500
233445254
233552107
233651233
233752323
233836059
234039994
234170249
234336850
234446027
234570487
234652809
234783358
234868674
234988607
235012729
235108224
235115454
235269223
235337971
235447717
235483774
235658972
235766302
235873235
236072007
236214882
236343740
236381275
236617408
236712418
236859567
236915670
237024167
237086666
237198650
237338785
237429971
237586294
237673101
237793429
237905096
237955272
238073693
238155205
238332485
238432088
238513243
238586500
238649111
238749023
238820893
238897375
239008548
239179027
239325967
239563855
239741740
239810472
239941534
240115741
240230435
240322450
240469345
240572615
240700031
240732373
240805186
240868601
240938955
241027441
241088663
241163855
241269617
241373788
241487132
241652926
241806571
241893271
241895824
241967724
242003173
242087839
242160166
242241202
242354785
242485646
242634317
242693704
242727170
242802622
242872628
242941436
243069172
243203332
243319641
243424290
243567738
243607447
243761031
243891940
243940694
244057216
244129691
244187584
244335972
244429572
244587442
244688129
244763745
244830712
245024487
245030560
245082895
245084656
245149596
245152315
245269841
245326939
245484138
245620091
245650782
245812437
245847423
245871167
245965129
246080809
246145196
246281246
246453394
246533386
246589614
246746048
246950346
246978560
247145883
247269046
247353321
247390569
247487251
247634602
247760888
247913236
248012671
248123491
248172927
248286543
248385276
248491095
248615367
248733467
248795340
248842663
248911113
249053183
249186472
249212817
249365475
249425754
249516160
249589365
249686619
249760015
249860557
250027279
250060130
250156103
250184578
250229643
250265887
250298765
250455026
250496276
250593827
250603791
250695145
250792218
250883635
250914208
250947795
251065203
251102382
251185331
251216971
251325363
251445899
251564797
251681120
251854379
251921915
252025355
252113597
252210497
252369340
252512878
252627770
252729179
252839914
252975591
253012902
253106369
253223910
253308752
253469733
253680631
253857724
253964627
254048704
254163497
254298272
254450665
254558217
254718118
254762541
254874788
255019611
255120445
255201763
255224450
255277956
255413664
255546014
255653577
255716620
255823763
255890380
255915895
256073603
256309637
256465725
256526543
256543987
256562388
256621264
256710622
256815110
257031781
257050817
257112518
257160044
257312509
257352716
257381123
257535413
257547641
257699786
257911308
257996335
258125148
258253690
258405653
258485436
258499165
258556145
258556880
258663105
258741006
258790207
258964967
259138766
259265299
259399382
259470277
259554353
259569847
259679525
259813120
259886314
259985319
260079838
260219827
260308147
260467965
260485339
260558380
260564170
260682446
260924366
260942852
261066334
261134075
261221541
261334649
261419923
261502484
261587441
261676926
261818599
261877362
262025967
262126225
262201275
262423357
262510913
262566703
262571607
262626321
262639368
262817033
262879343
262974422
263103144
263153227
263200744
263353955
263442809
263505294
263599680
263713341
263905946
264049897
264080513
264171686
264208549
264276815
264398500
264469441
264537752
264624455
264731215
264904258
264952611
265077576
265169785
265279863
265336793
265413779
265442589
265495274
265570806
265609402
265666619
265728073
265734822
265784733
265860745
265998506
266105944
266190509
266313419
266375927
266610480
266656359
266815250
266855349
266962979
267063347
267164251
267283571
267349419
267461879
267594953
267687376
267844498
267988896
267990563
268143715
268165354
268240851
268372741
268507047
268646853
268733113
268832953
269026377
269147646
269262195
269396162
269470336
269547691
269715341
269794059
269837965
269968667
270055095
270174396
270212563
270261678
270312136
270495118
270626798
270665564
270763338
270990933
271013370
271133005
271163868
271302814
271339056
271369715
271503595
271607483
271719034
271738219
271936082
272082176
272255715
272465845
272578420
272724815
272896328
273004664
273091782
273139474
273189713
273319911
273495302
273614189
273672804
273819255
273885424
273965342
274104778
274279877
274352320
274379395
274478106
274582366
274661874
274838434
274914401
275010801
275124429
275273147
275371459
275460832
275621181
275777017
275946585
276045786
276248836
276279982
276379404
276415345
276599066
276711054
276791514
276872597
277021504
277126939
277246994
277298623
277377503
277464576
277582468
277593824
277726541
277867026
278006340
278109671
278114089
278179767
278226290
278331990
278394100
278491677
278654616
278812795
278934963
279071086
279199200
279329262
279384574
279396350
279448053
279456037
279546916
279565942
279749605
279899442
279937203
280038333
280166003
280261056
280324501
280398858
280474715
280567150
280620310
280701454
280820791
280979839
281016796
281075253
281147321
281255110
281415303
281559988
281713402
281882961
282001453
282129634
282294648
282407014
282509073
282734017
282827414
282960862
283128370
283236140
283334067
283464203
283532516
283569260
283701714
283805562
284007727
284183624
284243156
284352036
284501959
284530000
284654516
284710871
284849683
284899647
284985468
285136217
285217813
285374264
285548861
285673061
285797146
285902462
285992332
286072251
286232165
286388378
286565069
286721728
286783789
286867231
287043492
287195634
287366857
287409860
287451581
287495648
287578224
287611436
287706523
287746288
287874783
288007950
288107529
288110225
288184478
288305543
288353950
288442741
288458192
288536704
288614952
288667308
288747495
288858920
288958258
289055626
289158569
289283674
289288197
289440301
289631065
289690145
289799876
289892864
290018482
290071773
290172918
290241659
290354419
290488122
290656667
290767558
290851620
291017794
291183308
291302756
291380810
291525466
291615611
291756231
291870652
291994347
292100406
292113017
292192501
292289276
292354964
292391797
292483728
292691749
292751671
292907796
292976569
293031813
293127390
293251249
293327719
293405425
293566577
293641353
293832027
293874901
294052876
294219501
294393263
294448711
294589267
294749941
294927873
294973225
295107134
295201956
295247416
295353524
295404736
295563150
295701618
295826938
295937790
295998786
296096237
296288704
296375932
296410443
296524135
296629051
296876947
296972532
297076682
297126789
297290468
297345096
297413268
297544757
297590936
297728665
297869144
297952269
298108505
298212238
298317043
298420719
298487584
298626542
298722031
298836483
298906572
298937504
299023419
299125358
299270772
299371792
299492633
299605642
299763240
299799014
299836843
299949345
300059001
300137573
300171159
300257462
300343965
300451604
300526838
300585635
300759131
300916061
301034199
301236701
301425461
301464244
301531771
301683980
301709887
301856458
302025143
302109793
302235093
302416018
302504092
302522672
302612218
302688170
302819866
302829339
302903300
302967770
303005435
303198953
303357129
303448777
303558599
303764824
303871071
303953239
304055979
304165660
304237417
304324102
304403157
304491975
304651104
304701410
304818322
304974261
305052798
305073067
305121984
305241275
305364621
305509180
305635450
305822600
305912246
306022868
306166673
306283671
306338573
306537527
306625781
306733922
306815147
306947486
307083986
307204784
307312630
307411255
307486933
307518575
307626254
307730997
307890838
307954087
308085118
308184747
308327843
308402757
308483823
308620793
308773148
308845174
308960976
309102636
309215385
309303059
309322695
309559514
309618961
309642235
309745210
309798055
309846335
309974255
310019246
310113135
310178717
310318852
310413383
310469275
310540310
310704319
310786821
310935708
311101670
311148337
311262165
311385088
311460735
311628837
311712877
312010453
312103001
312164926
312177146
312220632
312367685
312442252
312567900
312715448
312861904
312937965
313120261
313264272
313281035
313388533
313429727
313534507
313606367
313723343
313827107
313918057
313972609
314028522
314068557
314175072
314278117
314451539
314555991
314594985
314753388
314874094
315036954
315083596
315299884
315411568
315469305
315581861
315613179
315693286
315794391
315892206
315935561
315984264
316081896
316174831
316370329
316415517
316549715
316557899
316727452
316877189
317004830
317055911
317184993
317260351
317395255
317488085
317566540
317698139
317712390
317791120
317900084
317995391
318098330
318192388
318286825
318391309
318423176
318495254
318626651
318663156
318726755
318835114
318954864
319026419
319163241
319326340
319366713
319445105
319462053
319497910
319617139
319649062
319795711
319903552
320029965
320093547
320099440
320166945
320267036
320306199
320426460
320579895
320749426
320910476
321024668
321132441
321262604
321324546
321455750
321561961
321706376
321784967
321899494
322030663
322118223
322183726
322238053
322343112
322383479
322551357
322590404
322836599
322903197
322989191
323034951
323051213
323085588
323133558
323217966
323317095
323414419
323427297
323567349
323621100
323759333
323849248
323944596
324002135
324030457
324110963
324313312
324496677
324596847
324652546
324804105
324852073
324874101
325016795
325093705
325187830
325223774
325245258
325355747
325427844
325657729
325717445
325871835
325978636
326148207
326275051
326404641
326557435
326611692
326762226
326855738
326935557
326959079
326999250
327179691
327320995
327410368
327518920
327539458
327632197
327731271
327826735
327930377
327948957
327994596
328155911
328312067
328322985
328400247
328438360
328538639
328589131
328696950
328816021
328888677
328945549
329009440
329122174
329257053
329288304
329365634
329412999
329623755
329702773
329783542
329873630
329956313
330080230
330184248
330228501
330327627
330378072
330507866
330650588
330711596
330837831
331049296
331125204
331176365
331205437
331362345
331472336
331515136
331630231
331794098
331906887
332024433
332115210
332310583
332375105
332550660
332728457
332811835
332920858
333101501
333264131
333266729
333382314
333422795
333454835
333505411
333568598
333655371
333819887
333919862
334021332
334124622
334259218
334421261
334441086
334548592
334631359
334772886
334837255
334967845
335021480
335202354
335271936
335403423
335469965
335596977
335633877
335736465
335839313
335928957
336020252
336079064
336230447
336353602
336462383
336528896
336640211
336763381
336793241
336930684
336996823
337134236
337179741
337237243
337364179
337438507
337545137
337679375
337807395
337896476
337932350
338001356
338054712
338121418
338250459
338318479
338380348
338668486
338753109
338904753
339004421
339109644
339122318
339301591
339455141
339560559
339679788
339783020
339825129
339891993
340054970
340145655
340230537
340290919
340296542
340410371
340551522
340693165
340782162
340874237
341074169
341082812
341250151
341276409
341388296
341436777
341544735
341656465
341799269
341900858
341988675
342050206
342133174
342219631
342314447
342366491
342505113
342578065
342664790
342800337
342834431
343010614
343131379
343305341
343439081
343531257
343670865
343778420
343907052
343985008
344171848
344238118
344314232
344396171
344439534
344554890
344665625
344771852
344856480
344971136
345033702
345154730
345200469
345286503
345439917
345589114
345738991
345876541
345911469
346043784
346050634
346103757
346178827
346216047
346277741
346486652
346647604
346722249
346748585
346809502
346866342
346949480
347061269
347211050
347255741
347479030
347606697
347608684
347614194
347764703
347798092
347928908
347959170
348092161
348170828
348260066
348301621
348453223
348574978
348681015
348720718
348903752
349065442
349134831
349284376
349407644
349499824
349616430
349821289
349891571
349942275
350146102
350164937
350303149
350304432
350393842
350428277
350463567
350574503
350708436
350799570
350969614
351098173
351194955
351339044
351434423
351461349
351570411
351628319
351718562
351771618
351852210
351945208
352008364
352169468
352292559
352386086
352481859
352521148
352572129
352657344
352825994
352947786
353048332
353110880
353210225
353281216
353413045
353462774
353627187
353687670
353769668
353891448
353982816
354044571
354264591
354314722
354401546
354591093
354687319
354796976
354887014
355099799
355187817
355245149
355489966
355619573
355681300
355733627
355738411
355807136
355877935
355992999
356080215
356191787
356302193
356439009
356580931
356685353
356797059
356875335
356984504
357167820
357235078
357431945
357543522
357608011
357864258
357892222
358025398
358120047
358256368
358301386
358424228
358457052
358569288
358672171
358797393
358933154
359060822
359180653
359236961
359357321
359489503
359585131
359744569
359830523
359969757
360072472
360156030
360206490
360304335
360388192
360495858
360603195
360775275
360913145
360948159
361028033
361164306
361302149
361436661
361552702
361638150
361763297
361910079
362019306
362101463
362296534
362421647
362497400
362510288
362607608
362676043
362798309
362856616
363011738
363109843
363131463
363220132
363422232
363512443
363651040
363703596
363870726
363941579
364097125
364172015
364209157
364316160
364412755
364566259
364685721
364740810
364839502
364908833
364926900
365030869
365139975
365213157
365389637
365475652
365663668
365799614
365938174
366085315
366184540
366299841
366350590
366461399
366588875
366721509
366784932
366906570
366942427
366968651
367024126
367076967
367153478
367257758
367386315
367479870
367660664
367763336
367856660
368002956
368188854
368300672
368451282
368540820
368719715
368821424
369000700
369059983
369146607
369267391
369447055
369455132
369491398
369591112
369769650
369910852
369914075
369959572
370099648
370143120
370217031
370262877
370385289
370526492
370723927
370783765
370838242
370855421
370892610
370962564
371156006
371225819
371296905
371302536
371420277
371583377
371737534
371787033
371810485
371919754
372025031
372085720
372171173
372204690
372302812
372392922
372453675
372537735
372625957
372730497
372774856
372871352
372915054
372998615
373023059
373184246
373342595
373367553
373442137
373459920
373549401
373653265
373699058
373834929
373861546
373967104
374032742
374056977
374162800
374256739
374369155
374506030
374619627
374806840
374971967
375122865
375212250
375405048
375446867
375590957
375727455
375761703
375864256
375960332
376097149
376190031
376288345
376400660
376523995
376597723
376711575
376840111
376954201
377064661
377176698
377369874
377427323
377503482
377773222
377899663
378012719
378045461
378186810
378222682
378426721
378594940
378702449
378788938
378865195
379052091
379165707
379172790
379277528
379438766
379519134
379581496
379719134
379907087
380188607
380328155
380510522
380553952
380650433
380778607
380918058
381077772
381171142
381346608
381476701
381581539
381611433
381629086
381726648
381791926
381935808
381949022
382033683
382194161
382299396
382452376
382491916
382625830
382713799
382715437
382775068
382801263
382913797
382947150
383066214
383143104
383186948
383316799
383438475
383548632
383677328
383849130
383950244
384056009
384168637
384275941
384344231
384413538
384480876
384525194
384686845
384752442
384823239
384886625
384950088
385070087
385105217
385166000
385247275
385375602
385396530
385549554
385610723
385741736
385798114
385818459
385822798
385869143
386053869
386125918
386208726
386331790
386514554
386608894
386721667
386853924
386969394
387060705
387175120
387224306
387361222
387406123
387507181
387653684
387705723
387822514
387954364
388179376
388247765
388313836
388352514
388408967
388555017
388709825
388787457
388899859
388991276
389139133
389243116
389420133
389534248
389601194
389806516
389930540
389977835
390070741
390152726
390208749
390281784
390455875
390481827
390588077
390695890
390776823
390855245
390950422
391080946
391177211
391218561
391358089
391466694
391643825
391742790
391823455
391944191
391983729
392057214
392227549
392366115
392484323
392599313
392701258
392797638
392901907
393063281
393117103
393187559
393304543
393414569
393477311
393545431
393713052
393856415
393968341
394123927
394255259
394347662
394481155
394542184
394582862
394642724
394733796
394865654
394928557
395034771
395170043
395273661
395339252
395378167
395436855
395556785
395588033
395615994
395707759
395800986
395896206
396005915
396097476
396210235
396311875
396404378
396513513
396574217
396697232
396901774
397061865
397184640
397295413
397391762
397525970
397601781
397705288
397855419
398041801
398071405
398171729
398280093
398399678
398496082
398635085
398673674
398679144
398744320
398879715
399029944
399194286
399362015
399382057
399488897
399636931
399785407
399851772
399983889
400067655
400225554
400398522
400573014
400676683
400802434
400867403
400987448
401080364
401251929
401334524
401427465
401450588
401542223
401618587
401700375
401715934
401859077
401985175
402051834
402136143
402167442
402193094
402321449
402372715
402454913
402569662
402651382
402740166
402863866
402903731
403066991
403173427
403209438
403317256
403453422
403554817
403648514
403817650
403864913
403959176
404046772
404214360
404295802
404472307
404551176
404640574
404765541
404850581
404973616
405041794
405192445
405365298
405407975
405638241
405730858
405759737
405917292
406030529
406139229
406315146
406399103
406523683
406701188
406825593
406848568
407015634
407118052
407244285
407397798
407485759
407578949
407758100
407943251
408001334
408098795
408119475
408204580
408255034
408354860
408492423
408504358
408595963
408708882
408878687
408932976
408990071
409132567
409154473
409234106
409322805
409390187
409519025
409690010
409790184
409820209
409852870
409957387
410029644
410062818
410183175
410229903
410359829
410403940
410451228
410549556
410604730
410736127
410881357
411035260
411167598
411266238
411345471
411395049
411449405
411548832
411664464
411853974
411867607
411968977
412118391
412177174
412237166
412298248
412373652
412505756
412663663
412699327
412793535
412863584
412926393
413051835
413178630
413309625
413452929
413512731
413637054
413821728
413897425
414061526
414156385
414236861
414451278
414647490
414728330
414897127
414989180
415102099
415121712
415249493
415376544
415455023
415496643
415612933
415708628
415807397
415875647
415932547
416075632
416121867
416252592
416409284
416485591
416600632
416798424
417019810
417060658
417203791
417329577
417413901
417456239
417525345
417611850
417667783
417779170
417894399
417978544
418166207
418222540
418378029
418485653
418664446
418767584
418799985
418986248
419091694
419197028
419327882
419466907
419573062
419784680
419934406
419969898
419992638
420104738
420190471
420315206
420516376
420617772
420691369
420788140
420916706
421106046
421255274
421409308
421494834
421590604
421744256
421877544
421976556
422118850
422132082
422218638
422362336
422493002
422560156
422760847
422885571
423057446
423167699
423220727
423277240
423367342
423447157
423579639
423703141
423758400
423822068
423931282
424052618
424219238
424287197
424502920
424615169
424647968
424736845
424821516
424899058
425040247
425139563
425267580
425440552
425568415
425655256
425704315
425855952
425977131
426093852
426180966
426308692
426345913
426409425
426492953
426598775
426725050
426874645
426970450
427069413
427248394
427271706
427339018
427423641
427570725
427764539
427802995
427919333
428080209
428172042
428341665
428470293
428602572
428655541
428662359
428830764
428914654
429024416
429147436
429295735
429456831
429518465
429598809
429669896
429792501
429922982
429930238
430044584
430054864
430172878
430211281
430368127
430482432
430687137
430835100
430917978
431097868
431225138
431281685
431405807
431517365
431614157
431701196
431708405
431834079
431912345
432028598
432036317
432169892
432241078
432373394
432575197
432641875
432689257
432805684
432817708
432876118
433041790
433168263
433300950
433404160
433549057
433716652
433814779
433855807
434087262
434312033
434366725
434454893
434587708
434637163
434751301
434922008
435035015
435059813
435222295
435338647
435381064
435463152
435604309
435791480
435864232
435982657
436115019
436154223
436202348
436292713
436450447
436584195
436635212
436703561
436852893
436992242
437046251
437103004
437271185
437303166
437424428
437495640
437612159
437753024
437895013
438003967
438097950
438213971
438336838
438534217
438680065
438755808
438977588
439046058
439173440
439336342
439451742
439548454
439669214
439817195
439939070
440067706
440081063
440209597
440290179
440382435
440491080
440724605
440855147
440931918
440941728
441020362
441038941
441133692
441313590
441454980
441546581
441624716
441738561
441839193
441937275
442003176
442139390
442291717
442333465
442431161
442578893
442730166
442798656
442892516
442956115
443032545
443134982
443212771
443301593
443410560
443499078
443576600
443693911
443746396
443782029
443961669
444078621
444147152
444272088
444368939
444458975
444653969
444685826
444775538
444858305
445030443
445163764
445350191
445497319
445566119
445760196
445875625
445951399
446049142
446108340
446188762
446280146
446391751
446519995
446680129
446684802
446751587
446819761
446875207
446919920
446974728
447109392
447170594
447289637
447453027
447601651
447728757
447868222
447977806
447997924
448050149
448090744
448194682
448272436
448429214
448440256
448485703
448590968
448662011
448777895
448900717
449027528
449271512
449341952
449464632
449594174
449642458
449658983
449840840
449922302
450030179
450127170
450233876
450285342
450452829
450563648
450724218
450813530
450910995
450991763
451054005
451161860
451345408
451439579
451560604
451715052
451835798
451899259
451997979
452171148
452222280
452422111
452562172
452639772
452716717
452834898
452865536
453046751
453158889
453259680
453465818
453595893
453687232
453874123
453965303
454094811
454128242
454231754
454311168
454457589
454587908
454690851
454789445
455003585
455067064
455257515
455382486
455523606
455643124
455732632
455806847
455956669
456084187
456254157
456283750
456431516
456463797
456493355
456563300
456650622
456812651
456850843
457024861
457208075
457417963
457515393
457673266
457754343
457955444
457991695
458113073
458187921
458258160
458331437
458428534
458503065
458606295
458717936
458882466
459038896
459093905
459134127
459162957
459232318
459286056
459303423
459325236
459378331
459530103
459653766
459771939
459781898
459895048
460028134
460181232
460312499
460398390
460520029
460662637
460754556
460913319
461032527
461049754
461161868
461252293
461332314
461423421
461564872
461649661
461748883
461917789
461962798
462005798
462105704
462262444
462303567
462325846
462523189
462586645
462618961
462740400
462876853
463024406
463179200
463221940
463302124
463356961
463452878
463483839
463518421
463613076
463730746
463838975
463966590
464126859
464276947
464419758
464534186
464716161
464763799
464875636
465008527
465081676
465133858
465237335
465346173
465375289
465523906
465664150
465889881
465955457
466117772
466167064
466289496
466462372
466643163
466756509
466828397
466840548
466976551
467084036
467200231
467375486
467525726
467553299
467603057
467692218
467813464
467886829
468092131
468239136
468250630
468383130
468505276
468556462
468626558
468730300
468880954
469007726
469110167
469197750
469310110
469404023
469534087
469597993
469765553
469815687
470028582
470141429
470271565
470529715
470643612
470741483
470896581
470932823
471050323
471127566
471181330
471268515
471448904
471573301
471691614
471799647
471865900
471912440
471995560
472077521
472107529
472181235
472311413
472363269
472438221
472507478
472639415
472673371
472834775
472980245
473088564
473192753
473311722
473407790
473432234
473482465
473623222
473810257
473863764
473885754
473970795
474062456
474175130
474209081
474327573
474410856
474521728
474714156
474743502
474821743
474879360
474918688
475156567
475265553
475379488
475491619
475532255
475652110
475797456
475947648
476108517
476189544
476356795
476441667
476603790
476647120
476692982
476841655
476965347
477068120
477113868
477186777
477288329
477452546
477566937
477658174
477755938
477847721
477900919
478035027
478152987
478247788
478265783
478358246
478538825
478683129
478817631
478893999
478921488
479093341
479199240
479315190
479451479
479582957
479612185
479702417
479782577
479907527
480006024
480125261
480200007
480342727
480489161
480593409
480759424
480835968
480963616
481056076
481165015
481204652
481280491
481357882
481422143
481456322
481529343
481662851
481772904
481823551
481906001
481923117
482107625
482215146
482363683
482409384
482537957
482604122
482695791
482792598
482937537
483085261
483302578
483357942
483433642
483504415
483667043
483785871
483923704
484048710
484232783
484374809
484476610
484524624
484647449
484759598
484871722
484983584
485096684
485180484
485195025
485268763
485403745
485449049
485589540
485667999
485786751
485943848
485981263
486129061
486295919
486365888
486434209
486528582
486620646
486719846
486802160
486888286
487084008
487167042
487304827
487375664
487423789
487525149
487665822
487800538
487934932
488112504
488196077
488397548
488514138
488636909
488812356
488817636
488875041
488912535
489033937
489060007
489125214
489241251
489349441
489476857
489615178
489693437
489819561
489956375
490100457
490185863
490226707
490420954
490442114
490500358
490644827
490721421
490826031
490932303
491015998
491189367
491257251
491355711
491426955
491524413
491614347
491785483
491913966
491972563
492050040
492140765
492324326
492352969
492416725
492446325
492596714
492747954
492910565
493015919
493098648
493158178
493237071
493289312
493338229
493448564
493646266
493698172
493813691
493978916
494225165
494316807
494471319
494490208
494543300
494620561
494719532
494899504
494928012
495104076
495226748
495276706
495368030
495385821
495576534
495630319
495748075
495893241
495966600
496052527
496106799
496289746
496461034
496644952
496757022
496866094
497007744
497138819
497361228
497406677
497477865
497568748
497618602
497730066
497824361
497986584
498126955
498211318
498257264
498314378
498343225
498482991
498507322
498688699
498733791
498874183
498938250
499045774
499171932
499276685
499386988
499435934
499547280
499628289
499732890
499837450
499862241
500010549
500127491
500236002
500280784
500387211
500447257
500654434
500778243
500858144
501011222
501141061
501200405
501365620
501491263
501598182
501627026
501675496
501714682
501765092
501901428
501992123
502061743
502239971
502375570
502587579
502714771
502808962
502840991
502915966
502932334
503040264
503259131
503323113
503425122
503463269
503539146
503650594
503798981
503832825
503978088
504117534
504267170
504475208
504572036
504666050
504801497
504864644
504939156
505071870
505205954
505307898
505456829
505566777
505595201
505638620
505738188
505919348
506028346
506130106
506199594
506253004
506326639
506393334
506432591
506593505
506676283
506827090
507013360
507126379
507202505
507362649
507527657
507671150
507705233
507879421
507981082
508178436
508290080
508328161
508390050
508561918
508668334
508790120
508814139
508974096
509073111
509153308
509284069
509393726
509549012
509584959
509719324
509869489
510029407
510208394
510247762
510367796
510445839
510605341
510703827
510878495
510981988
511001850
511148354
511298099
511377895
511532940
511690474
511748322
511921749
512041649
512192510
512323268
512409101
512452804
512592520
512657033
512810092
512881254
512982550
513047957
513172952
513350101
513484155
513674649
513753748
513804641
513942265
514068491
514134571
514209389
514220514
514326078
514398368
514458025
514487326
514597941
514604725
514752149
514869046
514950448
515058228
515102431
515204832
515257666
515381056
515522347
515654264
515782682
515868451
515977207
516144490
516195887
516252283
516259052
516458431
516594364
516637572
516768911
516845783
517045681
517099753
517215460
517304905
517431975
517555418
517661686
517783400
517898907
518101388
518223542
518299534
518341266
518411062
518573818
518688275
518727256
518774773
518891096
519035206
519217381
519264968
519349186
519427677
519549646
519658165
519837514
520026133
520155052
520192502
520249393
520460287
520644658
520725739
520772424
520876516
520978469
521134258
521255713
521360687
521420156
521603428
521704820
521775117
521922045
522115079
522210088
522254573
522374077
522466638
522601117
522673607
522754398
522890683
522934343
523038999
523179600
523335604
523407473
523522287
523631471
523748634
523879778
523961117
524085875
524226267
524377321
524527232
524669630
524779001
524903955
525019891
525188145
525268110
525336643
525444150
525484724
525596065
525649149
525784739
525894514
525953716
526030262
526148885
526262379
526340352
526431671
526490841
526526899
526675819
526748966
526883890
527002861
527084281
527293188
527369892
527436862
527526553
527663582
527784679
527883328
527917805
528006797
528208067
528286162
528335566
528439974
528475947
528579488
528674623
528835943
528941261
529012245
529089670
529181711
529448409
529545286
529712779
529868457
529953262
530007179
530062291
530273125
530407797
530526600
530630733
530710500
530793321
530915597
531026588
531124667
531238692
531341425
531505140
531630912
531739294
531828068
531896932
531995287
532067464
532230606
532354914
532518554
532561675
532609843
532744254
532752425
532858405
533055628
533132663
533251587
533330081
533444926
533570474
533639657
533723545
533832752
533857752
533919938
534050667
534172634
534331679
534410819
534561637
534649448
534713434
534825200
534909131
534976654
535089691
535252311
535308641
535424853
535567665
535652266
535672007
535830102
535931506
535984975
536065594
536214945
536268661
536355555
536459571
536570946
536703593
536775222
536784977
536956218
537123661
537281382
537352254
537414243
537460223
537586257
537686705
537720181
537832542
538058367
538183275
538287949
538386972
538546026
538622413
538733481
538798480
538948205
539068386
539250485
539372246
539388102
539467593
539617453
539728064
539798324
539930766
540136766
540250956
540368444
540488389
540555805
540589651
540646734
540710269
540845601
540908172
540946363
541146016
541291553
541459901
541549948
541655760
541784849
541903890
542056636
542135641
542306083
542334500
542452673
542632226
542768023
542896488
542947155
542988230
543032501
543152006
543174970
543275074
543337050
543389940
543458900
543482550
543585749
543695709
543867287
543902768
544011780
544156835
544183816
544270610
544403152
544496714
544589687
544743860
544890819
544932105
544947527
545097884
545257682
545439048
545558258
545706734
545790326
545880854
545955290
546022799
546096189
546133731
546170169
546315845
546409868
546518889
546578957
546760303
546894688
546957725
546980048
547155615
547275495
547364329
547480353
547575006
547631046
547728923
547814566
547968098
548066783
548144667
548275927
548334422
548445890
548486487
548674436
548766950
548869430
548951769
549030096
549169016
549215096
549279592
549460350
549533657
549596933
549650581
549719111
549860139
549944205
550090772
550218010
550292486
550408137
550487630
550601618
550729282
550787470
550802791
550857477
550986463
551087484
551128611
551227908
551284366
551405034
551589855
551655682
551755637
551839470
551924416
552082522
552169932
552210436
552337698
552478919
552618255
552639845
552791389
552867711
553019302
553167558
553267465
553362665
553543442
553586910
553673071
553819248
553836044
553850401
553948241
554014997
554108407
554129319
554292858
554465786
554636661
554682291
554808296
554837333
554856958
554972178
555053608
555107979
555301127
555442270
555498005
555611729
555686669
555737978
555812365
555847205
555925839
556074963
556104045
556187225
556192456
556266483
556349057
556419746
556572402
556686833
556878023
556981793
557061078
557177997
557244835
557387326
557480503
557567274
557688215
557791325
557856682
557937918
558031548
558065290
558123289
558209294
558343736
558513746
558681597
558761870
558856518
558911899
558952788
559011691
559117905
559132755
559250471
559269586
559359529
559495940
559632012
559708484
559764824
559879370
559996491
560109629
560147097
560223389
560287580
560318929
560396172
560445359
560563261
560724182
560794485
560843623
560967065
561120769
561153451
561338641
561433427
561503066
561605887
561818633
561998645
562041467
562163652
562193363
562341117
562493302
562543943
562645286
562736647
562853948
562983075
563043877
563224762
563281864
563484546
563536444
563587762
563681472
563776543
563884318
564010230
564186860
564323623
564376097
564488455
564661396
564717782
564929713
565060354
565111186
565112664
565201395
565309415
565411584
565568395
565675411
565739244
565890735
565938222
566018531
566118219
566200911
566361572
566474826
566642602
566764767
566834246
566889925
567007974
567109493
567189942
567216433
567230428
567322955
567327685
567424163
567556178
567690974
567800844
567906936
567987616
567991440
568107866
568134048
568273715
568388644
568519743
568624395
568781031
568969821
569083666
569195955
569315826
569383394
569550930
569698299
569817970
569959081
570081507
570236383
570361190
570413328
570454349
570511161
570652854
570704609
570854419
570978491
571113812
571164962
571256014
571371645
571543440
571602352
571724059
571819107
572026864
572197091
572297557
572450055
572558112
572670601
572780070
572913071
572988302
573116287
573261329
573333704
573488347
573595922
573791583
573829717
573915393
574019908
574212061
574343494
574549500
574582863
574660437
574756286
574838787
575001185
575090424
575267274
575398181
575543233
575622565
575790756
575922051
576015488
576182608
576212413
576374804
576438446
576622431
576643787
576732209
576807367
576910870
577045109
577200153
577296529
577303779
577367341
577409616
577476890
577542794
577571082
577597854
577669939
577788131
577813363
577846524
577938958
577967855
578081448
578158181
578274846
578406664
578473307
578503696
578548722
578694990
578835468
579010252
579096404
579172737
579297197
579369832
579443615
579553864
579642737
579671009
579807827
579838426
579940319
580145100
580318436
580431439
580521510
580589187
580780827
580898900
581080057
581180213
581206937
581342090
581403643
581573378
581687038
581787731
581870876
581916567
582084901
582202420
582289249
582432959
582538321
582660306
582806801
582877271
583000967
583130112
583241823
583302803
583401894
583469365
583574779
583705125
583780259
583886272
583891105
583956244
584042197
584148244
584178031
584249845
584329902
584421012
584525414
584605195
584723714
584765999
584862182
584916606
585013521
585130331
585247222
585288688
585360088
585452643
585586976
585695683
585736574
585835725
585972422
586060258
586186817
586265539
586390815
586429333
586451720
586499780
586658968
586702783
586820977
586886943
587081807
587240289
587313920
587359687
587527453
587676932
587687242
587800208
587865459
588075853
588239302
588281215
588378579
588406000
588499848
588570551
588749486
588788374
588900457
588967998
589075863
589142553
589284784
589398419
589482552
589585188
589681454
589767816
589907890
589966355
590144526
590352893
590513998
590536570
590568563
590687037
590776602
590869929
591017807
591045657
591144022
591300397
591364530
591513995
591585095
591650179
591723063
591786547
591860104
591945227
592038075
592144547
592234304
592328511
592448853
592567806
592693345
592839904
592913032
593021332
593188713
593285464
593430682
593601013
593688491
593814253
593959250
594087942
594194054
594235392
594367790
594531580
594539261
594629059
594761769
594814601
594950524
594988997
595128378
595229802
595294170
595402780
595539574
595584425
595669054
595750003
595960506
596033019
596112410
596235141
596373902
596526020
596567363
596760367
596882734
596918306
597096767
597219817
597284602
597331061
597467428
597628770
597672810
597822009
597958035
598068645
598179557
598273034
598441929
598514439
598674266
598756289
598860950
598937415
599032582
599088524
599159062
599261450
599298383
599432785
599464825
599501119
599591473
599749538
599848693
599992900
600055671
600169352
600275155
600401703
600480492
600510194
600624838
600940278
601017213
601023684
601164958
601263535
601406479
601533236
601610116
601691284
601879001
601979206
602016104
602101460
602177281
602261390
602350268
602444809
602597065
602715305
602831427
602925434
602981987
603027063
603119506
603232233
603346068
603373893
603453112
603522588
603644130
603759906
603814563
604039628
604047618
604108205
604290759
604391158
604538872
604740568
604889020
604971766
605046919
605172381
605211136
605260921
605384772
605588958
605657716
605805523
606005720
606096872
606185406
606306671
606379916
606455204
606557435
606663562
606757603
606899349
606939768
606950181
607054884
607142406
607262070
607326112
607463061
607572472
607653791
607707112
607952425
608078759
608143139
608269652
608354468
608431612
608578380
608673058
608744562
608932783
608952027
609107329
609267755
609454154
609473214
609580388
609699884
609787755
609861618
609888882
610044942
610161889
610228859
610364146
610483053
610583609
610626249
610698931
610790519
610870475
610974562
611036617
611187906
611244791
611317952
611371970
611593959
611656301
611828945
611945727
612034324
612092843
612190665
612273616
612306741
612385544
612488796
612629746
612700583
612804045
613000266
613136026
613273609
613427860
613494149
613636780
613747116
613867973
613936729
614071872
614169097
614217822
614319698
614435266
614566669
614672194
614841889
615026705
615113448
615220090
615453328
615587482
615617248
615675330
615706890
615817345
615952555
616050622
616116304
616260271
616386541
616483754
616592783
616774530
616921873
617058594
617181729
617233066
617283349
617319245
617426039
617544024
617656008
617747926
617828822
617924830
618004685
618120329
618229401
618252394
618393531
618532252
618727764
618885510
618974952
619092687
619190687
619433858
619607091
619756763
619917678
619984343
620204387
620293910
620346754
620449976
620642559
620736329
620803429
620979721
621099737
621236260
621338246
621447416
621513851
621580986
621757736
621893558
621992944
622109760
622279095
622402188
622437135
622494742
622662043
622747749
622939834
623029768
623059790
623276277
623377253
623475876
623618900
623668642
623763659
623949666
624079716
624150998
624300103
624390378
624527958
624592061
624743540
624785305
624821712
624971631
624991720
625123785
625192203
625279363
625414715
625463253
625490598
625529652
625630182
625663582
625729601
625894374
625986236
626090515
626127432
626166740
626378768
626425894
626490396
626543695
626649496
626786584
626847029
626893234
627045342
627093637
627168340
627225767
627342589
627405287
627559737
627688073
627767884
627897563
627990028
628142859
628223803
628331801
628419784
628466114
628587209
628756536
628805661
628920448
628971303
629100107
629217893
629301452
629438509
629491425
629575256
629591564
629623403
629740565
629854460
629889247
630059958
630143451
630326502
630515455
630608696
630812936
630879963
631007315
631143957
631277705
631429147
631518760
631641518
631717194
631858182
631971893
632060537
632127069
632217994
632393727
632577960
632648950
632715716
632980787
633083903
633156206
633295905
633308391
633451247
633580885
633713765
633792976
633820001
633957176
634059434
634154847
634278125
634337543
634478759
634608157
634720355
634796998
634883903
635003061
635243616
635302400
635325893
635427060
635543719
635650576
635695078
635831609
635916424
635986553
636054677
636244102
636328872
636392717
636418725
636525089
636693871
636768765
636909583
636999963
637164757
637232130
637310247
637354509
637470201
637534742
637684297
637786142
637902816
637996405
638145191
638372494
638489192
638587866
638746492
638823545
638984473
639003621
639167668
639294110
639448281
639541918
639585320
639681480
639805979
639834884
639957518
640040791
640108770
640122590
640275783
640364353
640518856
640537947
640589552
640629550
640669302
640780340
640925875
640943684
641023109
641129595
641278861
641408668
641465526
641574984
641730126
641868611
641920330
642056582
642253322
642360829
642536060
642557779
642618819
642711467
642907666
643063865
643117883
643230972
643365583
643538677
643539301
643595320
643695584
643770215
643776316
643918839
644008099
644143689
644232473
644315434
644382935
644478052
644617456
644632331
644771957
644804020
644841651
644983287
645118177
645241879
645337151
645445639
645536087
645619860
645676093
645754716
645853923
645944819
646123538
646239995
646337225
646345593
646493201
646644362
646742007
646790413
646797616
646891124
646975793
647123934
647227398
647303889
647401617
647448050
647588894
647731749
647800821
647934531
648074091
648114892
648221603
648367609
648450531
648518136
648691983
648829860
648970458
649032215
649129990
649256842
649490427
649526737
649601666
649666717
649723432
649875287
649978591
650130217
650185569
650224831
650434526
650662167
650726100
650783349
650914277
651078112
651169999
651356868
651383634
651537327
651621528
651721445
651818105
651935991
652068148
652106579
652163401
652305756
652479630
652612164
652691642
652751180
652852686
652892383
653008450
653148200
653272597
653371759
653432501
653571593
653596370
653772114
653901378
654093586
654247885
654332110
654428870
654515558
654593610
654721970
654859954
654953317
654996840
655082481
655219828
655320383
655329560
655435217
655537270
655657932
655731091
655802798
655883540
656041683
656132218
656206854
656302076
656351620
656423467
656527555
656668703
656870680
656975656
657081147
657107467
657379954
657389031
657409855
657460027
657508328
657672603
657733927
657855716
657927309
658056244
658177768
658224311
658273888
658340963
658458410
658551453
658655264
658707701
658843405
658851268
659014793
659218954
659319418
659453803
659495157
659561243
659672105
659685349
659727644
659822585
659949532
660123882
660235137
660414136
660524078
660610365
660661859
660799791
660993496
661150414
661176367
661209729
661320496
661362648
661490127
661551687
661679082
661851003
661937939
661960133
662034675
662177450
662220383
662348301
662469651
662621883
662766355
662951825
662976641
663036851
663186072
663292434
663321051
663368066
663485529
663649100
663811567
663909596
664056151
664178102
664203919
664387620
664460539
664500632
664547610
664681506
664777783
664885350
664954020
665053169
665215232
665249199
665394453
665448155
665462220
665590249
665615420
665660164
665728909
665882337
665936306
666015657
666133686
666205355
666262385
666322499
666400442
666443401
666539601
666609508
666723371
666804950
666934192
667083532
667119907
667229537
667269971
667424114
667519084
667737137
667841697
667969517
668076497
668196273
668300400
668428970
668475086
668593970
668673907
668829525
668902925
669026705
669107948
669164900
669341099
669474545
669594455
669695334
669817545
669920394
669990414
670088689
670176317
670258049
670433129
670559248
670703662
670788216
670918036
671013804
671052731
671126369
671282513
671462238
671602489
671625969
671756041
671886780
672032001
672056619
672225532
672292909
672418510
672505633
672573433
672694845
672726059
672826493
672951807
673073447
673225243
673272334
673296155
673388463
673486897
673568264
673642689
673848098
673919867
674070487
674131587
674207140
674299695
674414199
674535208
674681341
674829117
674920066
675022995
675142856
675323806
675405080
675492285
675703628
675808628
675808850
675892837
675904649
676051767
676145843
676276359
676460555
676508531
676639793
676748632
676948849
677108859
677238580
677395118
677532926
677590138
677652491
677785561
677959996
678002960
678207246
678366603
678432578
678602844
678655913
678695185
678803826
678888230
678935676
679048510
679119884
679241084
679319574
679480765
679588963
679749193
679869312
679913307
680059836
680111830
680129307
680167180
680284163
680367118
680406169
680447211
680524229
680708803
680850268
680963219
681036342
681145962
681294992
681422887
681534343
681718218
681811841
681941420
682069509
682151671
682278652
682416255
682535933
682571486
682577384
682710396
682885427
682947459
683045587
683193794
683275660
683405707
683521948
683600114
683829427
683966006
683997501
684122592
684245453
684351257
684410451
684488528
684551807
684648153
684782429
684862834
684905531
684958083
685011770
685153740
685325936
685444442
685526167
685568560
685686447
685806428
685936660
686039631
686152048
686273678
686475479
686629197
686747378
686855896
686994775
687026385
687192063
687280960
687394999
687473820
687603686
687801806
687855112
687899529
687920741
688085208
688212248
688308125
688471866
688563268
688716238
688872813
689040031
689101764
689107155
689137406
689224051
689430804
689555041
689637446
689758864
689894793
689960534
690079067
690136664
690166771
690302202
690396742
690478297
690650199
690752641
690768620
690885891
691068465
691092481
691269712
691398776
691462620
691560944
691648449
691714946
691863650
692022174
692121109
692166828
692263271
692382602
692452650
692565746
692650252
692830837
692946293
693121438
693230640
693249506
693394640
693472854
693556043
693723097
693787813
693833089
693931526
693983893
694141517
694283025
694456612
694625080
694685245
694770240
694835328
694893840
694981501
695018529
695162739
695289515
695406924
695427799
695537683
695629748
695730814
695822458
695850753
695923123
695989788
696071507
696226601
696319433
696472968
696592013
696670709
696704241
696762580
696839231
696992785
697078947
697159105
697256660
697476310
697546311
697618027
697692423
697827600
697946092
698073116
698298364
698401632
698449443
698532844
698673286
698726553
698765913
698892365
699045045
699135389
699321809
699357149
699466572
699580640
699627163
699627973
699682383
699801123
699828064
699905239
699934766
700050775
700111459
700152532
700172932
700198069
700395757
700557554
700685069
700760088
700819601
700960415
701015371
701051631
701136964
701279819
701320573
701390614
701451727
701608716
701775252
701810156
701926660
701990450
702103489
702161125
702278365
702421309
702510840
702522116
702555269
702651637
702779168
702903226
703032117
703092791
703205610
703294834
703376665
703434698
703519552
703570542
703645464
703757615
703865936
703966527
704176365
704249467
704415376
704554908
704652084
704685749
704812675
704832681
704919182
705049744
705193699
705362900
705461475
705558505
705643260
705791674
705866406
705931727
706015987
706158462
706186618
706253171
706335892
706418476
706499205
706556101
706563622
706696360
706806211
706927345
707075899
707230732
707347197
707458811
707491139
707611638
707653491
707856280
707921984
707955203
708045977
708083543
708222122
708274891
708315681
708392671
708496760
708642851
708866133
708905322
708950816
709058475
709080694
709220120
709347884
709401266
709408043
709424172
709468549
709476920
709662554
709723471
709800281
709943657
709944530
710095785
710142969
710209369
710350021
710468645
710613030
710642128
710786471
710811065
710914100
710985375
711084473
711166222
711268571
711357084
711435819
711512704
711663900
711753139
711852053
711911340
712025953
712166983
712300867
712421020
712574173
712651187
712757906
712812897
712884603
712984600
713146375
713220682
713374101
713582948
713601676
713626749
713770821
713910354
714027675
714080217
714121567
714245849
714397952
714438091
714580968
714722346
714806997
714978222
715076570
715214651
715316264
715360732
715500648
715635600
715751017
715801341
715834955
715959593
716094624
716190114
716317860
716376087
716467923
716593045
716697232
716773549
716863752
717012505
717111442
717296960
717335668
717484329
717663300
717735880
717737694
717841486
717873904
718000745
718090685
718165820
718178978
718225295
718438963
718516756
718587028
718655728
718790498
718939141
719046129
719082721
719204177
719274985
719411527
719554255
719630367
719819611
719890733
720048584
720102580
720297261
720368136
720542324
720647965
720797574
720903136
721027790
721189906
721274969
721402474
721550320
721700453
721806663
721945832
722092874
722137094
722179361
722303448
722451562
722562458
722640295
722748598
722887345
722970282
723043789
723083272
723206807
723230979
723239272
723340310
723440797
723629873
723660683
723745377
723908062
723956100
724139521
724201294
724251788
724343220
724437430
724508753
724562280
724762460
724811166
724823076
724958605
725044046
725193551
725308442
725463110
725521038
725552899
725655396
725752774
725883536
725957477
726015305
726020228
726130162
726286328
726426892
726551466
726762527
726819821
726827125
726989735
727160082
727259204
727300039
727341439
727519593
727645843
727730501
727837166
727986006
727995312
728166848
728272078
728402153
728454369
728592447
728719652
728775663
728836048
728972292
729053555
729068332
729237488
729419358
729535311
729556970
729606001
729735973
729852828
729962736
730048957
730089055
730192002
730344292
730412410
730507588
730684781
730690814
730824487
730881537
731056426
731192019
731265051
731350191
731505978
731587471
731682095
731760028
731959670
732100028
732188076
732342689
732467186
732490541
732607333
732688323
732774562
732944565
733084124
733148099
733283665
733417561
733513520
733608947
733660071
733863552
733950920
734137630
734165247
734288464
734356735
734501381
734640014
734749146
734809558
734882229
734989118
735075460
735135390
735288084
735294164
735378211
735399841
735535798
735621824
735757420
735912435
736006829
736054241
736212432
736316121
736464084
736542151
736666182
736777062
736873625
736960878
737086242
737165254
737216349
737300457
737537848
737620225
737753124
737939756
737995235
738070698
738173356
738255229
738355766
738493068
738610325
738708961
738870137
738947537
738980907
739174363
739276500
739396827
739514104
739582996
739644686
739767193
739799985
739913230
740071705
740197630
740256862
740429484
740551554
740636242
740795194
740810240
740886826
741021039
741128290
741198057
741244297
741309521
741435319
741547998
741658130
741702505
741783994
741851458
741952901
742055551
742137809
742209609
742359047
742457209
742473610
742613161
742708770
742832915
742883980
742907855
743071485
743097962
743143837
743250023
743347109
743410155
743554088
743641782
743742788
743776870
743911148
743974013
744093090
744142159
744284832
744313069
744324451
744507644
744625143
744706891
744947326
745084068
745199059
745260608
745420490
745532113
745570134
745700323
745744017
745833138
745863111
745933891
745967516
746040837
746200890
746372108
746412116
746512496
746540222
746702738
746779754
746908029
746985977
747111890
747271259
747411238
747570978
747754477
747892858
747986819
748008580
748112207
748163541
748204853
748334255
748434970
748555082
748641715
748780455
748841158
748903438
749020995
749173763
749262863
749465172
749567229
749683180
749717377
749758736
749890177
750005512
750066334
750136571
750204034
750328171
750449453
750511466
750605269
750748559
750812809
750956137
751006125
751126103
751313761
751492607
751568071
751575294
751659587
751793479
751848431
751894525
751984556
752056852
752112473
752227680
752342458
752492978
752520704
752544598
752607821
752704850
752819567
752994944
753153221
753292417
753410265
753484956
753602975
753769014
753952180
754049631
754221453
754279889
754384882
754505849
754576109
754751975
754828580
754838634
754956450
754985146
755156555
755214182
755310181
755449608
755524349
755641269
755724235
755897832
755935413
756075748
756164019
756302448
756448702
756561248
756613399
756806881
757006238
757173030
757230892
757286023
757414383
757632685
757672632
757752907
757814818
757938701
757990307
758085550
758192584
758338806
758551567
758577812
758743815
758751577
758879184
758942947
759032669
759053925
759195122
759324403
759424982
759545292
759663412
759797106
759889005
760037672
760198818
760291357
760359704
760408700
760460193
760541280
760666050
760741029
760805232
760931296
761078777
761089713
761237292
761326382
761443366
761586077
761682815
761781797
761860625
762001215
762054292
762256608
762350439
762507321
762585793
762626051
762735671
762920974
763063538
763135410
763281114
763484480
763535079
763634935
763728643
763822532
763947622
764048375
764130781
764278692
764305666
764378286
764467089
764585518
764619400
764674713
764795863
764930059
765044378
765212029
765304712
765412666
765483517
765610204
765734164
765875115
766060218
766210239
766259484
766407537
766508315
766644636
766781973
766832390
766957158
766990463
767096977
767170584
767260958
767389839
767432897
767545293
767705410
767796566
767862347
767962055
767964097
768127892
768240301
768343283
768448142
768595946
768717019
768812747
768897735
768982208
769092078
769103572
769247892
769325559
769426695
769499649
769550077
769665177
769832202
769874996
770039090
770250383
770414177
770559242
770656715
770804420
770966478
771133537
771252211
771404289
771441906
771524628
771672167
771695666
771879962
771999457
772130898
772228142
772335407
772399514
772530709
772626501
772735674
772786022
772837417
772927945
773134159
773250472
773390079
773396854
773512666
773540872
773618611
773768407
773876652
773956175
773982340
774109757
774158334
774233160
774331504
774400944
774517769
774653000
774801004
774822447
774874263
775054328
775182955
775270818
775334983
775394262
775542874
775623379
775760542
775840189
775911472
776027919
776192842
776221855
776306743
776344057
776453354
776529581
776564471
776702852
776839596
776970887
777143164
777227499
777284211
777343832
777473447
777535189
777689629
777704458
777857504
777874008
777984371
778043991
778156446
778213608
778504879
778628973
778701771
778853282
779065975
779142222
779237862
779383350
779500832
779639332
779715299
779820105
779833201
779936580
780006867
780137032
780223181
780313009
780430350
780502019
780672929
780817666
780890498
780973451
781086927
781111501
781243897
781359850
781471463
781541968
781593198
781660491
781787096
781895935
782035736
782191665
782252827
782322750
782431623
782477341
782627451
782757871
782832411
783018539
783079586
783162781
783242959
783355165
783503652
783592573
783638730
783724870
783889468
783998900
784057252
784083059
784148816
784191279
784303686
784447502
784618397
784725362
784867672
785033104
785091208
785179499
785270115
785336779
785522453
785649121
785775697
785860354
785949544
786067712
786215585
786330467
786456626
786574535
786697963
786753338
786897175
787050238
787111490
787179877
787212344
787276145
787339376
787441865
787534601
787666364
787699757
787813860
787938260
788017436
788104796
788238594
788364041
788516235
788567463
788689341
788854979
789039061
789120717
789179299
789185625
789233264
789378688
789409282
789466498
789641778
789714767
789895423
790054890
790172144
790289465
790420554
790516632
790636801
790728037
790847612
791001388
791120969
791169100
791321372
791382446
791435865
791484076
791575734
791664306
791715964
791765430
791964173
792083113
792240774
792332743
792559052
792700029
792741368
792814968
792871776
792919256
793036555
793159450
793262349
793399182
793568969
793636037
793707267
793770954
793834294
793956938
793988114
794138295
794268850
794393347
794567769
794640104
794691767
794815561
794963823
795036773
795150679
795252991
795319992
795472687
795567855
795695086
795816867
795853435
795922572
796019827
796063972
796232437
796345382
796479424
796565607
796660104
796711934
796832432
796932071
797111055
797263131
797328244
797405895
797582923
797702241
797750564
797852929
798028785
798039218
798076797
798123323
798169425
798328025
798444204
798550629
798636557
798706854
798761077
798898913
799010403
799173960
799283812
799339673
799447106
799489980
799599292
799733118
799868106
799998473
800074780
800234259
800363574
800455982
800558820
800624922
800752301
800889618
801028254
801099974
801173631
801249507
801352646
801479400
801557520
801566878
801615707
801695672
801802764
801896063
801931300
802045822
802079585
802220010
802283031
802478075
802605691
802725888
802886869
802953702
803036896
803126361
803219985
803307469
803425403
803475876
803525673
803624320
803713327
803845361
803959091
804130468
804231011
804331622
804413170
804571705
804614044
804724844
804866414
804963221
805121235
805242241
805443980
805524773
805678510
805825400
805990481
806118761
806260768
806296132
806519743
806575657
806665152
806765811
806915867
807129894
807324693
807422684
807502202
807507382
807661564
807793959
807922327
808128597
808178932
808286143
808351870
808439291
808516874
808608562
808688691
808825714
808879388
808934946
809113361
809275190
809376111
809486581
809616532
809710509
809868160
809911365
809987767
810107695
810299208
810318173
810391643
810582633
810610659
810690217
810845880
810951425
810989830
811067616
811159579
811225560
811249737
811349479
811475643
811526433
811612480
811767041
811899355
811975791
812048104
812127120
812235678
812345341
812473643
812560755
812653411
812732474
812817537
812896727
813074692
813230799
813314387
813408750
813483961
813534132
813604492
813724515
813783314
813860703
813965646
814084623
814125719
814207476
814263660
814380703
814492098
814593225
814737366
814844086
814958707
815055671
815221330
815365072
815447526
815544139
815678140
815779242
815842409
815931014
816063362
816139840
816293892
816460243
816631103
816689975
816774235
816883108
817004439
817161225
817281508
817312016
817461096
817543530
817754354
817919414
818060743
818174030
818201174
818310455
818334543
818440084
818517882
818603074
818669922
818803418
818821822
818834516
818963380
818999450
819085086
819191151
819261298
819381035
819566923
819604334
819630486
819699099
819781205
819900183
819978579
820023517
820091720
820172650
820211046
820312256
820354671
820486175
820535341
820701113
820843714
820954337
821118929
821259351
821391642
821559233
821638579
821784574
821880323
821880864
822058127
822180697
822322087
822433870
822485313
822577938
822701691
822793221
822925475
823065477
823084049
823186877
823257680
823300801
823440175
823553129
823598172
823603728
823725596
823826888
823920012
824092605
824174221
824238472
824283534
824494953
824641358
824739234
824782273
824837780
824931606
825008324
825114143
825217771
825248099
825446784
825506643
825616169
825704775
825839708
825978107
826050437
826274912
826312164
826359608
826539997
826573487
826615423
826752367
826762004
826872352
826951959
827042933
827220727
827390413
827495195
827618626
827745319
827822906
827964709
828032504
828065259
828157304
828183683
828287786
828353280
828472954
828621928
828717322
828788665
828918975
828991241
829053318
829086856
829186247
829289953
829351624
829448988
829524399
829613869
829805746
829872210
829976720
830018272
830060251
830138941
830196384
830295365
830458271
830613360
830750520
830891424
830951292
831090004
831338856
831429150
831613537
831678538
831743215
831876253
831917590
832111203
832248497
832331895
832425698
832465017
832515596
832630931
832766108
832857001
833006136
833120358
833282545
833456514
833524670
833625657
833669988
833774834
833892227
833990242
834047593
834169735
834237712
834395400
834504671
834626838
834744643
834839708
834997335
835112441
835226948
835312665
835425601
835443238
835447828
835496268
835621342
835728652
835872217
835908048
836065509
836214102
836278018
836390098
836453900
836536263
836622172
836634398
836710433
836846304
837077249
837222287
837393821
837496254
837549604
837627006
837706090
837754735
837910015
838016513
838099974
838188320
838347073
838388506
838457076
838572955
838638082
838711058
838793281
838932990
839047249
839104707
839183757
839274250
839448556
839561595
839611933
839785064
839914681
839979253
840067663
840263225
840402855
840412800
840489448
840602642
840662408
840752268
840936677
841024608
841162280
841310328
841394345
841497790
841593355
841669267
841832424
841867097
842038139
842068612
842199551
842372319
842475619
842659466
842768932
842837051
842953292
843067819
843179083
843199302
843352173
843482059
843667741
843861213
843880379
844006701
844137822
844231491
844299769
844420591
844482434
844531279
844669831
844715723
844899174
845017836
845142428
845230424
845316188
845442848
845528160
845591334
845730744
845827238
845910849
845933303
846049808
846256581
846349769
846522036
846619697
846734608
846889290
846955956
847158751
847227819
847294361
847377007
847517187
847623825
847677692
847781318
847897874
848048612
848141578
848287308
848393721
848544798
848637215
848795225
848931251
849042227
849189481
849287017
849534601
849585912
849761403
849906728
849947456
850036167
850277645
850375295
850477706
850534563
850684401
850811181
850923289
850997542
851122963
851218799
851361516
851441139
851561160
851587277
851644203
851795033
851915389
851997108
852079873
852205549
852331054
852482073
852545312
852624649
852738598
852915031
853041344
853114600
853251171
853408710
853609965
853760399
853821243
853987644
854140404
854235442
854324143
854373813
854436868
854511144
854641503
854681684
854817966
854985446
855056051
855259345
855401480
855509969
855611530
855700694
855763429
855908769
855990762
856113226
856203381
856310965
856451584
856492714
856541398
856562334
856667687
856817491
856917123
857046311
857189783
857265883
857352984
857427578
857546292
857678243
857777332
857821194
857874197
857899916
857932135
857995509
858079492
858316167
858431759
858624035
858705565
858800028
858892060
859007674
859158768
859285258
859328974
859463335
859591028
859759760
859847229
859966270
860070133
860097342
860177989
860299355
860358262
860459261
860595288
860701764
860742658
860899666
860972927
861100044
861181335
861345182
861514463
861648890
861758443
861884339
862016840
862038174
862145497
862182299
862314346
862357771
862503603
862590882
862708992
862780964
862841529
862869670
862937119
863042892
863128941
863183663
863305287
863399734
863517035
863629935
863727077
863902761
863956519
864060644
864154518
864246302
864389289
864475620
864530247
864575058
864647083
864759033
864900538
864951667
864978809
865151293
865258871
865350015
865417924
865484032
865605863
865684155
865762460
865935271
865988649
866172316
866317503
866430448
866516648
866584400
866705861
866779676
866978229
867076227
867144508
867184634
867226222
867362745
867436316
867623411
867726626
867895561
867942871
868070327
868276163
868472278
868487922
868532002
868607729
868676581
868796490
868895921
868947600
868997860
869103757
869188789
869334177
869374602
869529834
869647436
869846983
869885392
869959246
870129957
870231844
870293926
870350652
870431396
870588787
870664869
870728943
870843350
870864136
870940612
871042741
871071605
871117296
871232379
871299120
871403835
871558080
871646249
871798253
871902708
871958397
872112198
872258476
872497310
872556842
872693474
872849009
873026110
873108674
873223130
873335924
873410916
873532347
873628022
873696134
873753382
873869189
874078321
874189762
874270227
874327543
874427635
874634893
874679016
874807324
875007732
875009135
875103645
875125981
875261805
875464717
875606371
875675361
875734090
875800172
875989917
876035373
876120370
876332945
876399109
876420063
876576635
876683682
876803891
876944745
877078151
877188336
877300335
877401034
877574149
877601364
877719007
877878390
878056216
878067700
878114770
878273948
878318555
878470208
878575618
878744205
878745188
878802551
878890689
878932158
879021484
879085182
879136642
879209645
879229359
879334584
879435532
879592254
879697871
879846624
879951744
880085709
880275420
880354781
880550114
880746423
880865127
881004211
881096815
881246244
881315981
881358784
881518094
881630986
881689717
881720158
881793737
881936600
882013968
882105702
882244197
882309840
882439989
882551154
882672608
882758484
882918320
883124699
883202571
883345971
883553492
883753480
883843101
883964274
884061587
884111042
884266786
884302478
884415139
884551470
884587177
884727584
884783069
884834081
884884397
884906903
884978886
885002320
885094678
885225850
885360180
885508861
885566462
885611019
885756811
885918067
886022653
886129418
886205534
886312557
886421135
886565346
886587914
886662701
886743370
886846450
886982902
887077341
887161419
887248625
887403810
887490319
887589967
887650211
887818532
887934901
888058536
888077751
888217149
888248360
888342426
888377328
888409538
888472563
888657293
888779788
888894938
888948633
889091539
889189198
889319903
889359796
889457362
889615038
889739766
889828098
889887745
889976053
890057156
890188549
890269462
890365056
890535362
890722663
890767093
890955522
891040748
891118969
891248626
891252271
891286777
891366788
891453790
891575430
891680474
891738385
891836753
891952109
892163404
892301019
892499247
892636702
892667669
892744508
892838456
892987695
893120356
893125868
893267498
893325418
893433124
893504594
893690294
893786348
893832179
893911989
893964629
894033142
894069444
894153456
894293786
894436988
894438440
894581024
894687376
894755455
894797801
894916924
895068009
895184163
895257437
895365143
895501651
895648298
895770556
895847653
895931313
896113583
896285084
896349231
896440148
896609137
896759114
896842895
896891041
896931541
897023268
897205790
897281228
897384945
897464235
897586462
897723445
897793693
897941005
898051776
898159553
898337392
898503479
898605031
898694441
898798503
898931259
899023228
899190984
899280027
899360787
899597471
899684508
899915069
899993423
900076105
900233888
900343505
900419457
900544926
900706425
900819675
900946230
900984206
901061828
901135267
901226831
901305231
901374823
901457959
901533016
901659746
901820795
901948033
902071462
902229332
902275255
902277114
902418361
902543734
902674871
902765022
902920625
903013916
903121943
903229260
903266012
903323295
903403735
903549335
903721926
903823990
903959721
904030530
904118872
904207306
904279273
904392362
904505003
904526065
904665290
904768418
904881648
904978537
905042833
905147075
905246238
905360137
905438286
905593814
905698400
905760268
905927776
906101627
906141506
906315005
906467447
906635835
906724983
906842414
906996040
907033838
907119211
907242939
907418130
907513864
907650496
907900443
908092506
908206585
908335005
908415201
908497139
908567240
908709930
908831920
908984824
909071562
909194905
909282760
909349963
909432013
909495729
909685074
909765695
909916550
910082489
910188762
910255770
910468772
910630120
910715754
910814125
910982876
911068927
911095110
911205955
911326957
911382865
911513980
911606268
911780438
911909674
912001876
912152058
912233272
912261428
912359179
912424354
912437630
912506989
912648440
912781366
912858893
913087441
913179262
913188504
913324395
913457118
913642557
913665635
913750004
913821931
913968209
914092126
914176929
914255207
914417776
914467821
914660797
914790265
914802208
914985358
915107887
915215332
915227982
915288621
915370674
915436883
915500372
915624996
915732224
915801972
915912637
916094444
916159120
916229160
916327244
916402486
916580317
916739263
916802045
916972747
917105445
917248005
917344674
917365483
917470073
917657322
917728680
917812354
917929960
918020366
918130674
918222817
918329374
918497625
918596277
918659550
918764361
918883849
918929472
919017781
919096779
919166048
919250751
919470491
919514075
919542751
919674701
919749794
919837828
919942256
920080370
920258669
920293517
920422951
920510767
920619375
920631183
920728319
920804720
920883314
921048704
921166123
921330437
921469417
921542984
921630120
921728250
921776259
921834727
921908058
922022756
922046953
922218811
922349401
922622852
922804138
922886376
923050695
923113114
923150908
923240345
923276745
923426228
923472110
923625830
923780653
923889982
923932104
924048526
924220496
924322418
924436996
924563664
924736665
924771961
924857127
924914720
925064501
925127274
925267126
925392945
925458602
925584947
925732204
925778734
925811740
925927000
926017201
926198208
926254131
926385329
926652365
926708415
926818498
926993166
927002309
927124676
927207323
927208705
927345551
927468876
927517445
927649792
927726529
927816121
927950864
928038172
928070288
928173375
928253965
928332897
928538193
928624367
928722739
928744582
928820040
928863498
928995094
929179904
929327706
929373641
929509303
929779221
929941279
930058628
930140928
930222402
930286618
930415543
930435640
930589698
930741278
930808906
930952107
931083711
931172268
931242477
931339693
931413208
931529666
931675923
931800589
931928506
932017750
932134773
932285068
932335290
932465747
932513644
932625946
932670492
932785199
932935539
933037797
933148821
933233560
933399004
933497110
933585106
933821232
934030650
934122052
934228211
934354228
934431659
934453558
934613169
934624678
934793046
934899070
935012589
935125284
935207008
935312706
935449888
935511152
935614908
935686185
935819794
935878196
935960853
936078247
936190415
936242517
936371162
936464405
936582380
936711805
936808877
936838756
936921701
937005972
937094417
937199151
937308904
937390519
937460970
937633339
937700222
937823294
937997146
938025693
938109447
938249937
938268359
938389514
938496346
938673439
938751844
938871979
939030190
939051946
939112409
939148055
939320944
939458320
939614945
939714874
939795096
939873815
940001828
940082993
940125529
940222593
940366279
940516979
940557317
940609926
940753954
940874684
940931061
940972448
941054599
941115544
941260825
941383100
941567488
941687965
941819361
941854671
942014746
942170684
942258490
942323596
942431981
942505561
942592006
942755263
942836085
943035375
943091846
943219464
943406464
943577695
943589011
943692719
943824598
943887053
944018350
944178692
944296452
944332898
944458966
944496843
944606043
944683299
944765214
944820311
944916991
945051166
945098025
945138835
945238962
945467820
945646909
945777319
945851018
945947191
946094581
946159353
946211676
946213827
946264957
946357649
946452318
946460089
946460267
946543095
946626048
946806778
946877133
947002123
947230357
947355950
947405381
947420457
947538155
947702295
947924569
948053776
948189000
948246116
948366743
948434246
948465894
948545692
948684594
948887912
948974618
949151795
949209657
949259798
949409842
949597926
949822511
949872921
949973586
950056032
950124772
950218726
950360261
950434473
950593099
950711801
950778755
950860401
950934065
951033396
951129912
951180905
951198361
951277889
951363023
951506426
951537920
951775127
951893649
951934208
952152228
952257523
952348011
952364705
952447358
952603335
952742943
952771072
952803007
952908534
952982516
953138640
953235681
953236670
953256325
953331837
953467985
953594437
953654399
953772317
953836994
953881024
953962798
954008844
954119234
954240354
954246645
954325503
954433882
954540446
954612427
954719250
954838717
954950460
955087823
955168095
955221967
955293073
955378475
955445756
955492094
955638101
955744082
955855307
956053833
956192725
956274408
956395046
956563787
956689225
956864185
956997666
957120238
957291375
957438318
957503046
957589075
957638429
957680542
957731286
957832196
957894853
958069878
958100178
958201095
958327789
958394307
958480133
958642704
958722614
958838176
958845443
958911861
958991487
959029350
959146732
959246072
959320484
959420575
959503245
959633710
959725992
959841044
959903351
960082698
960243996
960365479
960518887
960692324
960788078
960826270
960986753
961035449
961137964
961236228
961317384
961347612
961362849
961447073
961588533
961631163
961696831
961926312
962004622
962135361
962206373
962311694
962429330
962559825
962607896
962775434
962893767
962918217
963202411
963375507
963391697
963453312
963545923
963643667
963762028
963968954
964148273
964213803
964279311
964333034
964392124
964470929
964560403
964657300
964828536
964925325
965060828
965149502
965247267
965276281
965310077
965363362
965491020
965557729
965716842
965852238
965984712
966167768
966234515
966371790
966416946
966558926
966583041
966684515
966764643
966880778
966978876
967039789
967182800
967274339
967293377
967475170
967495157
967583663
967617162
967643442
967737289
967876577
967881520
967907799
968058943
968144072
968279561
968414316
968482861
968657453
968689871
968775063
968929826
969089489
969247018
969373573
969451497
969585226
969638563
969730466
969845307
969888533
969978980
970122059
970301354
970333377
970430323
970528116
970553741
970699429
970804797
970872224
970936802
971052702
971059945
971143794
971225072
971300920
971384630
971476280
971514917
971579868
971639576
971742066
971853260
971889205
972096166
972193421
972265550
972359491
972518730
972655399
972767120
972882054
972928936
973005954
973085972
973204968
973372852
973485683
973549327
973682654
973734689
973857165
974017327
974045926
974101654
974220645
974327868
974404938
974461910
974570525
974622631
974782098
974886408
975083001
975109287
975224539
975367888
975425264
975516654
975550564
975711502
975793755
975933775
976067591
976177424
976238255
976294065
976396553
976474042
976581369
976624086
976676803
976762532
976856021
977028743
977097072
977164581
977261011
977293892
977401460
977458074
977556986
977615755
977639668
977788799
977879213
977960072
978013847
978094538
978163065
978284962
978441829
978465216
978564209
978662325
978753735
978891808
978946280
979112190
979169527
979297623
979394042
979544824
979572361
979758907
979913924
980021274
980086377
980223311
980306663
980423599
980587897
980695874
980791843
980951052
981123326
981274890
981466865
981500277
981599748
981800824
981913338
981993312
982113413
982333360
982439272
982516307
982647525
982854570
982936222
982970029
983118518
983233231
983259967
983462538
983532339
983662327
983811718
983856591
983941710
984068154
984273774
984294234
984352219
984456732
984458502
984563799
984610656
984757847
984865577
984899243
984962148
985031486
985052094
985078443
985139519
985217473
985289625
985385573
985397689
985402791
985511481
985669921
985800738
985875100
985954340
986116423
986136530
986277831
986371815
986470808
986623456
986707996
986779791
986900073
986936519
987047842
987151719
987188706
987262173
987301362
987411431
987535799
987716814
987890605
988051817
988143910
988250024
988370540
988468194
988547332
988619655
988660209
988789854
989029962
989145429
989282240
989340127
989482711
989573000
989666675
989756728
989904255
990116994
990232149
990346338
990377388
990597878
990624157
990778211
990794192
990878829
991030146
991141908
991249916
991274973
991402709
991535128
991717256
991796015
991912054
992041392
992206071
992255709
992370012
992474560
992589700
992617294
992717183
992792367
992817548
992963058
993128456
993138796
993264449
993386822
993499791
993638469
993692114
993780033
993988103
994062744
994165147
994278213
994404438
994462682
994573702
994618304
994706972
994778097
994929276
994936278
994949592
995017971
995082125
995156336
995212594
995357918
995412192
995577793
995611486
995639199
995671240
995797854
995932449
996001322
996053634
996167513
996243860
996450691
996560854
996605072
996700407
996753123
996819424
996922991
997007399
997088863
997203247
997337455
997485962
997560350
997669650
997827923
998003638
998071836
998138709
998358892
998417210
998528536
998591227
998667327
998772637
998916187
999021205
999080564
999157135
999266009
999314124
999460875
999533191
999694772
999735975
999852400
1000081188
1000227919
1000356169
1000477280
1000703611
1000861183
1000957263
1001078413
1001105521
1001305351
1001438577
1001526745
1001648257
1001801413
1001873273
1001883998
1001981434
1002066897
1002133252
1002228561
1002385122
1002523264
1002717865
1002842171
1002903727
1003005569
1003102028
1003205663
1003259552
1003274341
1003386516
1003482503
1003559688
1003671811
1003786835
1003884501
1003885977
1003947417
1004061284
1004177394
1004245186
1004370626
1004512111
1004640894
1004839129
1004974312
1005052112
1005102542
1005218321
1005283467
1005435202
1005580425
1005645481
1005711034
1005850122
1005932836
1006053212
1006195879
1006304398
1006400427
1006479440
1006617936
1006786241
1006928357
1007000680
1007035395
1007130908
1007318060
1007402199
1007483711
1007545587
1007616591
1007775083
1007874919
1008023383
1008198728
1008292163
1008419731
1008506700
1008534642
1008643590
1008815059
1008907854
1008966507
1009008193
1009160970
1009177608
1009272687
1009438022
1009620281
1009800793
1009870895
1010021469
1010175217
1010279734
1010339067
1010453320
1010594168
1010718074
1010829079
1010978268
1011010160
1011110436
1011177109
1011331267
1011489911
1011581098
1011746839
1011833806
1011941567
1012073910
1012161296
1012268080
1012345196
1012461400
1012571597
1012611065
1012653989
1012729457
1012870041
1012942732
1013168860
1013315611
1013382067
1013496308
1013577265
1013601199
1013680888
1013817477
1013853025
1013928195
1014010505
1014161809
1014265188
1014386929
1014505223
1014622739
1014770303
1014921669
1014962959
1015054806
1015115293
1015263887
1015383969
1015510571
1015635836
1015854252
1015895712
1016017889
1016167645
1016290999
1016354372
1016417087
1016519378
1016566046
1016743128
1016863524
1016985311
1017035705
1017206178
1017296762
1017348906
1017571999
1017706862
1017895415
1018007188
1018096116
1018211967
1018330736
1018399759
1018412651
1018459448
1018489874
1018607535
1018687931
1018777115
1018798087
1018886768
1018944809
1019099003
1019162261
1019292473
1019411828
1019561591
1019813330
1019913546
1020020918
1020064789
1020133328
1020312408
1020440012
1020588222
1020602319
1020663838
1020872996
1020990008
1021135367
1021225187
1021335678
1021355388
1021403983
1021508327
1021558778
1021608857
1021765196
1021894353
1021953172
1021992457
1022205562
1022323858
1022388837
1022550097
1022727188
1022797713
1022856979
1022902235
1022940967
1023054638
1023140098
1023217573
1023325968
1023397642
1023505718
1023685856
1023743982
1023878216
1023900812
1023980346
1024109234
1024189514
1024293233
1024412129
1024466470
1024585497
1024717226
1024765036
1024846655
1024904216
1024986056
1025081077
1025153456
1025236822
1025318546
1025434376
1025554025
1025641129
1025750057
1025818305
1025960089
1026095366
1026163773
1026227168
1026318550
1026424006
1026558213
1026606736
1026684596
1026765262
1026893968
1026967215
1027080901
1027213313
1027392994
1027511450
1027666664
1027703681
1027852523
1028055397
1028195570
1028230274
