1522224870
606446663
253408011
1023720055
1075632767
1983630356
1661307376
2054245339
84974273
633871496
1157962993
1165875389
598178195
1307781924
1880624484
176652213
1456518623
701445372
1958485653
43569034
995109219
1646219702
275429794
1792788229
1219944725
1440191665
826512630
389201888
313299505
1992482370
125835616
1294456541
620172768
512048921
1998175951
1720287988
773174662
964554690
1178024620
1954819492
2006495656
1928986183
68680148
1609809515
1429867897
416871411
1844641841
1193618257
1522747648
2119619890
1530259444
1131364510
899437543
172162453
576871025
1259008427
1276814049
1117878769
387185814
2022089942
518779321
1051501223
1981704457
506793103
1592187892
42391550
1171419614
1613709199
197400099
2043175595
804488178
470475305
2036707783
1167301235
1952032231
492851897
234780128
1478071527
743058619
113896248
1514272276
1016839758
1322835975
658803186
241611385
1276829345
935651282
887796558
1708009983
1781148848
1340112400
319209164
473655677
2061840738
1841823162
1871552782
826229078
888233241
1595705739
1650132237
1233775559
1692422452
1732256852
1612744300
1824820689
1884684206
2085926140
1191509737
1175559357
1864753892
1537019928
546175216
737792593
1900851059
586596643
851212618
318503309
1851785791
1066724698
979857906
516980258
1944300689
1980779063
905007112
1180059760
1141661784
1793442183
513488607
330108986
1743888016
2084371754
521116209
1708781545
1932323264
1609151591
1617365362
370516601
830627485
1051604201
2131041857
1697674756
1234105548
1970487642
1129881595
737058025
62572997
2115043227
787025514
1283467161
1458698195
1560694941
1967973787
367169790
990681912
1672973279
768019661
2024695688
1802946413
1294153860
444531333
238173397
2108903046
487259664
749631423
1197778427
987782324
2029561535
584592447
1271510645
1871907301
720022914
1648819717
1434779561
172958598
1953591703
886128094
236437266
1890750568
1581107651
1179351831
1062962447
2051002560
758337839
1398216781
683949639
732511305
2124179421
543955808
242821559
246857860
1052999877
1094896262
1828906329
729415967
1872033680
1698220155
835017586
195091572
430327792
102138326
1759443577
1182037544
1421025434
785702263
15942047
328403444
988703713
1557152285
1132284927
1708451968
873269232
911549204
1697096804
858857579
189892772
1052993035
2146519985
268203367
1790704900
231281668
1295809521
598042498
1786139230
696903524
652366332
490351743
1850052351
2047895850
347023298
313630051
1825685134
809398077
1105070391
624835083
1369049605
784199133
2028359131
654476538
1745360205
1565535804
836042981
2104498481
1408064630
1432919078
555508235
1133444151
325511824
1667333338
1021208817
243322424
1666147368
887881981
433837355
1022073418
1068302178
415384484
905966833
1504848074
1955111856
2084104335
1973021790
1201395173
2062879532
976694134
1549199204
1013714483
1566597016
662131323
144523345
1586082685
1530424559
1994298814
2107589878
1524157343
2115052455
760917519
1862067321
1022163849
595510406
1344560318
179711929
409038943
2052108318
497639055
941962841
1191901377
91190247
1708481482
592734828
654520357
166743799
421037934
871322811
1633140319
1654261856
1468252037
685638581
2090257730
79335718
230498451
1912094452
1034024545
644516827
2039291432
650389864
1732446958
1020490713
1785942677
210017314
303183812
459193884
892557243
1368794047
141764480
2122313146
113056511
1423845999
2112283850
2075211263
140066393
75397281
801791666
601482281
1270429836
1740101197
334860597
1867475644
982779504
2139698909
1705866206
378898563
1039359851
348486073
454750345
781165861
40009470
934308205
1864057923
1503468896
1592702331
1565803385
283266125
448518372
2121994709
1280029366
850223423
1206395854
2020316816
441501280
1523417674
1260807615
339839959
740298692
683258518
496169113
1116315820
449294471
1455852234
1327349974
1972743482
518833040
1722687657
467380612
2030504006
1083058835
593725145
984876513
1162576324
1190292027
1608468160
675916431
1526609030
1230954227
80107143
2112843892
180257039
1083257938
606285120
719606576
1000514438
257468705
989902628
60341564
1645246150
1287342601
917572597
654195612
966661778
476835038
1929767298
645690176
398799590
1838700162
232723529
364499453
1708066408
1893963127
861069366
831788323
596378109
190266117
1719092106
1762418618
424238969
1440136452
1100346839
1496070750
1059581294
432728647
1400651048
1369732788
1973061157
15727525
2126457661
1757188232
596100011
1309633445
1431776499
1773717125
158442242
798449349
453111234
1120322703
1195305081
1041499751
1233629537
1113872833
1458386710
875300953
1265722756
1169249278
1320152367
1116181759
772722117
13974326
2146367512
949646880
1459637153
842221111
928641270
641990729
32367769
1009943341
670495922
909930721
1624066168
1300614584
618252554
351658699
2117253556
616484008
707199169
1401922481
1237637614
724619608
391114998
1432179700
2032762004
677122724
355428755
2096093997
1539424678
1340562824
939279068
707058526
2137905813
1211495766
1980101159
639757498
745864007
948501907
1375762347
921406477
213129528
653748079
1432885104
790382025
1182677690
1039989984
2052747110
2109687727
1346582621
2123416410
1799986322
1729766166
725480041
1346146349
1531396451
1944332763
255401096
674449530
1852858147
497446886
671736193
411100883
207623305
1264982868
13746463
818348143
228488043
434851142
1166879280
1009394694
1507966864
1636928838
1862955689
398462031
181110947
758333777
1211953127
932462612
1521496388
1225809029
2014974224
1306024430
537826617
1713966696
1290435992
430887331
902209730
554163410
56056288
1423098136
1224264458
788738681
77329400
1322041076
2095416761
1496648727
1447443077
17598676
1111675815
1499991610
1861517246
583063332
191846570
631500199
883239568
1363301536
214783120
1199027308
848631778
805065575
1703222056
993987969
410226162
411924921
1424251
34103578
1459536862
319045709
613656600
2031365004
1426726719
1379843154
2069910157
549624025
731867632
1865600768
329436146
1623920346
1652449772
1725658329
200842399
1902768136
332539221
458854017
920069373
862683366
480910481
1830952247
1778973050
1212119567
1069294735
712609007
381143958
774861015
1934613288
161170958
2091553307
1409999009
235868064
1986420929
1223213673
1035878077
1593145675
2061235194
686722287
888611579
1792669260
1472797193
1428893366
214838993
1747825785
540959955
113347095
1846541604
2075248218
1352145841
1049909389
365495478
757712465
1551252711
833251237
365754157
1234848211
465099967
638350098
1437648572
327943892
486874177
1250250205
1790385264
1563995457
1444974994
742796473
1763813657
982816423
187997159
1652294516
634804947
1777896945
1265155364
1853884298
988684592
1273041230
2061153045
1855752660
221481476
820809777
1500293703
847280478
2121408716
1998079858
248349828
244253013
1700534971
877886866
1545915626
324916255
1985640803
922419484
1116443559
1611388293
1903455740
684387110
613747539
1103296011
54355797
1953679351
339567082
1272131937
906351700
1230530498
591589221
797032946
604063019
911718801
1775596531
805747609
727004441
1334981181
675856345
1197760371
1957586650
1254515097
2142486243
115776207
2024758701
1364228015
1757053318
525222722
1323900160
956210210
919698836
672317912
850917561
695212467
1521606810
1675493221
2045829155
1357152222
1947889113
93422585
1801989491
1498414244
1861616095
299948913
1453433847
1465667684
1916302786
1291612458
722069210
2094128611
953433081
1795765457
647254678
484079723
1790357719
542407254
639419126
2059907599
845068453
1886955263
1947955143
1033931788
1392567642
689855897
884058651
265718602
2095447545
248445897
997778489
1631605506
358900104
461920896
879365668
704120699
1126326184
210690957
1145696454
152951533
769081558
1450847820
384291257
1189299846
1008883773
885618044
482757043
1539936650
1709906229
680548398
1796921227
667314325
1001572956
622950362
1594841580
1563125500
317722703
1629726092
813250965
819565650
1050028550
391606331
1399631434
697825286
887969993
933103162
936323162
863274282
1988070867
1940880328
552765646
336117838
615782274
981313730
1039364651
762290571
57059383
1923215224
279944164
1976587420
586264784
1653038748
1229828704
951687462
1164552383
292012118
1847520675
272868632
298220999
365512821
599468187
2049608493
68289875
504607681
1245373194
384911246
1845881203
1496238700
251607050
1455273109
225520499
621369255
1429107522
1394592173
1021638170
646367312
176983716
310027861
1764366716
314753736
625050336
1332480835
377236092
1476209123
773059688
1014432677
1226629090
1777736953
406677281
478191746
1025632021
1495836441
1021690531
1870252095
50924149
2135682909
119968045
100613182
1296180055
1357765721
718471976
1994987169
337375646
1089944749
1120428374
2027233836
16290546
1050191546
1406875543
1405849161
2030039968
698376561
1110450776
1783865636
1179792142
262981703
613664920
1841703415
44144089
456375365
315894936
1099273568
2126200717
51303483
1641422111
1881122285
1098878464
2135236117
1959014759
442167994
700354635
1095131973
585193896
1794272818
653964134
802751072
467643966
878925553
2094751327
1757056965
1773979513
1289098442
364566583
1417973623
1370458113
2096145380
2111205721
1743370764
306701284
694767615
1205701304
217407167
706727486
1721410005
478917764
1589482656
285546372
88440987
860077704
1930562794
670475885
641509798
82129955
1664907381
793515389
134529067
1777556961
872714818
210067246
2007389983
1899791029
1828258100
456188606
19101501
1579270869
949969630
548449168
978862886
688621106
1438708087
1041007935
480672674
1864112275
313415402
202180166
147179012
259108173
1294753546
1563712325
2022618796
904045729
635722467
1231830257
1656013222
817007794
1338910508
218962587
71521136
770439201
1211557848
1993941851
494171097
494068807
702982859
2001106905
792425733
270862606
1587037098
564031159
180637837
370740332
1218040523
1638692254
1817212099
65221501
1210157388
1167440100
694412307
274058044
466181183
1134255063
1933682821
723329759
987592963
26979241
946126174
2088407500
232025262
214128376
1913827558
81765179
176492710
27677688
813129797
1608655209
496856655
143179583
202198919
714300021
715058142
1369087276
1955348415
1565563100
1918317644
99485685
340772167
172517772
445803623
849212492
2101461029
466610598
1337616130
479483566
1710274697
1910306261
1264560717
658576200
1488470387
674084166
610547775
201310854
333554545
74684995
1942826031
964752441
310718854
1826591344
54484867
1256995683
1725483558
223264928
821847935
3861666
1973298782
800242260
871915071
1763711287
1068218641
281404114
1047922880
542175411
473235549
743185887
631114776
1724470077
2023967517
2108273689
31392710
