117090
186663
341597
499482
613535
670237
820282
882049
1059435
1161586
1248090
1294136
1446255
1552800
1632553
1799699
1899904
2026271
2157297
2240409
2258379
2315187
2406473
2455548
2581102
2782109
2830538
2922442
2942114
2972704
2992718
3060099
3099349
3238531
3374628
3483453
3639581
3806939
3877088
3915287
3953992
4075453
4207655
4234475
4360542
4461397
4625331
4711850
4714708
4873838
4975372
5090232
5210472
5344892
5395268
5514250
5627714
5682608
5807822
5932409
6045771
6262630
6381949
6531009
6580016
6645531
6775125
6925692
6988590
7067575
7233262
7334917
7373136
7554321
7759772
7804205
7938974
8079547
8156903
8204148
8318683
8362635
8460308
8592576
8690067
8723844
8931611
9074370
9209619
9357923
9472519
9610627
9695403
9775811
9903399
9978316
10099124
10205628
10299986
10403663
10481748
10559516
10691532
10866423
10908980
10920389
11041266
11202490
11352612
11466929
11471974
11504926
11643420
11705525
11894698
11990228
12093932
12184850
12261919
12332611
12393297
12460653
12482441
12656626
12713062
12732812
12768606
12776062
12896919
12943714
13061321
13165816
13224939
13376664
13498156
13627652
13779605
13816959
14011053
14079035
14187104
14348438
14466948
14648865
14768999
14889970
14965349
15060625
15109699
15217830
15286826
15296390
15352861
15420731
15561468
15662669
15698759
15823495
15919582
15982807
16080849
16220828
16318665
16373223
16511764
16727623
16815622
16916747
17046908
17148688
17294354
17370759
17427823
17487100
17624196
17637086
17703474
17812690
17969364
18137507
18295458
18384867
18461411
18595170
18752052
18800028
18891456
18985712
19166255
19230516
19262567
19372743
19491745
19529149
19721367
19858392
20029345
20236474
20356440
20377254
20520029
20561418
20746126
20947197
21051277
21158345
21308570
21401057
21462248
21548159
21639107
21790302
21971087
22182220
22307999
22358190
22385700
22591230
22767683
22860408
22957725
23024614
23124526
23218640
23312096
23336915
23498701
23609267
23715741
23876717
23929013
23973434
24008729
24097579
24245100
24356943
24414366
24529276
24665275
24761823
24799067
24799381
24912080
25102828
25261816
25278101
25382057
25451879
25524692
25641383
25788138
25874926
25953099
26082462
26158982
26278731
26428184
26493793
26546133
26653499
26841355
26914563
27083464
27174985
27185687
27234933
27325610
27394982
27457852
27565939
27683178
27796516
27882518
27939969
27983399
28052373
28182916
28277024
28387642
28539734
28691103
28788376
28846651
28903888
28932948
29007682
29105137
29310434
29472654
29521395
29571663
29740178
29898884
29987028
30054286
30231824
30328783
30408051
30502794
30606920
30722143
30813055
30882863
31023520
31150131
31225599
31347198
31490843
31593563
31666552
31681537
31785468
31886974
32020424
32085276
32146419
32317549
32395528
32476227
32564332
32645497
32671214
32799827
33011987
33018244
33220214
33293273
33443259
33496015
33516017
33700092
33838946
33984983
34069232
34167225
34402054
34539503
34645509
34775065
34858856
34914972
35117337
35146414
35268149
35378934
35514545
35602185
35705624
35849872
35905438
35929261
36090236
36165803
36263114
36316992
36437062
36488153
36557105
36713940
36840947
36960128
37017761
37112921
37211371
37309459
37398720
37545897
37552846
37685953
37845048
38078846
38199972
38303798
38401089
38531989
38671959
38747409
38765349
38878059
39061982
39063869
39142514
39242829
39342434
39547472
39562237
39625095
39669590
39699281
39719886
39811762
39850664
39969766
40054506
40182463
40276615
40466169
40581508
40648060
40809735
40843442
41027316
41093596
41174562
41279052
41433307
41519099
41617116
41674953
41763046
41866708
41923408
41957575
42035990
42137784
42161406
42334856
42420062
42569126
42640147
42739012
42817387
42975268
43033681
43125434
43252477
43320009
43447681
43634215
43736119
43815308
43877864
43950048
44074108
44134515
44254529
44334807
44414382
44443509
44508992
44685503
44795298
44912032
44989191
45184143
45385098
45511101
45514000
45591318
45777306
45964900
46109611
46161750
46231782
46329355
46488091
46566757
46685398
46754617
46865479
47003199
47123699
47205448
47281805
47393407
47533407
47664932
47828233
47990666
48097391
48219168
48311817
48419195
48514761
48620040
48734144
48876273
48905475
49018414
49176362
49285140
49392571
49571161
49651484
49863622
49979422
50156089
50255255
50354169
50473393
50496222
50638661
50796791
50943698
51065988
51078593
51193836
51264824
51294816
51367500
51538172
51653305
51735953
51871073
51982096
52146014
52178717
52233399
52340758
52427131
52560840
52665077
52768743
52936338
53002621
53099078
53145842
53304780
53424209
53463220
53660498
53677324
53716888
53848349
53973088
54042886
54135329
54291714
54324092
54385864
54499782
54678191
54730040
54753945
54838333
54984573
55145089
55157515
55304037
55410542
55553723
55639431
55729090
55831869
55919497
56015867
56102207
56164102
56252172
56287985
56421996
56580193
56721198
56784801
57015213
57085695
57170141
57289175
57368996
57496478
57623572
57721362
57841538
57979409
58029465
58124227
58302347
58420046
58474703
58479188
58540903
58594717
58675628
58728147
58932995
59000667
59047606
59169656
59261852
59366651
59500787
59584035
59669650
59819142
59963319
60027611
60078117
60250130
60272360
60351223
60463319
60525326
60717168
60836889
60945152
61033978
61171684
61300469
61351609
61524487
61535773
61640834
61674808
61811893
61861247
62012566
62111867
62167242
62225235
62304400
62363983
62552686
62684642
62856079
62929435
63068495
63107835
63238326
63365458
63486059
63526914
63698431
63810118
63880943
64052592
64068847
64193331
64280607
64326589
64438298
64573900
64730291
64801298
64935966
64999592
65049816
65182693
65296614
65472716
65539742
65572993
65774978
65866412
66027963
66118389
66198824
66324740
66390899
66536704
66629255
66638073
66718887
66722512
66842942
67018211
67109918
67242525
67403701
67604363
67755604
67868035
67973019
68029852
68197134
68250932
68378793
68457942
68498048
68585504
68710727
68788672
68907914
69042846
69172570
69391502
69520444
69680144
69812270
69934264
70121366
70214148
70318627
70411391
70493813
70666087
70709662
70838974
70867170
70884679
71062014
71128807
71295254
71369417
71459440
71500354
71604259
71854224
71994646
72059827
72187617
72302290
72431082
72632213
72762395
72878680
73055363
73091023
73154638
73307498
73371181
73395206
73494949
73538397
73623070
73739292
73814821
73924240
73933876
73983755
73994841
74043377
74094192
74221274
74427228
74601639
74745384
74870761
74983201
75025833
75123405
75180552
75246968
75314830
75391208
75557737
75559082
75680120
75839062
75849498
75978487
76037294
76207936
76302041
76406066
76549361
76615052
76713326
76789430
76822372
76971447
77139461
77153238
77233314
77421223
77547211
77575047
77662644
77751261
77901610
77940484
78020404
78116503
78215208
78322330
78436691
78587832
78642265
78667490
78725364
78850098
78870703
78968459
79109339
79217940
79333394
79374487
79524678
79693024
79754394
79771192
79790195
79911351
80027287
80095495
80144594
80308079
80431283
80493807
80622334
80692149
80806939
80888821
81095460
81127646
81166248
81214949
81265105
81369145
81456512
81513121
81595078
81665965
81713406
81801050
81926928
82127766
82302577
82408859
82587500
82674559
82772740
82965014
83176396
83182204
83305156
83356451
83469945
83631471
83780051
83947587
83984039
84129445
84157873
84208246
84294885
84359458
84374108
84485732
84583804
84635047
84668282
84808962
84866480
84967589
85150538
85313882
85474195
85703393
85870518
85975381
86032352
86104994
86206701
86402610
86518703
86678418
86791702
86973346
87154052
87276993
87385405
87550354
87646342
87732509
87879128
87958764
88037011
88093649
88290964
88345332
88472724
88521992
88642977
88715178
88847704
88973098
89078876
89159829
89260324
89425364
89495799
89590840
89687379
89707523
89778421
89862980
89983155
90129975
90215840
90260316
90346425
90422522
90555219
90606764
90668658
90836563
90913890
90965099
91024250
91154174
91335575
91526194
91570870
91681391
91702296
91754288
91818655
91867612
92049239
92192058
92263361
92315529
92354371
92473422
92627139
92743665
92858737
93016630
93143143
93156514
93330429
93447616
93487475
93596355
93740708
93888205
93962195
94016291
94143363
94183778
94224517
94336800
94428963
94569563
94775578
94860155
94918674
95008140
95204100
95218543
95274539
95417233
95491281
95630912
95723714
95880488
95918067
96122640
96201239
96324606
96344356
96481627
96630645
96767492
96801811
96965919
97143815
97296014
97339920
97433495
97490762
97575942
97700932
97770120
97962627
98002687
98021037
98238106
98436275
98513744
98645784
98706023
98717139
98862770
98886852
98973096
98994788
99169997
99311592
99360017
99384960
99541851
99681639
99714300
99807554
99890320
100058132
100170360
100241195
100325242
100479623
100525941
100704916
100770670
100878151
101022422
101105803
101205683
101262571
101481570
101574469
101750687
101858599
101931705
101997858
102095552
102189333
102285288
102386497
102503277
102635360
102759165
102843220
102934942
102990200
103113276
103296033
103333907
103376239
103484706
103557919
103732290
103760497
103835103
103858484
103908874
103980289
104079123
104280481
104350604
104465039
104581146
104690637
104774393
104957478
105154124
105227896
105277229
105322624
105459495
105613818
105730173
105851419
105882453
105913166
106042516
106188595
106313631
106470896
106591288
106736913
106778512
106914291
107070260
107160814
107203300
107247619
107293050
107381284
107468308
107632639
107690759
107786276
107907005
108052977
108123957
108216271
108251896
108331188
108507827
108665995
108797408
108901593
108949083
109097274
109137589
109281620
109338144
109374559
109497369
109597225
109773409
109973280
110083506
110159862
110249643
110415188
110535191
110576034
110683188
110775859
110882678
110995780
111179855
111302707
111364754
111503387
111593093
111757524
111798522
111891278
112016480
112166045
112195846
112287932
112466247
112579980
112664038
112767099
112798077
112910500
112950829
113063901
113149408
113287039
113459834
113535550
113620919
113749296
113867466
114040254
114165066
114271232
114415824
114500811
114685413
114732859
114752605
114828728
114909301
114998666
115124858
115265766
115317141
115352577
115482618
115581315
115739023
115872584
116011821
116084860
116160740
116258361
116358009
116453904
116598559
116611015
116658376
116759257
116849691
117027266
117176046
117317321
117333098
117474047
117634724
117874402
117894411
117924167
118001113
118113054
118181671
118234008
118329033
118444123
118458152
118582546
118686596
118828198
118866519
118946071
119043229
119056670
119137866
119268614
119460285
119544599
119657864
119700661
119772282
119862197
119980150
120049591
120070150
120208932
120353391
120497376
120556769
120560518
120767379
120841067
120856245
120925413
120960135
121089001
121132542
121252904
121323117
121416548
121483345
121580274
121631291
121675736
121750522
121864816
122052749
122212408
122262137
122423027
122547137
122640333
122787039
122912460
122968585
123096298
123206708
123264988
123453298
123535893
123624139
123655763
123758473
123785008
123862028
123910546
124057230
124157910
124254978
124276089
124452947
124608602
124665133
124740136
124845506
125019128
125061534
125182706
125216289
125379075
125493180
125531396
125580673
125585980
125618315
125721300
125829576
125958988
126178445
126258644
126353471
126422612
126503286
126645966
126758161
126870615
126957707
127073422
127222865
127260603
127399406
127542272
127592581
127705152
127829338
127901782
128005101
128084513
128118738
128233037
128287445
128429491
128532439
128632120
128713274
128873451
129083801
129192855
129214301
129282249
129386012
129523850
129627100
129780529
129932962
130039437
130175698
130232941
130314921
130418579
130516591
130635872
130711024
130875826
131020786
131154408
131215179
131330967
131494539
131573280
131609124
131701911
131713649
131772445
131860266
131949276
131990689
132143086
132207516
132263270
132351014
132428625
132574704
132717284
132808592
132856637
132977585
133059981
133175551
133341760
133466602
133622724
133699843
133876220
133981245
134028946
134160095
134233589
134393866
134557604
134623617
134727202
134803816
134964646
135096547
135135698
135308644
135369435
135436910
135557992
135737180
135879447
135984259
136090537
136153787
136269393
136403932
136505824
136656726
136723210
136888494
136977218
137122106
137192546
137387333
137509892
137675970
137767433
137934244
138022995
138169098
138287319
138292634
138403136
138450628
138534353
138666275
138746267
138907201
138947299
139100887
139112709
139182986
139256758
139290260
139362691
139501154
139660579
139784284
139818997
139939256
140066474
140148857
140180425
140252865
140408715
140511100
140551108
140578258
140591909
140721671
140821966
140953910
141117804
141133266
141277613
141381525
141563263
141673171
141731896
141870973
142015559
142126263
142284951
142393059
142527777
142567995
142694626
142843232
142931557
143076879
143156555
143329548
143492089
143601036
143773452
143934564
144042906
144140493
144259376
144318982
144363773
144436022
144554421
144636396
144673448
144769397
144895473
144965782
145129908
145283864
145347987
145467113
145499672
145584766
145685339
145757271
145907313
146038616
146171945
146241300
146337531
146421174
146494689
146595529
146747476
146770453
146855227
147070487
147171398
147354316
147491323
147621498
147778075
147867683
147977160
148128755
148247334
148381509
148487010
148574731
148693619
148796814
148862322
148958301
149160158
149286479
149337476
149413662
149620108
149708147
149819551
149902561
150021314
150173583
150282510
150310601
150470059
150504134
150577695
150663642
150791905
150843614
150969071
151000944
151128279
151164391
151241299
151444342
151507830
151545230
151573439
151702092
151707695
151881980
151939070
152170774
152222201
152285572
152441363
152543124
152673676
152768011
152854197
152931538
153177720
153258306
153324855
153453958
153494765
153568869
153632597
153675062
153850094
153908060
154057644
154143110
154224973
154288091
154424297
154491969
154514228
154640833
154726687
154745742
154886706
155008805
155096578
155229001
155245432
155426469
155554688
155669308
155772470
155804103
155945378
156010255
156101775
156242499
156345127
156396322
156479732
156544929
156699766
156773929
156932054
157070363
157087453
157184587
157194763
157287713
157466595
157492305
157560648
157700166
157792403
157807886
157944080
158013396
158030771
158156131
158254732
158394463
158441417
158546956
158640426
158740841
158773162
158806849
158970582
158979131
158986310
159081755
159218356
159277948
159364105
159489592
159534200
159618771
159812017
159929001
160031338
160137734
160313466
160434091
160502909
160580673
160662046
160717911
160726328
160909612
161044825
161098410
161185004
161310211
161385293
161456794
161602771
161753082
161830991
161893133
161964658
162006798
162040948
162066900
162144741
162216311
162373153
162489423
162611189
162727790
162821786
162920197
163104708
163171097
163269032
163368478
163449067
163594113
163801972
163919063
164026957
164123548
164231741
164310588
164431398
164506935
164625725
164773292
164830526
164980618
165139350
165243296
165329797
165460417
165579639
165687414
165747980
165907218
166095801
166221395
166236874
166353761
166546435
166655673
166765548
166851612
166889269
166972974
167038831
167159234
167213253
167357794
167493200
167655733
167727010
167876416
167921915
168130582
168201152
168254645
168325539
168486203
168661960
168709243
168890384
169007893
169107588
169243741
169354611
169466540
169526503
169654151
169674913
169827854
169882419
169934035
169995628
170088843
170216706
170356743
170461438
170543954
170621619
170691682
170721898
170771280
170824595
170900737
171129691
171222370
171384249
171488018
171598465
171679868
171810874
171922983
172065642
172219619
172290419
172416843
172452395
172557720
172668843
172700169
172731375
172860479
172987106
173167434
173219084
173300448
173364103
173451904
173626376
173642946
173739404
173790216
173842112
173968914
174020109
174096667
174194971
174268622
174394463
174544373
174642550
174731661
174764244
174869637
174950300
175111027
175228124
175316057
175348629
175408953
175520813
175537237
175618669
175794939
175823353
175926679
176115706
176193684
176274371
176387093
176574808
176694382
176860338
176922211
177045922
177129716
177286326
177294817
177299537
177427430
177530963
177649268
177675338
177772833
177900928
178026891
178099281
178173107
178318098
178433100
178446103
178535962
178687527
178748075
178865186
178948106
179056016
179217195
179231162
179405938
179473045
179494705
179547042
179587200
179725435
179772605
179948997
180024019
180198568
180263514
180430842
180489052
180573468
180727952
180804191
180896735
180935147
181084029
181162914
181236277
181337488
181492138
181504662
181557078
181680446
181790674
181890838
182019872
182184370
182267941
182391373
182532674
182707530
182722561
182763366
182884509
183024410
183085509
183146515
183321335
183396052
183504280
183647280
183753372
183846632
183981789
184033142
184189738
184315031
184434252
184599644
184708742
184780889
184822101
184902234
184992545
185028982
185169408
185222358
185324867
185431131
185563001
185707198
185838810
185958520
186048651
186123098
186250547
186315429
186363283
186433720
186513644
186629493
186766857
186911336
186996569
187183001
187241312
187331233
187456739
187600295
187749718
187820472
187851302
187970214
188015892
188086954
188135095
188233743
188325254
188469571
188663967
188723621
188786254
188937483
188990732
189080852
189148197
189218587
189421279
189553257
189698882
189799530
189937122
190018741
190092570
190214765
190314496
190429872
190460370
190603627
190692360
190755797
190924209
191046718
191057885
191152702
191221478
191256534
191377763
191436883
191640603
191725837
191839579
191927751
191979276
192089047
192214326
192304902
192381352
192441301
192594690
192641724
192685311
192751697
192840386
192943115
193006669
193185587
193290574
193395024
193533109
193631613
193665503
193717719
193806324
193969853
194036243
194114987
194145468
194283771
194442172
194553496
194629266
194754937
194835561
194878232
194924259
194977546
195129102
195256036
195463754
195557443
195672360
195750015
195865495
195937262
196093205
196167391
196254612
196310424
196479072
196673307
196702025
196833282
197002900
197193572
197326098
197381000
197430964
197493326
197589748
197670880
197842699
197911356
198090730
198165857
198240369
198396151
198514560
198652897
198806850
198885805
198983177
199097863
199231632
199346544
199397724
199515760
199602245
199730625
199872978
199987526
200159186
200256948
200296159
200389941
200491820
200619527
200729622
200806166
200885285
201021566
201091834
201109130
201255213
201353654
201368492
201372580
201405403
201471300
201645372
201796263
201950390
202075320
202186742
202375793
202499221
202577224
202646000
202757007
202900648
203083168
203190500
203370252
203448409
203554823
203624701
203756730
203966668
204133157
204287135
204396951
204580439
204732536
204805243
204899995
205005015
205139284
205279666
205325028
205352773
205419488
205442517
205588534
205685109
205730001
205918105
206068009
206163846
206229733
206403689
206411640
206567258
206706143
206772019
206894431
207034670
207160855
207250466
207398121
207558445
207673816
207761102
207830439
207977204
208075669
208173671
208278692
208391186
208541240
208569152
208724174
208846041
208932313
209096965
209125165
209324897
209537261
209624798
209706012
209856244
209962693
210059746
210172769
210295836
210365351
210481873
210490406
210612467
210748503
210846316
210922393
211001527
211207198
211340079
211460406
211542891
211634713
211783431
211826835
211954071
212033855
212195126
212289177
212330241
212338160
212386201
212389097
212464978
212524707
212742580
212890575
213024762
213066919
213117446
213305190
213416964
213500293
213636445
213662437
213805396
213983007
214114873
214181595
214254202
214354716
214535294
214651821
214773495
214791555
214974411
215033493
215071125
215125755
215264452
215289839
215415393
215508213
215537781
215576325
215630546
215681536
215764879
215876905
215904061
216054331
216140587
216180147
216329084
216411426
216505330
216656188
216708525
216781477
216915803
216968839
217100666
217152809
217187055
217337931
217392195
217502491
217542576
217601344
217700075
217767516
217882343
217947914
218089831
218244280
218292350
218390115
218501208
218673032
218768275
218872943
218996374
219053355
219197539
219345175
219446682
219566989
219703756
219787984
219915210
220090652
220183334
220350375
220460612
220568429
220760853
220887380
220952706
220973240
221207434
221332074
221416118
221543694
221641523
221691476
221753325
221940983
221991553
222053965
222231654
222296244
222311014
222396001
222470707
222477892
222508967
222653155
222717804
222788395
222885411
222990078
223109816
223196463
223347849
223404372
223474697
223712671
223789294
223878520
223981809
224091299
224209269
224354934
224417723
224524700
224664400
224747702
224792834
224832421
224869996
225033818
225153524
225224627
225378214
225421043
225549158
225648310
225684370
225709706
225820470
225975769
226073484
226144503
226192546
226262964
226267825
226350633
226512689
226590992
226779335
226915417
227010188
227184622
227305096
227383093
227410115
227521388
227677427
227841640
227906430
227991233
228073870
228218956
228408820
228539677
228651266
228733758
228848381
228934301
229097539
229182748
229214067
229388500
229441773
229473091
229526528
229670800
229723194
229769870
229929443
230100704
230290313
230376208
230438748
230585557
230722270
230854163
231000455
231025082
231085172
231186718
231279296
231410967
231414852
231481843
231572688
231781837
231881349
232013727
232083404
232214709
232226322
232249622
232262423
232316137
232368325
232400135
232514661
232633502
232731475
232751358
232880120
232953980
232965678
233126429
233292810
233385441
233565984
233660296
233786592
233786652
233899277
233954746
234085410
234196155
234277640
234313053
234401456
234520538
234615905
234758554
234941697
235026382
235099889
235193043
235319278
235442243
235525892
235666561
235741293
235855596
235975909
236034198
236090002
236126636
236274661
236343509
236518543
236638531
236741103
236816922
236946093
237062407
237225980
237230942
237319960
237427838
237635417
237724108
237812964
237955967
237975997
238081376
238125438
238235797
238346088
238416059
238621805
238663688
238801024
238985912
239124417
239228518
239305721
239458223
239514258
239636388
239751172
239816637
239890710
240023626
240181129
240247100
240305783
240329476
240414995
240566326
240670928
240793300
240864533
240964913
241204661
241265365
241367411
241417417
241453258
241566102
241752252
241819728
241918353
242060323
242243521
242256011
242329465
242345923
242425632
242605743
242675233
242874859
243052590
243096337
243141826
243262249
243392165
243546435
243675902
243785625
243876070
244050423
244227362
244303836
244468169
244502326
244636112
244739312
244819979
244841524
244921690
245066568
245147300
245285409
245440509
245483288
245501330
245551724
245642206
245683127
245813386
245923505
245947034
245983370
246057073
246070132
246250371
246435925
246531857
246581870
246626324
246768629
246805242
246935297
246981268
247071644
247105003
247280904
247329758
247461379
247520673
247562727
247659715
247721688
247794689
247863063
247963036
248143296
248299031
248436839
248536257
248624836
248705797
248986343
249053846
249220237
249284100
249379157
249512333
249633309
249756230
249841234
250010774
250169501
250293799
250432751
250553716
250599018
250727718
250825939
250927971
251070428
251120733
251195084
251284155
251458316
251625219
251873917
251903736
251978665
252139355
252218631
252350150
252376858
252450632
252565247
252642339
252800962
252959768
253041708
253136766
253260909
253280426
253452078
253550623
253571454
253777741
253922215
254025362
254184485
254281631
254382452
254459443
254530926
254661896
254681549
254773227
254849072
254995866
255087884
255213002
255304018
255367087
255466563
255504472
255659186
255803023
255904845
255986107
256103244
256226998
256244790
256337412
256447098
256583719
256769204
256880533
256886805
257007456
257107393
257269671
257349763
257497963
257593366
257676669
257769046
257857343
257911540
257959462
258075999
258157424
258347840
258408319
258511439
258555130
258696692
258857471
258975814
259044787
259154548
259275608
259351174
259514397
259690259
259836261
259942246
260051049
260178480
260351011
260482656
260519590
260588421
260709307
260878522
260958671
261109152
261197200
261267264
261435903
261561994
261797447
261935118
261965442
262084258
262157608
262253335
262317067
262403858
262508786
262604742
262701751
262777924
262820366
262990624
263091781
263244443
263414264
263557940
263591535
263625032
263746930
263901932
264015232
264065502
264177266
264254116
264325946
264465478
264572493
264669194
264761412
264872706
264938360
264960018
264984500
265048474
265146073
265161144
265199449
265247059
265357600
265488422
265551200
265641130
265692921
265797914
265891213
265954706
266039041
266137242
266266240
266392933
266448752
266522840
266718216
266813931
266910863
267072706
267132372
267202829
267330832
267372838
267503820
267541302
267610538
267657628
267714805
267876933
267952862
268026878
268028816
268163254
268259944
268388231
268441673
268468932
268602386
268756854
268899863
268981194
269069477
269217902
269377101
269492898
269620013
269721466
269738016
269879904
270027582
270114435
270120336
270244879
270386448
270563622
270671161
270740758
270801714
270811535
270909666
270958537
271068348
271230344
271304876
271347912
271516125
271670852
271871657
271978374
272169973
272283367
272507573
272643629
272713894
272857273
272995447
273122001
273159665
273343580
273381630
273609437
273672937
273775335
273871911
274009748
274130223
274257041
274352047
274556007
274700036
274893323
274990018
275046339
275246724
275359598
275469317
275603747
275715239
275915324
276078765
276194664
276251181
276425047
276517952
276680482
276794440
276900116
276948415
276987709
277076019
277189254
277309486
277356804
277411364
277626070
277732460
277752738
277910676
277940482
278017833
278195223
278247807
278296779
278415064
278465358
278563408
278643793
278766029
278912968
279015431
279100484
279168640
279250807
279382555
279518600
279662972
279778144
279872799
280087324
280256225
280335858
280365133
280567213
280599140
280709682
280740983
280861886
280869282
280913971
280975770
281005672
281155881
281318880
281411213
281603833
281709367
281872134
281948051
282149212
282314552
282433032
282535565
282585568
282599828
282692507
282762632
282816979
282835211
282938071
283053594
283197172
283264640
283340532
283399600
283558545
283706833
283807141
283979501
284024680
284033388
284216930
284236002
284242740
284294608
284412917
284500450
284573990
284712995
284802128
284929439
285009212
285037573
285176138
285246920
285337645
285440479
285490189
285561964
285726863
285799016
285907103
286034888
286239054
286282676
286323637
286459271
286510078
286616728
286715848
286868198
287028150
287035195
287079874
287187449
287206559
287320847
287471945
287565153
287712251
287890877
287950159
288068844
288124080
288168410
288361874
288442185
288527451
288605337
288673868
288831558
289015919
289108041
289166112
289286140
289448139
289623467
289679765
289742135
289849435
289973716
290080265
290212466
290375489
290445570
290579869
290665604
290740854
290863535
290868003
290987768
291067133
291164877
291284915
291426627
291521361
291596539
291721632
291772735
291907305
291986230
292123938
292270830
292347787
292482389
292645298
292760278
292854502
292988498
293097858
293283464
293379921
293540400
293660203
293856041
293918576
293995478
294065888
294214213
294348551
294407615
294573219
294583076
294688215
294707978
294814848
294941669
295043263
295268555
295453873
295595780
295736113
295834499
295977943
296014767
296157133
296274319
296352303
296468158
296620272
296669897
296791045
296904978
296980447
297125141
297264308
297461634
297541236
297623992
297771616
297916964
298004896
298045409
298152049
298227423
298251786
298440373
298544475
298559449
298678414
298839647
298934245
299046820
299119794
299308394
299361031
299457059
299638474
299739656
299952833
299987202
300074154
300107997
300192670
300295319
300390715
300512728
300549647
300653112
300686168
300851995
300884272
300920507
301017666
301161507
301225403
301387268
301563706
301746575
301795045
301958183
301995928
302120158
302241033
302319813
302474080
302495330
302641100
302745089
302851820
302939232
303047821
303145724
303290035
303448145
303535452
303620983
303707522
303798799
303914987
303962920
304073828
304169947
304226045
304330673
304468780
304528720
304627875
304674313
304729648
304825008
304853044
304964200
305144173
305219209
305288753
305323493
305397960
305492560
305673528
305718125
305875086
305963925
306063861
306230594
306363141
306517618
306616566
306721482
306795058
306924269
307089146
307213231
307345027
307491922
307527632
307538423
307603933
307693841
307790865
307947809
308014484
308063038
308153938
308326934
308465350
308597202
308760642
308855650
308930148
309000998
309187973
309241230
309318342
309438983
309557188
309680525
309880970
309956504
310036218
310118623
310181603
310255116
310360200
310501080
310632660
310829996
310893225
310979846
310998777
311078407
311144885
311251071
311345932
311541003
311692545
311773549
311922319
312138148
312234003
312337963
312372565
312473201
312611587
312716284
312810574
312822300
312972787
313067354
313097039
313122779
313280343
313402783
313509987
313540870
313726730
313913194
313993673
314053273
314173935
314309267
314401563
314489425
314550977
314637977
314782688
314918410
315072537
315208820
315209946
315365369
315465541
315494885
315533747
315610767
315672627
315842734
315988396
316079338
316215028
316246233
316382621
316497904
316671988
316722032
316823038
316908722
317084793
317132442
317270747
317366188
317434560
317575595
317760385
317886169
317970517
318181226
318305520
318407783
318485830
318564591
318653930
318774758
318972592
319093524
319209665
319281095
319353675
319429368
319576938
319665447
319729371
319903516
319980970
320123120
320184545
320196113
320309607
320322542
320402457
320510353
320528851
320638085
320682395
320758572
320914301
321059920
321158252
321259949
321320931
321547934
321678814
321743718
321849963
321928506
322020950
322138235
322289858
322438327
322589193
322732738
322984913
323043785
323152549
323338762
323477834
323575441
323665738
323721884
323836568
323936195
324054108
324212422
324337867
324415182
324552739
324687894
324869780
324903559
324959380
325082121
325116584
325291934
325373039
325592088
325638349
325661263
325773771
325884238
326017171
326110729
326232991
326386444
326528434
326671440
326805446
326892207
327022000
327223337
327363086
327599236
327669855
327783276
327849367
328024102
328105737
328180004
328254658
328311798
328397979
328549291
328652784
328781824
328948797
328989214
329159854
329246669
329279053
329414569
329605406
329669370
329730668
329979398
330130033
330199354
330275919
330305149
330371743
330476279
330515924
330690856
330870575
330983477
331069273
331080204
331164202
331300902
331403890
331477620
331573953
331639139
331740988
331816667
331862566
332006336
332064178
332157900
332273132
332308738
332467969
332574421
332615056
332673135
332691158
332755316
332841109
332898477
332949157
333026508
333218702
333348031
333509944
333580338
333690627
333803003
333976017
334129112
334281052
334331615
334381245
334422477
334487112
334570012
334629816
334684143
334790334
334937033
335107360
335171927
335352047
335473374
335473603
335594973
335648573
335833322
336083955
336151375
336185262
336273463
336338885
336372941
336419300
336566761
336685784
336776067
336907913
337008071
337117687
337310986
337454592
337543042
337728498
337823286
337992857
338096576
338132724
338249654
338366020
338547062
338659771
338848131
338984114
339048714
339176897
339337315
339480882
339520026
339699509
339825604
339973086
340120418
340221207
340242109
340347946
340406528
340554242
340617758
340709744
340860255
340911191
341049123
341155699
341219660
341315465
341413251
341648051
341785462
341902144
342031046
342215040
342259735
342422134
342539651
342605933
342670648
342776281
342946109
342949430
343000906
343042446
343136636
343197499
343223691
343294722
343357522
343429800
343437571
343565690
343669387
343731443
343894740
344046693
344204004
344260653
344368729
344475834
344541701
344695404
344819796
344880117
345013409
345023661
345102561
345186042
345220934
345341525
345432267
345437566
345542246
345568948
345673949
345706079
345829087
346002923
346173355
346323099
346442825
346542748
346664569
346836058
346958700
347039823
347128358
347222282
347277059
347365785
347500112
347641381
347782217
347824824
347972065
348034825
348086233
348204429
348290962
348402996
348549357
348679459
348746169
348819269
348867453
348967537
349119064
349209175
349333458
349385359
349532658
349662676
349807004
349955718
350056493
350180115
350264631
350394012
350474820
350569056
350656401
350784947
350841584
351012869
351169811
351176881
351292857
351472946
351669181
351811241
351857877
351929860
352055379
352068568
352089316
352275121
352334828
352489038
352533089
352660448
352729149
352887499
352973673
353077312
353212259
353324626
353362619
353527567
353621180
353745677
353855356
353958428
354061191
354143896
354318621
354410631
354478499
354606035
354655345
354716942
354848345
354931700
355012926
355093590
355126289
355251228
355295668
355432289
355442225
355536878
355565879
355638924
355788476
355946889
356152746
356248082
356392271
356537650
356688852
356792958
356950165
357107987
357297849
357338599
357389198
357429707
357466099
357534928
357660523
357728468
357799803
357854997
357972324
358054316
358100714
358212438
358280430
358361685
358459106
358666609
358781164
358920452
359029639
359137441
359190787
359278503
359306751
359548945
359702282
359815876
359865165
359963559
360097578
360164595
360279769
360372664
360539486
360598645
360673643
360704356
360861328
360921002
360999022
361105843
361221894
361383174
361397465
361483223
361561632
361651722
361728595
361871929
362042078
362173737
362317542
362379964
362509286
362594477
362630486
362672691
362756512
362898910
362986545
363046775
363137696
363260641
363398961
363563336
363657721
363757782
363771781
363925526
363926171
363974662
364072437
364188771
364259381
364296765
364355058
364467370
364562757
364687954
364803133
364880773
364919074
365049728
365106281
365183263
365274400
365404512
365597714
365758189
365790338
365920569
366043974
366094987
366263688
366379433
366525016
366700151
366755855
366933028
367105180
367191998
367305240
367424217
367551915
367618002
367762276
367767023
367870625
367945189
367983601
368055866
368193937
368294013
368375821
368394675
368508502
368660549
368724692
368831334
368974862
369086288
369231883
369381422
369508390
369528367
369670739
369804484
369947655
370080170
370144970
370180003
370269592
370285841
370517433
370710441
370765608
370936106
371010391
371130616
371254661
371388700
371495313
371580449
371623073
371697819
371728859
371813409
371888994
372001741
372114263
372167811
372298896
372422500
372497675
372629539
372699791
372813923
372907967
372995124
373053727
373131812
373239883
373420518
373579823
373640612
373714680
373860337
373966079
374078849
374297668
374361082
374440918
374518898
374699203
374887141
374954821
375027321
375077488
375222754
375379795
375520669
375671277
375763427
375833353
375978627
376139251
376149503
376254327
376430682
376574976
376743342
376850072
376872249
376995553
377120390
377219344
377333700
377442343
377711955
377818075
377921448
378073344
378189760
378299422
378439016
378561986
378660262
378801347
378909986
379065074
379126060
379233233
379363232
379393036
379413167
379633085
379818358
379935111
380034406
380109952
380138650
380316272
380511583
380650031
380692597
380848507
380961995
381135275
381191793
381372389
381566277
381625766
381767298
381907796
381963147
382042832
382155443
382222427
382363499
382484136
382505039
382668527
382733887
382772044
382851723
382906689
382985284
383041682
383096930
383188538
383374954
383435993
383568535
383634889
383689158
383821883
383955519
384078158
384179723
384245956
384392975
384504148
384524844
384614373
384736699
384869111
384893351
384899029
385025268
385137676
385203838
385270941
385360326
385438595
385571049
385765732
385904256
386036114
386041304
386070022
386216442
386309113
386318684
386388577
386523420
386616504
386740396
386833174
386876243
386954307
387093282
387147112
387222636
387306805
387390099
387536030
387671941
387759085
387839922
387991776
388030224
388105166
388262145
388367707
388489452
388579391
388713022
388858456
389012569
389150697
389266270
389421376
389541088
389593116
389647835
389724007
389791281
389838500
390044039
390221168
390359565
390490235
390565320
390703816
390784519
390809625
390933042
390966116
391092539
391165272
391256468
391432380
391561295
391561391
391761621
391796535
391907940
391935397
392089638
392152352
392316207
392475201
392496567
392568351
392729440
392905397
392934724
393052571
393073498
393150126
393225891
393335514
393406498
393489580
393576339
393760515
393912388
394075842
394290729
394413950
394501520
394660004
394705285
394889129
394973783
395102043
395124336
395265109
395299626
395386688
395510468
395568841
395642121
395752066
395851517
395894874
396059307
396179319
396300029
396389885
396516127
396640989
396806188
396932732
397141678
397310003
397406468
397471226
397618677
397750629
397923871
398043871
398150536
398236340
398274779
398380151
398450270
398624540
398656573
398725759
398876926
398982640
399038149
399046540
399121848
399323449
399389501
399541315
399654167
399779736
399940049
400101603
400156143
400234459
400322235
400462116
400504273
400579955
400688160
400835444
400971865
401073021
401137260
401197865
401361714
401469786
401534897
401645474
401769379
401891781
401996207
402026439
402212795
402280772
402360941
402453691
402592033
402677975
402775219
402915802
402994872
403153910
403189851
403272858
403469563
403618431
403763829
403907623
403921642
404021337
404174738
404345786
404379336
404461060
404508555
404613640
404756241
404876983
404980829
405114380
405171312
405321425
405385434
405561231
405688694
405871099
406023091
406182358
406277496
406473420
406625767
406743482
406889461
406962618
407041496
407251641
407320972
407401799
407457381
407490407
407583752
407734764
407845484
407901454
407936781
408051569
408150292
408393335
408535299
408622984
408733396
408927512
409150443
409223368
409294951
409447593
409517025
409586526
409668779
409751601
409891983
409998524
410046495
410206416
410324590
410374876
410506244
410667252
410829008
410932151
411084481
411116235
411273865
411402540
411452744
411575716
411684087
411823290
411933995
412131069
412231805
412381776
412649929
412748101
412893761
413037467
413124056
413159486
413298122
413376410
413449483
413566893
413689000
413794232
413911785
413994598
414095905
414202049
414245505
414360159
414460594
414547249
414679113
414768180
414934248
415048743
415093459
415233898
415272634
415369585
415512078
415645488
415771705
415771842
415931243
416010768
416137464
416333640
416449082
416620555
416742951
416912799
417098546
417117896
417236388
417302202
417378378
417450172
417536024
417729492
417881370
418006177
418160420
418296124
418431863
418477667
418532541
418674978
418733722
418805175
418861972
418879531
418988176
419197183
419353479
419462855
419527008
419568256
419628411
419712396
419808905
419919165
419980956
420079142
420159278
420282951
420498699
420677480
420820490
421018813
421256454
421346021
421398509
421592725
421683685
421793338
421941009
422062405
422131594
422227959
422373975
422411592
422413241
422519033
422696802
422820677
422927989
423015055
423151033
423198908
423337168
423441705
423570840
423715431
423806165
423895189
423963372
424067607
424251621
424301894
424344435
424477954
424705735
424866620
425037112
425130431
425189099
425350897
425434239
425598911
425697527
425889430
426040575
426215582
426232301
426330959
426413078
426564670
426615477
426759465
426916210
427010746
427134261
427164905
427306286
427362459
427504259
427721666
427903286
428056424
428251073
428375932
428492842
428517750
428616909
428733203
428802701
428921883
428991384
429005483
429167035
429315103
429392699
429427232
429500063
429620068
429848111
429937950
430050918
430202856
430261682
430375329
430484171
430564105
430644001
430787542
430899254
431064374
431080420
431187746
431347210
431437367
431468216
431562747
431585094
431705844
431809005
431863765
431978081
432053024
432259926
432363708
432419216
432450512
432547083
432651294
432793618
432892472
433015364
433165496
433272039
433338448
433479462
433554959
433665633
433723745
433815686
433944430
434015347
434083692
434140955
434281517
434446717
434509807
434574353
434723434
434760200
434776380
434893591
434955531
435148389
435294617
435363688
435545804
435664699
435723125
435723460
435778629
435832796
435942681
436005647
436083261
436196161
436375335
436439249
436555324
436579674
436683522
436700276
436720198
436796077
436962353
437127361
437307468
437447030
437605858
437754566
437815356
437938318
438028508
438122112
438241864
438356319
438501036
438523250
438629839
438799740
438872372
438969141
439126402
439295804
439408154
439473609
439624462
439802222
439952936
440122882
440181786
440287338
440463723
440540210
440765492
440873048
440944744
441055196
441184235
441351795
441448104
441562372
441711192
441818151
441913589
442079614
442171726
442344660
442444482
442570351
442631593
442704768
442791738
442851868
442936756
443044362
443116296
443239144
443313306
443510672
443609802
443692927
443900551
443950060
444044180
444121757
444298325
444382915
444461780
444547880
444623490
444745909
444830627
444987767
445079853
445261487
445379666
445398931
445580630
445647330
445742424
445861640
445920337
445932506
445955779
446065792
446155088
446366375
446487789
446524628
446580204
446674188
446803643
446926107
447003638
447089095
447219516
447297367
447393332
447555569
447732713
447894575
447943073
448093488
448236126
448281743
448410418
448564280
448663239
448781354
448893115
448964080
449054177
449176321
449243950
449460374
449660143
449783630
449862567
449889476
449935041
450021135
450206954
450319827
450492024
450654610
450694649
450871901
450943957
451050466
451087176
451203841
451315955
451388208
451459950
451607115
451727930
451809351
451981167
452063636
452240571
452373439
452497624
452547076
452572234
452682979
452813174
452878594
452995272
453146166
453249552
453354347
453372051
453422377
453582297
453608885
453738212
453866475
453975026
454074149
454121008
454204956
454250643
454477684
454631144
454696216
454808559
454847644
454900870
455092037
455185718
455256257
455364669
455439512
455477703
455602927
455604963
455682942
455774919
455874357
455953595
456033372
456153766
456325304
456412274
456488878
456560101
456620240
456721211
456776550
456898656
457011905
457117284
457266763
457338525
457473800
457549795
457710982
457913410
458030806
458112399
458207802
458268640
458401955
458549659
458586337
458701631
458759906
458880073
458975291
459037328
459103724
459201181
459292574
459383921
459468246
459541596
459598203
459655965
459684462
459844560
459896000
460011846
460146955
460322044
460525477
460551446
460673619
460783195
460896473
460997878
461160084
461261369
461361894
461461614
461557430
461692770
461880471
461993638
462048593
462159098
462379334
462483721
462564103
462624936
462626552
462717735
462860967
462952147
463022944
463138513
463272373
463349651
463417634
463463430
463586009
463626914
463772676
463820237
463900325
463989013
464082186
464141820
464173559
464326836
464519809
464599877
464608430
464789578
464801043
464902776
465077840
465231808
465272480
465312046
465512166
465577010
465711223
465835705
465918957
465994786
466168695
466243602
466310839
466372029
466420611
466539699
466670125
466756929
466831737
466914137
467025569
467141470
467321599
467383607
467556268
467686108
467833541
467884425
468001416
468092320
468140676
468247919
468381222
468576961
468652921
468661595
468694664
468827895
468897999
469001396
469031089
469142260
469233430
469372001
469500129
469619717
469643452
469768939
469825057
469861526
469904537
470095919
470131089
470188418
470250478
470358454
470507579
470524728
470662717
470764109
470842980
470953292
471002265
471059268
471117617
471312945
471389206
471475619
471527841
471547690
471641809
471845593
471927177
472035470
472206352
472359675
472500840
472625179
472642235
472800944
472893457
473046543
473120680
473303918
473423194
473594110
473679945
473820927
473941097
474066362
474070845
474217777
474261388
474282813
474451635
474580708
474725130
474818909
474909521
475029093
475136611
475205050
475357994
475446339
475503668
475714070
475824351
475883153
475933984
475984704
476099073
476165693
476214656
476308480
476384945
476470065
476547196
476629890
476787334
476870220
476879143
477021254
477112447
477237498
477318468
477456661
477525138
477676906
477720332
477837699
477954575
478004508
478022994
478066193
478094720
478203286
478289520
478388184
478559416
478655829
478687457
478816654
478892228
478986896
479078454
479266933
479415111
479523004
479650471
479767299
479887229
480048375
480170722
480219911
480292299
480428061
480525892
480644886
480762029
480841613
480917030
481013148
481137024
481323075
481333276
481409386
481558284
481695241
481706768
481809173
481939944
482031119
482145548
482177270
482325104
482436624
482480305
482560359
482633003
482787588
482844782
482863142
482972066
483085968
483179396
483269048
483364699
483476741
483540080
483660833
483739914
483765757
483889803
484064233
484202283
484354426
484493102
484554321
484639141
484688460
484782629
484829677
484853246
484904047
485010567
485104217
485189893
485323898
485370625
485459593
485580837
485721350
485749264
485903749
485993408
486221750
486262036
486474257
486509654
486622150
486727655
486794772
486823216
486939845
487096298
487205731
487232689
487296956
487390904
487519462
487561902
487663645
487706252
487892330
488017002
488125419
488283907
488377513
488426097
488523460
488583015
488697876
488720017
488873918
488955999
488981234
488996676
489105448
489207642
489320608
489436786
489647815
489773866
489825885
489966012
490037566
490060816
490202371
490364393
490473973
490520632
490641077
490796114
490989934
491174974
491277328
491288540
491328901
491488752
491556521
491600221
491655416
491844837
491921982
491980240
492071159
492150822
492240007
492320366
492404882
492543335
492565421
492789017
492811466
492890017
492967152
493077851
493227427
493348298
493412719
493530701
493704322
493804200
493887496
494002214
494106744
494197535
494267012
494324647
494461857
494562631
494754050
494859852
494926836
495018757
495161832
495208301
495271319
495416531
495427592
495551483
495606630
495742846
495917192
495997904
496161868
496298092
496409104
496526496
496673297
496860345
496937137
497037428
497159897
497372103
497468461
497593780
497793435
497933942
497998100
498173120
498286244
498405610
498465539
498497838
498657822
498729995
498891980
499041008
499140526
499209823
499266815
499498542
499564211
499720670
499804492
499885668
499931190
500022144
500074305
500276246
500452019
500562853
500743381
500826202
501010155
501116328
501223631
501357341
501528897
501603699
501634994
501673755
501749738
501814733
501912107
502053247
502176718
502305983
502477879
502586109
502769659
502847882
502912713
503053825
503144666
503197329
503303027
503423267
503455232
503580714
503776892
503902699
503983116
504038506
504127526
504202403
504388029
504611237
504670200
504820801
504932527
505090556
505246549
505295549
505384143
505468568
505555276
505585729
505701552
505791204
505900916
505986903
506141622
506277652
506371914
506484447
506542108
506614155
506848942
506970689
507029324
507111091
507200572
507245233
507450220
507471010
507596874
507738379
507808377
507906244
507984117
508050987
508200951
508292507
508383318
508436461
508521006
508629080
508832854
508963852
509067444
509124369
509214038
509290905
509357454
509378852
509465381
509521117
509687097
509797860
509817923
509850217
509952544
510036739
510093148
510200302
510253683
510372844
510463883
510565309
510714598
510838354
510953609
511092800
511151835
511304668
511409598
511548153
511735063
511800449
511929833
511943484
512058572
512134683
512252711
512398387
512524563
512677023
512785870
512895232
513011462
513104834
513193247
513265770
513329926
513379544
513430080
513513031
513649893
513783369
513856160
514002076
514160713
514183565
514260636
514435543
514557389
514628073
514644438
514799209
514918061
515061892
515150541
515262290
515432436
515607337
515630109
515784327
515953136
516022969
516157429
516254067
516334903
516457159
516622908
516707356
516779602
516840046
516987581
517076710
517247092
517386111
517421957
517490203
517623482
517702637
517833847
517874973
518020050
518064542
518147120
518266805
518377428
518462357
518550689
518716721
518785388
518829712
518955912
519043370
519144627
519281807
519308237
519397628
519427357
519530348
519541166
519745325
519843037
519937105
520039299
520063768
520186277
520229106
520396520
520519593
520628908
520735739
520820906
520975372
520999380
521107551
521238821
521431034
521478998
521662308
521754840
521887270
522040349
522153131
522328841
522336872
522518899
522555354
522627525
522759509
522930696
522967979
523123074
523206451
523343515
523437205
523570089
523702868
523746758
523803515
523908886
523998289
524135633
524160375
524255000
524404949
524564966
524684733
524809129
524872286
524978839
525031446
525134052
525142850
525174154
525270165
525396757
525526813
525616437
525672435
525711420
525834129
525930145
526052169
526198296
526340479
526538949
526587339
526602201
526807831
526894273
526909461
526971451
527021962
527165819
527226599
527412838
527510918
527577604
527621988
527703632
527808675
527819351
527886856
527927275
528051775
528174750
528321536
528448968
528449784
528571362
528648445
528753121
528881799
528992108
529077033
529266579
529367235
529551489
529653775
529847317
529859987
530019313
530167581
530310735
530349282
530380795
530490609
530588661
530678567
530768017
530940767
531045749
531180234
531295344
531389460
531485781
531567653
531696015
531705234
531740470
531832295
531884805
532006499
532114072
532227123
532360518
532438393
532581928
532771063
532846739
532959710
533171504
533321155
533479148
533601070
533719077
533755963
533831267
533902371
533987511
534098646
534194373
534203500
534338851
534432342
534533271
534700491
534858722
535069725
535155838
535296744
535396012
535574129
535710052
535846463
535905156
536004586
536124431
536231265
536332536
536451014
536536665
536612524
536695637
536806291
536923207
537018123
537081341
537146844
537225524
537334423
537406163
537499496
537500469
537601070
537669556
537840539
538070876
538126399
538237179
538282164
538382047
538482703
538629342
538787219
538968781
539127306
539172506
539346693
539375420
539449129
539529938
539609905
539620438
539741176
539836675
539884582
540064992
540158203
540225023
540292444
540424911
540454808
540564569
540683439
540719767
540780233
540872815
540947779
541028498
541191993
541291533
541372251
541496340
541643997
541743108
541826013
541897683
541949008
542049179
542161678
542211752
542433989
542574585
542710968
542897098
542940347
543021345
543111564
543233107
543316351
543409801
543530027
543583258
543676535
543684891
543788155
543973518
544006291
544052623
544163021
544203453
544290300
544439857
544606037
544675389
544679515
544841807
544878962
545004990
545072432
545153794
545245314
545415810
545492242
545579328
545660623
545803868
545980998
546158254
546235989
546363432
546447850
546560657
546640102
546739040
546798979
546945615
547042201
547228886
547371924
547458664
547475627
547511275
547572220
547774277
547863504
548025991
548084428
548135448
548249805
548335759
548480098
548600235
548688332
548756672
548891919
548987302
549067660
549106576
549151716
549222718
549340380
549422335
549431686
549494053
549552727
549713335
549839696
549975689
550087543
550232942
550302757
550522880
550627004
550637146
550679731
550790448
550960289
551035903
551167305
551235494
551320214
551442642
551532077
551567992
551650023
551794778
551918888
552067211
552184883
552291586
552388278
552437456
552517998
552575246
552742313
552760755
552904232
552919300
553034820
553072045
553122459
553278506
553360455
553477466
553547726
553613868
553734594
553861617
553946255
554136007
554178613
554335476
554366603
554513397
554621108
554720099
554868004
554925669
555164533
555205379
555301829
555322650
555385806
555495411
555601956
555720461
555891341
555979299
556103543
556139166
556240249
556388554
556450903
556537658
556572225
556690147
556814484
557010974
557097731
557208218
557380463
557521620
557573992
557724234
557840341
557904913
557984280
558015127
558167435
558269622
558347976
558391822
558503102
558551049
558619108
558649010
558781111
558847698
558974376
559110826
559212048
559269054
559369001
559427234
559579133
559597366
559607511
559764484
559899948
560072732
560124983
560274007
560435766
560516609
560561737
560705003
560860379
560938224
561055253
561234658
561380541
561529048
561577883
561718955
561873845
561956974
562060829
562157982
562406242
562536197
562651272
562745673
562854891
562951605
563095756
563260602
563396635
563547299
563700505
563833178
563921601
563963143
564149603
564157045
564295825
564461719
564512246
564631100
564642369
564772145
564868832
564929751
564987351
565143249
565179798
565267777
565384567
565481259
565580494
565692461
565751190
565831715
565961058
566147326
566211391
566343256
566416661
566513612
566596637
566643993
566729352
566732196
566737779
566887187
566986448
567132747
567144254
567246476
567334532
567432357
567492634
567654046
567835451
567963646
568058474
568103455
568213445
568328010
568417737
568485351
568698888
568825332
568965380
569039548
569123953
569259160
569357413
569525980
569663604
569842164
569842675
569941846
570080311
570149807
570198965
570208179
570237290
570405668
570506078
570752179
570839518
570975495
571157434
571208636
571332327
571433681
571585024
571587555
571651067
571762682
571774361
571950674
572103689
572264881
572395039
572576779
572704974
572779065
572857775
572964229
573033414
573130632
573248665
573306664
573399128
573536731
573562256
573607164
573648202
573714427
573720576
573816408
573888347
574009611
574201771
574266225
574364547
574453083
574548982
574630933
574638036
574740224
574800391
574861620
574942741
575037864
575117968
575214254
575325463
575458668
575555872
575621734
575703672
575803995
575899759
575931952
575970734
576040094
576123982
576233451
576431547
576498036
576699795
576846846
576941638
577022255
577032716
577041964
577174374
577233805
577299277
577417257
577498565
577593235
577604646
577681037
577764610
577875666
578054594
578136018
578302577
578319941
578467271
578555823
578642408
578833367
578959396
579080534
579228338
579302699
579439198
579590805
579680077
579787106
580008843
580076078
580194032
580295669
580416205
580593194
580735248
580828680
580989872
581166268
581337111
581450637
581607027
581721966
581820109
581924711
582062511
582173294
582297044
582440695
582503467
582568990
582780479
582850374
582891893
582977167
583106760
583257182
583352915
583455541
583536399
583634680
583783854
583899882
584042704
584103964
584213389
584335279
584365222
584382613
584479389
584636570
584756899
584922738
585029232
585084136
585236723
585303505
585367372
585527438
585563294
585702659
585769290
585908167
586136123
586223475
586322486
586381600
586449724
586504299
586612586
586832326
586926305
587067098
587114909
587257785
587406083
587537730
587646071
587836036
587984999
588079535
588145601
588200939
588369390
588462617
588590285
588659856
588772244
588844865
588869836
589051311
589125278
589270085
589414045
589584684
589620027
589764356
589873017
589962568
590120509
590158726
590234639
590304734
590438034
590521845
590589629
590667734
590770740
590819699
590932229
591119170
591184909
591238552
591405809
591599497
591687601
591833847
591884385
591970220
592045372
592172981
592254715
592323502
592494901
592545406
592632871
592722014
592792510
592917841
593054146
593150776
593348118
593402076
593448959
593540225
593544911
593718826
593825030
593927979
593984052
594080734
594170926
594246156
594288784
594396984
594534125
594603760
594717420
594841643
594909371
595137529
595304597
595503046
595636341
595795975
595907420
596031857
596114457
596186222
596326200
596539457
596676527
596807792
596970724
597051682
597174758
597243638
597381246
597558643
597727427
597838679
597930208
598078233
598230415
598397203
598501576
598631494
598720674
598915265
598999399
599055141
599169576
599370241
599458197
599542131
599699319
599889098
599928902
599973604
600040483
600103716
600179029
600286757
600430847
600473549
600501674
600642279
600741780
600806738
600935943
600985043
601090809
601217355
601292759
601449100
601515887
601545923
601657469
601802271
602026122
602093192
602158173
602356352
602458861
602602959
602701900
602766173
602935275
603086240
603268053
603373668
603421374
603542656
603700245
603705661
603860439
603896722
603997266
604072997
604244417
604332005
604358728
604567138
604700479
604739029
604773717
604823171
605013475
605153156
605265187
605421183
605601894
605746542
605868839
606014782
606091582
606244147
606296243
606395124
606503185
606600366
606746248
606834642
606870296
606904562
606986538
607099173
607145711
607241795
607297161
607372706
607396549
607462521
607608267
607723774
607835541
607893437
608016901
608116103
608202759
608224022
608272610
608376594
608478910
608575347
608580666
608649948
608716543
608849823
608926362
609020209
609051559
609152755
609275712
609304738
609400344
609569268
609711204
609872149
610126399
610221683
610329892
610539224
610594966
610745093
610820110
610948512
611070811
611197885
611308659
611464603
611654532
611741164
611807941
611971557
612069961
612166897
612284624
612317908
612506701
612592427
612666795
612678980
612752198
612906318
613039698
613109672
613191025
613260635
613400107
613512071
613543318
613600986
613709656
613820357
613888810
613993660
614062155
614101207
614174010
614282101
614388055
614556581
614631359
614728153
614866635
614999008
615055734
615102458
615229650
615366169
615455506
615647181
615673552
615775000
615933650
616042120
616070415
616206779
616360949
616439284
616541773
616648255
616775849
616931023
616994449
617101998
617162144
617270949
617464948
617607810
617715692
617806444
617901513
617984574
618083010
618170820
618224534
618235196
618341879
618425705
618530687
618643563
618823907
618916027
618965618
619153684
619279929
619310390
619388386
619585673
619715545
619877784
619971672
620047070
620136009
620326731
620397985
620462208
620529949
620689948
620791465
620836057
620860444
620923755
621017157
621111205
621206475
621278624
621498848
621531020
621602423
621650787
621722938
621836304
621921257
622049771
622155018
622283135
622315990
622387584
622403837
622549139
622630102
622763702
622858694
622982979
623152232
623257128
623417511
623470242
623623609
623679773
623747668
623839545
623881513
624072982
624180558
624335626
624371813
624476141
624544274
624659236
624671697
624783052
624838626
624915750
624969479
625081405
625202928
625257349
625403880
625507647
625628076
625804965
625915327
626006518
626076567
626147116
626175291
626280483
626292194
626376227
626412421
626543327
626635694
626733677
626836209
626922595
627011674
627034554
627168304
627278457
627434470
627529827
627580885
627742838
627813050
627931790
628091780
628229158
628292123
628374244
628501585
628596408
628700299
628813818
628892066
628986433
629123847
629132187
629242287
629344278
629424066
629646677
629773481
629885063
630123139
630233697
630311188
630421987
630555911
630687715
630743613
630837048
630967833
631005402
631174601
631228309
631344659
631441286
631573179
631753997
631844153
631849483
631937994
631977312
632006872
632212096
632383187
632458319
632526345
632608380
632688223
632792564
632899038
632969736
633126179
633222292
633286401
633405588
633475508
633577594
633650525
633799382
633858960
633970547
634155879
634221896
634241141
634261341
634316221
634338919
634375687
634439137
634504836
634647956
634825144
634925529
635076670
635152647
635265346
635425452
635507004
635644051
635724313
635868658
635955927
636085938
636139512
636307722
636369555
636495098
636602592
636690037
636787691
636916621
637043660
637207490
637232643
637319218
637476833
637637699
637680090
637740571
637785095
637910607
637985077
638010647
638173281
638309409
638407249
638567848
638627973
638738267
638880082
638939023
639009557
639016469
639192880
639320547
639425443
639570663
639727589
639827297
639863760
639958908
640047733
640146275
640255637
640318869
640546128
640625336
640638165
640691603
640789090
640885907
640999605
641125117
641214802
641301049
641322066
641352815
641391912
641557949
641702484
641769724
641845306
641954614
642030108
642127923
642211493
642363293
642434959
642485265
642595577
642664097
642788476
642923647
643077682
643212942
643299573
643333603
643439676
643517696
643527879
643722630
643839511
643948587
644099394
644193704
644243533
644387536
644619583
644659628
644767557
644908714
645004195
645127459
645286229
645378451
645482523
645574610
645721694
645828285
645924669
646122880
646238633
646409051
646521520
646589801
646608448
646648609
646690925
646812515
646937892
647020009
647206644
647366923
647489133
647547621
647570718
647671655
647816372
647858557
647960188
648045903
648138860
648209099
648252294
648393005
648427780
648547354
648642899
648799844
648851740
648946807
649015326
649070145
649243509
649372556
649512356
649590913
649727476
649823623
649925681
650078819
650159035
650215587
650264420
650399562
650440423
650510207
650651273
650750315
650805946
650938269
651064932
651135783
651174805
651307992
651350930
651478923
651506717
651584389
651779505
651857063
652051143
652187488
652225901
652301861
652384333
652447484
652577985
652740287
652887976
652948743
653005675
653027540
653104005
653226803
653383126
653429931
653553644
653700242
653864329
653911095
654076527
654269413
654460627
654493356
654678667
654739320
654901568
654974957
655128102
655247298
655313996
655440863
655563707
655712523
655794497
655906894
656025044
656158583
656299973
656356179
656502299
656616951
656703996
656837699
656931803
656993907
657002993
657059034
657200443
657416045
657533258
657625895
657700028
657705961
657818592
657978622
658056884
658203192
658232143
658315352
658421065
658472652
658530660
658692384
658842394
659005881
659111585
659284875
659410984
659485953
659570888
659708640
659741026
659800382
659940769
660094185
660234831
660278635
660420102
660552007
660708158
660904149
660966603
661099701
661199685
661216609
661289530
661403266
661526226
661683690
661721101
661753087
661841120
661997433
662171403
662222161
662391200
662501054
662573880
662654371
662709245
662785509
662903794
662991348
663046534
663196333
663345423
663421814
663472066
663635534
663749150
663847717
663925942
664000265
664032713
664240982
664377806
664429589
664493023
664627465
664665653
664755006
664955098
665151827
665222328
665267979
665336549
665447184
665572800
665656311
665747590
665851829
665961142
666108193
666158677
666267051
666324287
666433802
666551311
666613372
666706641
666888316
667021139
667046134
667151551
667339575
667421676
667605847
667692339
667778979
667908770
668014548
668118427
668307021
668434092
668511116
668591736
668685140
668729625
668876593
668934884
669137555
669218060
669302669
669450234
669535054
669728616
669751243
669857653
669955102
670054385
670110764
670211179
670266488
670351283
670444607
670483928
670650558
670806913
670922247
670940216
671036462
671200140
671295441
671324948
671424668
671568477
671679783
671787006
671896648
672102876
672150401
672280702
672388544
672514712
672529315
672660991
672667507
672701997
672781717
672877618
673011680
673130347
673136839
673164843
673266759
673422716
673520867
673636674
673788728
673917614
673974378
674016393
674091272
674119472
674245886
674252204
674269734
674408264
674453336
674538431
674673215
674796840
674802916
674825943
674924297
674981850
675031820
675178208
675180425
675219000
675323033
675351661
675505247
675618860
675685879
675728130
675845453
676007757
676067942
676189465
676342402
676467061
676547771
676727533
676776557
676858105
676988745
677056620
677202225
677436274
677568694
677697347
677789610
677916663
677991360
678075318
678175614
678234996
678347725
678434605
678570758
678727950
678796771
678903482
678960927
679071035
679078346
679232861
679335708
679436674
679561228
679766475
679799680
679861459
679969677
680100965
680191469
680251651
680321852
680389192
680455154
680510378
680646581
680749078
680909180
680996094
681038045
681186680
681288465
681324378
681410603
681553121
681622531
681624116
681851874
681911437
681930571
681969428
682030773
682178999
682208657
682315599
682480577
682691453
682790607
682903236
682994111
683108855
683263726
683271891
683453154
683514412
683616686
683749589
683869398
683905227
683952337
684031539
684189723
684285228
684401651
684503329
684718176
684933773
685044302
685183743
685277500
685333892
685346115
685356510
685421388
685492924
685658186
685802950
685915781
686001568
686074311
686137345
686253316
686489869
686495736
686624999
686775220
686861165
686961824
687047719
687108501
687178191
687325551
687423352
687511591
687716823
687888259
688012133
688072402
688175267
688178652
688317274
688509448
688577672
688662295
688807195
688953166
689062489
689208351
689354652
689451882
689632772
689690906
689793452
689855395
689883039
690014416
690135342
690317516
690417959
690479944
690613834
690751730
690787538
690951503
691143068
691165995
691217934
691333195
691349524
691415607
691595807
691675824
691753308
691840306
691925525
692092779
692225210
692337951
692518850
692721583
692837127
693015931
693105079
693186228
693346632
693454597
693506860
693620131
693692268
693823618
694012859
694109781
694194999
694315200
694431947
694628188
694673414
694792121
694996835
695132797
695226677
695268428
695409550
695481411
695573014
695674416
695737355
695874438
696071254
696145840
696212648
696353797
696526892
696581682
696622320
696761363
696805672
696874684
696974733
697096398
697198808
697309614
697383484
697497055
697570437
697652131
697723673
697876401
697905187
698035140
698129754
698214079
698321912
698511724
698738509
698880793
698886133
698895622
699017358
699148993
699226796
699244108
699394926
699413591
699482760
699598628
699647746
699749900
699831484
699958480
700065442
700136677
700329233
700513432
700655732
700804749
700848281
700965107
701154457
701202452
701251718
701332282
701343035
701442031
701530322
701682625
701795460
701948893
702068334
702174235
702332495
702406550
702595921
702678905
702792575
702866206
702988560
703133006
703234433
703371609
703470314
703533900
703631951
703757202
703882427
703964827
704113229
704172050
704295367
704408050
704523486
704648089
704723601
704793388
704877284
704909143
704993804
705048144
705129111
705274292
705283298
705377398
705436703
705579565
705704198
705786987
705866721
705980484
706040092
706118375
706194689
706342357
706532555
706638046
706748181
706826412
706934947
707050022
707152200
707342512
707402572
707493032
707682674
707789416
707876342
707905604
708028754
708124455
708173398
708248751
708318384
708326662
708506560
708601877
708668475
708773573
708899560
708939403
709031409
709116924
709272131
709285950
709328427
709355010
709479065
709537709
709694658
709756401
709919923
709976820
710024683
710067195
710170664
710278793
710383087
710488047
710669999
710756428
710867177
710948090
711017855
711114551
711220715
711271890
711406484
711475225
711600742
711703845
711876581
712060476
712121344
712269806
712394824
712477866
712537959
712724604
712885183
712965390
713107841
713225461
713274573
713320996
713427344
713544740
713621464
713756537
713821009
713891433
713988932
714060187
714174273
714274569
714421671
714504685
714518964
714608544
714735167
714777844
714869852
714980514
715190707
715314663
715436819
715518414
715674010
715700559
715875880
716028107
716108961
716206937
716285787
716311856
716398763
716464825
716622945
716685148
716733683
716944308
717127597
717208072
717341380
717341464
717391089
717502700
717625586
717805592
717911761
717975691
718079867
718156762
718169102
718336054
718511458
718580110
718669110
718715464
718807995
718895747
718998938
718999137
719105523
719246937
719355032
719426683
719459677
719543656
719562529
719700762
719821224
719919761
719975036
720095437
720225051
720364315
720462392
720548895
720646419
720754006
720879922
721029079
721125282
721165820
721331381
721455203
721536501
721722878
721804301
721984150
722035093
722179148
722287213
722355070
722550534
722646397
722658008
722787705
722859441
722876905
722925552
723025499
723143900
723247192
723380671
723509624
723597226
723693347
723833850
723940172
723968342
723980449
724101425
724188798
724369416
724421026
724517372
724643230
724797014
724916807
724917193
724939991
725009549
725146167
725229837
725271527
725371436
725509845
725607488
725739435
725829006
725930835
726165143
726241926
726320097
726449203
726474087
726510346
726561076
726685527
726803971
726832829
726924370
726975539
727128794
727225769
727336891
727358121
727500881
727533169
727700611
727737257
727821317
727926314
727991576
728126555
728213846
728315628
728474448
728557893
728645364
728736237
728827012
728950838
729036095
729115002
729177646
729292059
729387285
729511969
729568822
729723708
729837689
730042817
730149134
730225195
730275193
730357284
730383686
730446910
730498595
730597394
730764947
730875172
730997427
731121452
731183667
731363589
731490204
731616113
731717947
731941166
732027562
732103905
732157503
732269611
732406172
732450686
732552942
732650149
732843466
732961572
733021004
733112392
733198040
733304284
733432586
733530899
733613866
733706636
733925731
734013148
734126026
734224636
734290336
734416936
734465833
734574311
734658975
734713596
734858092
734959448
735041485
735187928
735305747
735384231
735518666
735632757
735663842
735776705
735892127
736047313
736109765
736238050
736412627
736511856
736637470
736815391
737003174
737084606
737219281
737381404
737529341
737646687
737697153
737767744
737849733
737932109
738115823
738225413
738401607
738444134
738573879
738742957
738804015
738933672
739118976
739209299
739278031
739399554
739570825
739692272
739808655
739953927
739998446
740091282
740139599
740264202
740413937
740558965
740802412
740830324
740960945
741010590
741136158
741293806
741372886
741506465
741691794
741761360
741794347
741891470
741959753
742075598
742313800
742407915
742529672
742604011
742656887
742704916
742878256
743029419
743144606
743273274
743383443
743408563
743570052
743681511
743848104
743991380
744160451
744220061
744285874
744337967
744466970
744572479
744684791
744726106
744839766
744859977
744972027
745073578
745105719
745215763
745280459
745367022
745530935
745651300
745780108
745813935
745899966
745981550
746118587
746146541
746226214
746350735
746357072
746432199
746567482
746676606
746822658
746970990
747011887
747126347
747183124
747340868
747382199
747511851
747598558
747735463
747902524
748047511
748167340
748251042
748337460
748444015
748572517
748610844
748673275
748797332
748908043
748942413
749029137
749152093
749293980
749433704
749528733
749676607
749735915
749884023
750038298
750144472
750274725
750425072
750509570
750523199
750593588
750636726
750799923
750862955
750949263
751014027
751072896
751189522
751290504
751438603
751494560
751534787
751585918
751761467
751814845
751927767
752106944
752157117
752215599
752323942
752457094
752529799
752654854
752720903
752932462
753035443
753175190
753304215
753407820
753518424
753610531
753744134
753877338
753982034
754031251
754160136
754319042
754415960
754614286
754727040
754808998
754858859
754883120
754984573
755059172
755203697
755285383
755321722
755366919
755481791
755550215
755630197
755727692
755799264
755989663
756197009
756231388
756322467
756423429
756472089
756582325
756648386
756681856
756798475
756919494
756948909
757081950
757137784
757154697
757271989
757362895
757533566
757656790
757687620
757814471
757984092
758166343
758236014
758317119
758412378
758544648
758621206
758769073
758776362
758949038
759090755
759240990
759352767
759459645
759551942
759672417
759766311
759892182
760005363
760043077
760113798
760165332
760211657
760306175
760409603
760565231
760765054
760807358
760844390
760918510
761025886
761109939
761260689
761284134
761419111
761562556
761608843
761754577
761794082
761942295
762081715
762092309
762207823
762243062
762310212
762439841
762544240
762660225
762747526
762825244
762852463
762982155
763029763
763161071
763350953
763509836
763595965
763749464
763843026
764002178
764098286
764192572
764302766
764505149
764586751
764780115
764907219
765022334
765236987
765363353
765457288
765525122
765580279
765689597
765789732
765963414
765996853
766111651
766207391
766269980
766302600
766401065
766525552
766678007
766816490
766901085
767038726
767068062
767235177
767298037
767366230
767519739
767596655
767693714
767892834
767991983
768084610
768220154
768333533
768410665
768457463
768585607
768595530
768700899
768788899
768939429
769086234
769176079
769298133
769441471
769543823
769546870
769693596
769760656
769869060
769940620
770048737
770174119
770204836
770347228
770493144
770710875
770787873
770937154
770969424
771110788
771210463
771339513
771440629
771618044
771788733
771879398
772007477
772118911
772198693
772254483
772448876
772627979
772731429
772760171
772842114
772972109
773069717
773259280
773388230
773419609
773446928
773524788
773632860
773668050
773775995
773944843
774025706
774201047
774349442
774491278
774593144
774644290
774669294
774837360
774912596
775019628
775054940
775185115
775307299
775394304
775394440
775460266
775613139
775660180
775788096
775955446
776142261
776360722
776456177
776615296
776639812
776727141
776804740
776905704
777022824
777145743
777308961
777343249
777467555
777642201
777713093
777858101
777976785
778089971
778219189
778281531
778406052
778599770
778692480
778784172
778797517
778866314
778924237
779039775
779080975
779185633
779263763
779395160
779476640
779601430
779647049
779757079
779900161
780027811
780199487
780332915
780523110
780649352
780748355
780832664
780992117
781096545
781272814
781385525
781438284
781568290
781745710
781847155
781943494
782091915
782130298
782230693
782297512
782452062
782543129
782642572
782710845
782768374
782967850
783035507
783201244
783349985
783457446
783613225
783768240
783877342
784015640
784226798
784326216
784445914
784539766
784632315
784739417
784924782
784938042
785055801
785175894
785297569
785444554
785505733
785515591
785574856
785675659
785776263
785882805
786001228
786101871
786200559
786268705
786395485
786457196
786662364
786840408
786902084
787020970
787120788
787229564
787274875
787413505
787478680
787548857
787591096
787757395
787816526
787917405
788078995
788113351
788293617
788322289
788388302
788544957
788654340
788769658
788860251
789005123
789129430
789216294
789289822
789440703
789530060
789796675
789981521
790058140
790260370
790384036
790487652
790627867
790802337
790915179
790994551
791137062
791250442
791389477
791498127
791609712
791777935
791952414
792018882
792050287
792108846
792169355
792284767
792338066
792482470
792682324
792791472
792887838
793018737
793150582
793240764
793277195
793373764
793457307
793528364
793630897
793768221
793871610
793936555
794070586
794225818
794316883
794449802
794608362
794690440
794768192
794942034
795081953
795118461
795213529
795379468
795455095
795625759
795661455
795690596
795814658
795930623
795989107
796108721
796219171
796341163
796474263
796537574
796633042
796720975
796742430
796815974
796970848
797006457
797090577
797128540
797230972
797444477
797609226
797746829
797831299
797877000
798021319
798062286
798130678
798183734
798221624
798367084
798546206
798561937
798692471
798790713
798868190
798979293
799112377
799143183
799187279
799349023
799416042
799618450
799741201
799935111
800001435
800165055
800290953
800393893
800458539
800660329
800732539
800824236
800927263
801010505
801203930
801243465
801381320
801475082
801522688
801676461
801796804
801854895
801970980
802013783
802042016
802168797
802255169
802259798
802267710
802328796
802438471
802572848
802599676
802651263
802708919
802783141
802878714
802941587
803138016
803249639
803354577
803376396
803390993
803499935
803656916
803715560
803886651
803901391
803971542
804121701
804148370
804205595
804339082
804404597
804485489
804535235
804677557
804795526
804954763
805136365
805204791
805334970
805414617
805547748
805721548
805924688
806067482
806076077
806182737
806416735
806496870
806646671
806707517
806927751
807016947
807035766
807191115
807350891
807479718
807585048
807635093
807796413
807853094
807882291
808053128
808094150
808197245
808296792
808475963
808588771
808679530
808722931
808903648
809045613
809160078
809292000
809409768
809503837
809602380
809728402
809860809
809936246
810104838
810127487
810327782
810368966
810573487
810708996
810800186
810976907
811039788
811154328
811282355
811457943
811601448
811724767
811818902
811929641
812082976
812284510
812407154
812477812
812588637
812623198
812814604
812875058
812947014
813142138
813308953
813358670
813529547
813735016
813790132
813817133
813968336
814096378
814183026
814217551
814370163
814479909
814553461
814767614
814907426
815007428
815072461
815222554
815318455
815355503
815496542
815645554
815814998
815921966
816013728
816042220
816165004
816310370
816418474
816514828
816559493
816582818
816661446
816733788
816829222
816966627
817087015
817219708
817368026
817501953
817674815
817787757
817873595
817904005
817997925
818031793
818119979
818156485
818301112
818473516
818580790
818716870
818772784
818838921
818865287
818916679
818965641
818994434
819108279
819231890
819278502
819424134
819607732
819660181
819718127
819815442
819870202
820000740
820144110
820236902
820332631
820514875
820557930
820680942
820759738
820804094
820973377
821166766
821292999
821411598
821623864
821754399
821865332
821980119
822006035
822099463
822154528
822219026
822303570
822380976
822492435
822571598
822613169
822729039
822808384
822883664
823028521
823112869
823327579
823472287
823599276
823759253
823761704
823879039
823999598
824159615
824272372
824343956
824491707
824561377
824674613
824809344
824914789
824958283
825034178
825196897
825329154
825470962
825510490
825570193
825717838
825756490
825848174
826009093
826200444
826301679
826402918
826519123
826647951
826797647
826889419
826954339
826992311
827131957
827264814
827390731
827605488
827680508
827734833
827852547
827892800
828008792
828137926
828314202
828442871
828578458
828607206
828743706
828861427
828920551
829030878
829129913
829185028
829262494
829346307
829555840
829652364
829703378
829791538
829845325
830001985
830119557
830289823
830336030
830406555
830502444
830596738
830702816
830777052
830905068
830935012
831004221
831181755
831226620
831390194
831499731
831575844
831710227
831714063
831773086
831955235
832096891
832136256
832187021
832318965
832465346
832520919
832619198
832740915
832840691
832902878
833001088
833102129
833185164
833238680
833330042
833467736
833567241
833748543
833832021
833898746
834036187
834074744
834123274
834288264
834409737
834495735
834646779
834691456
834766176
834870862
834906699
835071397
835167753
835295860
835385634
835480265
835568033
835749517
835845976
835920331
836015381
836078310
836143847
836260367
836391184
836519669
836745814
836841144
837005056
837184959
837199064
837262800
837351811
837561482
837712330
837878384
837973604
838129107
838200942
838320664
838384147
838481222
838619680
838826387
838892873
838914187
839005838
839094022
839133009
839226393
839237190
839399829
839526162
839656722
839730388
839777439
839947764
839958850
839968160
840111958
840193730
840289684
840411751
840576356
840687269
840800875
840829736
840976068
841104125
841279362
841303662
841433253
841561030
841661321
841752917
841773777
841929232
842032009
842144950
842208369
842286516
842383001
842604403
842828070
842999753
843063046
843107703
843231486
843316920
843481149
843566994
843604272
843735908
843805247
843929388
844069051
844214116
844285053
844401604
844500020
844642273
844671812
844777260
844953435
845043599
845212833
845214999
845323393
845337829
845352224
845439492
845600509
845681289
845781927
845845387
846040036
846176244
846229331
846326222
846429940
846536744
846614261
846815768
846976931
847003478
847121317
847257666
847457677
847631440
847702800
847837475
847988224
848095398
848167651
848228297
848306031
848380340
848415188
848422226
848582184
848654497
848756163
848827355
848903367
849036018
849182779
849326983
849438223
849594175
849747157
849867898
849907195
849967568
850071570
850315252
850442778
850532471
850696375
850737081
850862612
851010293
851076418
851219847
851345149
851535510
851677384
851733909
851847119
851900959
852066352
852143536
852258348
852275791
852434822
852632529
852712885
852815887
852941341
853024880
853163810
853218489
853356792
853497376
853596773
853672340
853792130
853861098
854027913
854110754
854209964
854292687
854384049
854499115
854574174
854675056
854864547
855059542
855164480
855174087
855365123
855538265
855581053
855704462
855790614
855946852
856040170
856280006
856452726
856597262
856725291
856858275
856903513
856929521
857078907
857272179
857443937
857637815
857710978
857819891
857920098
857991702
858012644
858153476
858200374
858385241
858455746
858547433
858584898
858645480
858727899
858808322
858920952
859028731
859066566
859103078
859184287
859258107
859322832
859381591
859526456
859580930
859612934
859756548
859821825
859892367
859959750
859995800
860107489
860249688
860332374
860421587
860500850
860609735
860729580
860828125
860840070
860850166
860987708
861115858
861253208
861411450
861547099
861641982
861747657
861876638
861934891
862065206
862127181
862268295
862338645
862476109
862595665
862740848
862792663
862823747
862973115
863043149
863177602
863298793
863420506
863523192
863646178
863740250
863773268
863867008
863936734
863993595
864053190
864139964
864198041
864425520
864534684
864653093
864767551
864814418
865030638
865136131
865157317
865248146
865354024
865364746
865531096
865629449
865686867
865893357
865995473
866063126
866169135
866225045
866254234
866266850
866438488
866628029
866651843
866743977
866813824
866897320
866971755
867029479
867127367
867248874
867274217
867400815
867495424
867519571
867630228
867637799
867788202
867912744
867955069
868069469
868247929
868452017
868500087
868514856
868589662
868716966
868796087
868929945
869220030
869357763
869475360
869557554
869668241
869848886
870020026
870108744
870190231
870328281
870496423
870607389
870709024
870844791
870935693
871025069
871123498
871147227
871174400
871321424
871342126
871426387
871486528
871625603
871824082
871986387
872066357
872227052
872261850
872387325
872428390
872590050
872713910
872836988
872868796
872973039
873110525
873133590
873231509
873369713
873481445
873624730
873764768
873819340
873940940
874048404
874102308
874158995
874265612
874288671
874386293
874579905
874685448
874782998
874900990
874982254
874998405
875058240
875135941
875264253
875445449
875504615
875582748
875623195
875668901
875728373
875881212
875925875
875967092
876089679
876128871
876168108
876243933
876320856
876442893
876617052
876874229
876951173
877087681
877224273
877322098
877413022
877502930
877675233
877832931
877978186
878036356
878237985
878341862
878397575
878436634
878562657
878653180
878723950
878778968
878895706
878982698
879111862
879221049
879264478
879283692
879410633
879475928
879598927
879624754
879769318
879929849
880058660
880063577
880103949
880143524
880346571
880448458
880649272
880751758
880814149
880921115
881028033
881120361
881198974
881293768
881375215
881553646
881666488
881773689
881835648
881977472
882050793
882146041
882313641
882439364
882634949
882746358
882790880
882819675
882867655
883036816
883157549
883165739
883257809
883382954
883452409
883541629
883698273
883819022
883890481
884012523
884102825
884242929
884289238
884376385
884422439
884536759
884731407
884776480
884933584
885056386
885226404
885308719
885410042
885567771
885606862
885714203
885794757
885915009
885929254
885993852
886151513
886289921
886333339
886438401
886556928
886643636
886824228
886905705
887028850
887039549
887058751
887213626
887305568
887391707
887519316
887554474
887597991
887764966
887805336
887938195
887999086
888015238
888038934
888144682
888188614
888332866
888397053
888580697
888704020
888788229
888878500
889007304
889150427
889187533
889318381
889472794
889566604
889620319
889684662
889774934
889950220
889978943
890031057
890165864
890196732
890213861
890318577
890538959
890588066
890655466
890739123
890829650
891011653
891015909
891111307
891195018
891289493
891361777
891362853
891468699
891563377
891714396
891770492
891782161
891861291
892050262
892271270
892420625
892561888
892694333
892879361
892945585
893156533
893275224
893425478
893567858
893708719
893828779
894001069
894134969
894283969
894303670
894358542
894471542
894616521
894680684
894802181
894931470
895121743
895281667
895305887
895439060
895604659
895683165
895766636
895776296
895973274
896040083
896176610
896207168
896352274
896470318
896591049
896692111
896850110
896922218
897033757
897205836
897277546
897431461
897463505
897551781
897660758
897792459
897865499
897881704
897959568
898026924
898152173
898246130
898382597
898446817
898538569
898613954
898706209
898784085
898912080
899133128
899211648
899359210
899428312
899470259
899550175
899554417
899633298
899786914
899877928
899896137
899927765
900042700
900108208
900304296
900421543
900534512
900550474
900569756
900686776
900784626
900878090
900924666
900948732
901016562
901100175
901227187
901404873
901512212
901588907
901665298
901758990
901835947
901925960
902063173
902166814
902307915
902385024
902532074
902648099
902803840
902898866
902967319
903034275
903123677
903350094
903413909
903507908
903590869
903724958
903747908
903760902
903870000
904097344
904202536
904264182
904365539
904492686
904686667
904784983
904900204
905032557
905093605
905183674
905285723
905406910
905535084
905576306
905786039
905901928
906031288
906147583
906216309
906272156
906289571
906343064
906420201
906552360
906680934
906798350
906927000
907073784
907278831
907381282
907421996
907568796
907618442
907703079
907773990
907889467
907918855
908066082
908066712
908068394
908152808
908307289
908451315
908648961
908754916
908810667
909013296
909140219
909311119
909413799
909531114
909678345
909845618
909942854
909952405
910049332
910153634
910229371
910253941
910305315
910326229
910449866
910572538
910622911
910735355
910916599
910997949
911026246
911125803
911204693
911297637
911487522
911608963
911723685
911877135
912077774
912254067
912338400
912355396
912495065
912530225
912735097
912771174
912865344
912918368
912958585
913108243
913244023
913360923
913518938
913668797
913829208
913887628
914047606
914271153
914311737
914455993
914588519
914722585
914872584
914985430
915073099
915226253
915401545
915534468
915633055
915739912
915897723
915958152
916060605
916267956
916402694
916483586
916577696
916723220
916851624
916955640
917027837
917237512
917272443
917319617
917407569
917538257
917623503
917707128
917779910
917828503
917848628
918040571
918109359
918280353
918361147
918500688
918593741
918688280
918733877
918920422
919107065
919171219
919272050
919469969
919574814
919623579
919743188
919887969
919967366
920033311
920112892
920140707
920278263
920377271
920509555
920598903
920695509
920807430
920912596
921065236
921138446
921198252
921277888
921407994
921491620
921558129
921681728
921856956
921923128
922081709
922155278
922349937
922451213
922600280
922687017
922782121
922895524
923006435
923066074
923205746
923295414
923338200
923508671
923593149
923784172
923812069
923906816
923972010
924166708
924326096
924405162
924460351
924639086
924783184
924863837
924923093
925045071
925087515
925169618
925277131
925452290
925636250
925662114
925779374
925895845
925982041
926145053
926241116
926437336
926547070
926583691
926692539
926818592
926995052
927078989
927203333
927329846
927437918
927485262
927611737
927681963
927753445
927853355
927929738
928029530
928181351
928344146
928487896
928566935
928729876
928830687
928962309
929043424
929128062
929241736
929261649
929337151
929403106
929531672
929575714
929733001
929876600
930010392
930032064
930199532
930276763
930391237
930426661
930505769
930645348
930674532
930759522
930859193
930996953
931123986
931267896
931386231
931436617
931579912
931616357
931684743
931786616
931898676
932017067
932077968
932203186
932313959
932408284
932537024
932629077
932701394
932932848
932959926
932989743
933071911
933116019
933180540
933258489
933401099
933459839
933566554
933674219
933742911
933786974
933867582
934010044
934138861
934294826
934377285
934443704
934620482
934795218
934867736
934920493
935007487
935222733
935362078
935445513
935613229
935698648
935804467
935970071
936102514
936210422
936316226
936447780
936595772
936740267
936897576
936952234
937031609
937163367
937277622
937420298
937491003
937556198
937610246
937696662
937703434
937769246
937839562
937877218
937938764
938087842
938327459
938402511
938524365
938597782
938642613
938700700
938744873
938830969
938897786
938999084
939101522
939145983
939336156
939504845
939604692
939792571
939894037
940007831
940073245
940176574
940347134
940379466
940507155
940652638
940820323
940863921
940929809
940996111
941186497
941295781
941433926
941521219
941543904
941716881
941791023
941850811
942024346
942190545
942347571
942453659
942610548
942695661
942733520
942810278
942857744
942910858
943073213
943140385
943266591
943492002
943635766
943807903
943883633
943953146
943992874
944074770
944200282
944306433
944319459
944360920
944477689
944594667
944712756
944838930
944864889
944950258
945094349
945172847
945314649
945459578
945654837
945737926
945875534
945919613
945993780
946130967
946212471
946335981
946425305
946628167
946711564
946822521
946986414
947080561
947136462
947184873
947341533
947389707
947483169
947515854
947571131
947645067
947857037
947938817
948084926
948197403
948328643
948397398
948481082
948540046
948573277
948622476
948822839
948961557
949180540
949300502
949421286
949570387
949763079
949917407
949953410
950021955
950079411
950158053
950272969
950437233
950535060
950600268
950684414
950829606
951019567
951192643
951238088
951272667
951362815
951526316
951632641
951669143
951840335
951974025
952102607
952205960
952320705
952403696
952579666
952691287
952812780
952965110
953061603
953145497
953268697
953403021
953516935
953711963
953772269
953898900
953953949
954161314
954224965
954309183
954327909
954389722
954559382
954619820
954758885
954826730
954978669
955117844
955222281
955299624
955422615
955549187
955620312
955826627
955936256
956016179
956095776
956230856
956351684
956458903
956542379
956601275
956621960
956821303
956913526
956988058
957160274
957192726
957241877
957407998
957532455
957606842
957747537
957832781
957987732
958101302
958183082
958236561
958350319
958468985
958568560
958648981
958777470
958886121
958935647
959049156
959189164
959340444
959497612
959699736
959716177
959892746
960027943
960146706
960274035
960349233
960472995
960578901
960718572
960766565
960868042
960933975
961082204
961194332
961350829
961505141
961686853
961756285
961888933
961971845
962054059
962069219
962130905
962273519
962386747
962598965
962709744
962908799
963008311
963011429
963118005
963203728
963296924
963399226
963554521
963646556
963762563
963863987
964014363
964019232
964156091
964229904
964348912
964476857
964557854
964702099
964780753
964895836
964934211
965091551
965220971
965262748
965328302
965430472
965502202
965569589
965724371
965728325
965803582
965884021
965959848
966081740
966115562
966241080
966386813
966452467
966591248
966600299
966764265
966929682
967034235
967155041
967234020
967324946
967394803
967454776
967480030
967519862
967577689
967614876
967755766
967841846
967911932
968038260
968204782
968308129
968464097
968629624
968705301
968841791
968920534
968992014
969040539
969164545
969253504
969377143
969454081
969574104
969601834
969655370
969710981
969813603
969953108
970150494
970262031
970411962
970457179
970527434
970655876
970792213
970869682
970975975
971016199
971020028
971040411
971146051
971281532
971391826
971486558
971649084
971839239
971913138
972066795
972127219
972160602
972302649
972455935
972484577
972579228
972627255
972685840
972832649
972905554
973049602
973208426
973347732
973439269
973537542
973713564
973735073
973760987
973873553
974033290
974090816
974245773
974402870
974429762
974578229
974622027
974678587
974828366
974883238
974939138
975052075
975134990
975315622
975473518
975553199
975650185
975788514
975817516
976021894
976230018
976308709
976573994
976647725
976665114
976686813
976797973
976884016
976987705
976987815
977113876
977187075
977268975
977436059
977529265
977678427
977776239
977845245
977877210
978070548
978114580
978132737
978211732
978415446
978549599
978685032
978791578
978979596
979045113
979223406
979281347
979398047
979586364
979678869
979703483
979715933
979788881
979854867
979909123
979984416
979989094
980074520
980120256
980256202
980381826
980517887
980548300
980642125
980867916
980959692
981018222
981163966
981277811
981440617
981566385
981684506
981745513
981884173
981959123
982099782
982148537
982240453
982400127
982560784
982575392
982672978
982892815
982913362
983064329
983110111
983164734
983291848
983459912
983575292
983677008
983752138
983901261
984047294
984100456
984283739
984458951
984571423
984661905
984740351
984821402
984948885
984993068
985034852
985219046
985232881
985259380
985284930
985400210
985596180
985757271
985908007
986039760
986168994
986265081
986453028
986545184
986683769
986761267
986927954
987087336
987254644
987357401
987469560
987470098
987645640
987778779
987842828
987879443
987977863
988107755
988259140
988368831
988417146
988438130
988531726
988662806
988811309
988882360
988991240
989134094
989261417
989370192
989514324
989623600
989681782
989728360
989798951
989922590
989967829
990106531
990290034
990317086
990444195
990482946
990634940
990732371
990852339
990973407
991053157
991235404
991377814
991530234
991606461
991707154
991862518
991921349
992045213
992161580
992265857
992280885
992311915
992382911
992519597
992612730
992731280
992837400
992911506
993007118
993060768
993098347
993183077
993259052
993320716
993364762
993392971
993445905
993485940
993573338
993731778
993837118
993969422
994127505
994200122
994370357
994446969
994496394
994540410
994699092
994868586
994914052
994996273
995089296
995280868
995364716
995411070
995422148
995506911
995535541
995635390
995786983
995874221
995987107
996125870
996233992
996310222
996318068
996334779
996457701
996598240
996775447
996868364
996943216
997042894
997158718
997219968
997298311
997412458
997527932
997646390
997700401
997852294
997953872
998119515
998189789
998349733
998460587
998523593
998676000
998849827
998995933
999065399
999202703
999338097
999453685
999671427
999828576
1000056957
1000160374
1000265446
1000341812
1000347535
1000488000
1000542381
1000648646
1000685903
1000710208
1000846745
1000965614
1000976351
1001094087
1001226883
1001294222
1001448354
1001532290
1001654429
1001798173
1001860245
1001926453
1002036946
1002188156
1002293614
1002361034
1002453560
1002576258
1002677460
1002783034
1002845748
1002942338
1003105093
1003125621
1003235634
1003391798
1003466761
1003494754
1003642507
1003696435
1003778678
1003929631
1004029779
1004067816
1004124196
1004220752
1004295525
1004483225
1004573764
1004757806
1004763348
1004896349
1004976906
1005149592
1005264834
1005337910
1005520331
1005602888
1005807421
1005924779
1006027037
1006090362
1006238559
1006335259
1006396997
1006556892
1006689473
1006860490
1006884654
1007007896
1007031957
1007129916
1007268177
1007353754
1007392932
1007507497
1007598153
1007706959
1007800132
1007949236
1008032025
1008076736
1008233029
1008344088
1008458935
1008618425
1008786967
1008874263
1009058675
1009268750
1009470384
1009555128
1009628115
1009700466
1009708822
1009846583
1009927035
1010012148
1010137844
1010252964
1010362756
1010481013
1010598470
1010675899
1010763572
1010908749
1011038390
1011197741
1011305819
1011437189
1011479140
1011619685
1011720720
1011799456
1011846827
1011871685
1011926091
1011949616
1012009226
1012203627
1012411122
1012485828
1012613029
1012781052
1012971571
1013056958
1013182486
1013308271
1013379737
1013434886
1013542481
1013627821
1013724846
1013778418
1013871358
1014010824
1014043927
1014118139
1014293420
1014375654
1014531121
1014674879
1014753247
1014929966
1015028060
1015041250
1015133290
1015139314
1015290246
1015334217
1015445688
1015464035
1015590885
1015672085
1015703747
1015825924
1015949177
1016017404
1016067460
1016153451
1016288861
1016364442
1016486794
1016576634
1016727046
1016858418
1017030025
1017127542
1017174119
1017226406
1017379960
1017472387
1017545861
1017747515
1017951511
1018008462
1018084999
1018103502
1018274312
1018342420
1018420630
1018529584
1018574973
1018597279
1018747096
1018855168
1018977509
1019070156
1019269806
1019406655
1019589263
1019672163
1019733520
1019840999
1019979086
1020025429
1020108835
1020285321
1020426584
1020527262
1020600358
1020602273
1020731164
1020848952
1020920395
1020970333
1021095871
1021228775
1021231699
1021349982
1021410539
1021570998
1021649801
1021754596
1021872526
1021976237
1022075271
1022193861
1022323439
1022377943
1022441062
1022541131
1022591105
1022813703
1022877901
1022984126
1022985309
1023044668
1023086848
1023198369
1023310080
1023409820
1023546635
1023697812
1023805123
1023883475
1024061867
1024120175
1024181849
1024274654
1024355393
1024476339
1024601502
1024680485
1024813303
1024878424
1024900738
1024972785
1025069278
1025092821
1025191871
1025323966
1025393936
1025429518
1025461970
1025664485
1025817461
1025896902
1026053533
1026165098
1026328005
1026395304
1026534203
1026686875
1026838041
1026907562
1027000309
1027137158
1027284177
1027472319
1027519317
1027595084
1027724409
1027779736
1027843494
1027925739
1028097711
1028147826
1028303865
1028466206
1028562044
1028701369
1028795389
1028893414
1028904069
1029082860
1029206496
1029314172
1029427940
1029560529
1029659531
1029786540
1029929538
1030021185
1030137310
1030220267
1030263527
1030362027
1030448267
1030597512
1030672386
1030796114
1030886801
1030997380
1031157255
1031382575
1031489956
1031615779
1031676993
1031726157
1031793213
