1843231
3062916
3097499
3564423
4119618
5269671
6317358
7555368
8960475
9593298
10644462
11189473
11724009
13188603
14710667
15698481
16922076
17617054
18349450
20213035
21505740
22057016
23188781
24776991
25240463
25345024
26944938
27798154
29293269
30313222
30901449
32042083
33563120
34433897
36240765
36728895
37622373
38103516
38950429
39951885
41820322
43482546
44939603
46043799
47617337
48781853
49870096
50906966
51536696
52096518
52281951
52798481
52903242
53755460
55205129
55778744
56654352
57679549
58001119
58216994
59915239
60723932
61624373
63079730
64883561
66095180
67045857
67996274
68872871
69879820
71276297
73170473
74128527
75476921
76696854
77733096
79663492
81189456
82536433
83558570
84379724
85695802
86377663
87586769
88029095
88610768
89318997
90140441
90998471
91893482
93036670
93607906
95896264
97568039
98161130
98825045
99675099
100761509
101088208
102571757
103831450
105278894
106748225
108082171
109568973
111248498
111469917
112611489
113471727
114708498
115451998
116330835
117068286
118195835
119782453
120968367
121818526
122426492
123620011
124476891
125745433
126874586
128117567
129555362
129946093
130423721
131007435
131802313
133772354
134415075
134725990
136187503
138396285
139475543
140628392
141358553
142084907
143303728
144437724
145749774
146787924
147722325
148563012
149956557
151144587
152812593
153760613
154939752
155978309
156323984
158796021
160085564
161788085
162182832
162330272
163122911
163752058
164210344
164267227
165798723
166610300
167631174
168690414
170668902
171704959
172626313
173885428
174714290
176351790
177275068
177984477
178675130
178972811
179445303
179854030
180943254
182166200
183180821
183759814
184129826
185388554
185622883
186635772
187753186
188687221
189287908
189812279
191977031
192869757
194080576
194924772
196015932
196481727
197643254
199039330
199848068
200717675
201913291
202631132
203235414
204802213
206443725
207399855
208659581
209492884
210431412
211543475
212153286
214238597
215055936
216251607
217395343
218699231
219209746
220309451
222712686
223669298
224558801
224698449
226125732
227021012
227842170
229213310
229286288
230439677
231553986
233069527
233465218
235446385
235871359
236543819
237315156
238594043
239795103
240867658
241416297
242716008
244361791
245423299
246348481
246598675
247869762
249181428
250424041
251605578
251937508
253668867
255316013
256794884
257429674
258751681
259408299
260800381
261514900
262478907
262920205
263896769
264179001
264718641
265356849
265605663
266580232
268021831
269759031
271085867
272489759
274268151
275408698
275762292
276869213
277394400
278205213
279545344
280828845
281771563
282309633
283350341
285495350
286323526
287646910
289472153
291252818
292097197
293219551
293905597
294509834
296297945
297276666
298649669
299816058
301589315
302562900
303507256
304269408
304535318
305978477
307375616
308914307
310222202
311534977
313460239
314341776
315008918
316021720
316930047
318150695
318797984
320109489
322024412
323364739
324461263
325003084
325125458
326309380
327201199
327579527
328176538
329163948
329233508
330608262
332084520
332996879
334193297
335084643
335326823
336132668
336848618
337611967
338579643
340424508
341566364
342494762
343454008
344425961
345538090
347791333
348923464
349557302
350539963
352052709
353595869
354204895
355307057
356243259
357159478
358091112
358894465
359224004
360258902
360622623
360916009
361644230
362278080
364058749
364391382
365185594
365293524
366844544
367994828
369049895
369524371
369825808
370491876
371107507
372060584
373543239
374018008
375065653
375793676
377073929
377532601
378548796
379377850
380213483
381453933
382570269
383930386
384335455
385669061
386204569
387274691
388825236
389261192
389534275
390299365
390427113
391535935
392688718
393108505
393866060
394888977
396073713
397119070
397193001
398489455
400668797
401189528
402180953
403589699
404740820
405692249
406229154
407169606
408515561
409925482
410363614
410490274
411291132
411960535
413126018
414007879
415663438
416875034
418873241
419592188
420917409
421674575
422440947
423896100
424734147
425640528
426974814
427906630
429586795
431309558
432443160
433703364
434591748
435542258
435918312
436802809
438013457
439382017
440568694
441981444
443144977
444520117
445350879
446880011
447830582
449276357
450011127
450521825
450979695
452950361
454355270
455159883
456591073
457783682
458675475
458933531
459458337
460751517
461905392
462465643
463466301
464797929
465480687
466283587
468150587
469300134
470162281
471113574
471679863
472094128
472686203
473564138
473941368
475626227
476478865
477352811
477423803
477608209
479117762
480502411
481348449
482369577
483307712
484422591
485618637
486918041
488895216
489953146
490704535
491860763
493642379
495111182
496264080
497535111
498907826
500402942
501537370
502909567
504335903
504881616
505275889
506315140
507756968
508994606
509559883
510662195
511487760
513031086
513872261
515026814
515867546
516924783
518179031
519244560
520165182
522009827
522937616
523819897
525153045
526735284
527510641
528226848
528900452
529891781
531047235
532455369
533891425
535301272
535991083
536940880
538584537
539353770
540192078
541408970
541932186
542913151
544831526
545623243
546422136
548396046
549208950
549890846
550808374
551429256
552536091
553209218
554759372
556127932
557034685
557927158
558861100
559830615
560728022
562329997
563334685
564766349
565677646
566636613
569021824
569681406
570879400
571731148
572384902
573734458
575002343
576277625
576958837
578412544
579165273
579941273
580955151
582435286
583619335
584069933
584865081
585657191
587186925
588229607
589262442
590021021
590408209
591170132
591703524
591936796
593235018
593404766
594384214
595389353
595865776
596968443
598406180
599162904
600072686
600602455
602014827
602947607
604666642
605555831
606189109
607669363
608371982
609861859
611200745
611710543
612567703
613887408
615705165
615913491
616838930
617335694
617836812
618465879
619517125
620590904
621265160
622562821
623843473
624775924
625531899
626498717
626681149
627297359
628080167
628807590
629354298
629471419
630392854
631202521
632585395
634177859
634603715
635383698
636768062
637221356
638512952
639180873
640094443
641838588
643200577
645055085
646251050
647730114
647808815
648785942
650568331
652364688
654066732
655011704
656913504
657905869
659199211
660447039
661305190
662542413
663281267
663779049
665230727
666216095
666759443
668425159
669960562
671053418
671731986
672512421
673597609
675219166
676425696
676930444
677576527
678903916
679964135
680188294
680952642
682084309
683358876
683585822
684830501
685937662
687152669
687808513
689005718
689291278
689843766
690985066
692453596
693462664
694572941
696426609
696565238
697525522
698033045
698803577
699365107
701400603
702473881
703067834
704277140
705062257
706363204
706401983
707772836
708664340
709634405
710115688
711652885
711861352
712113388
713317305
714773262
716027017
716545502
716855296
717543412
718666581
720061907
721499471
722059179
723701191
724272804
724810608
725991342
727435643
728592343
730412019
731216916
732116133
732877265
733865573
734834051
735866615
737136919
737909725
738650032
739270151
740315487
741327550
742898488
745137745
746162844
746804081
747789084
749248841
749394369
750158673
751589289
752616818
753045836
753314092
754307344
755303058
755842611
757396451
758334624
759437122
760544839
761019231
761614500
762281498
763418937
765018584
766381808
766661922
767931323
768704099
769944770
770506943
772257169
774222451
774953325
776747441
777164300
777843176
778664487
779514827
781361170
781881279
782523001
783711861
785413595
786598357
788270328
789282524
790067509
790638777
791434413
791849593
792792880
793118823
793778757
795071229
796715434
797903389
798413619
799416051
800780948
801182420
801713928
802039203
803100199
804312111
805095164
805721170
806437737
808164048
808835437
809848542
810610224
811280470
812221250
812884803
814391426
815579377
816713365
817012311
818048768
819329286
820391674
821478655
821725888
822785032
823262760
824028226
824259574
825932030
826429464
827714062
827761883
828630842
829950273
831074426
832223634
833545069
834546714
835458391
837221125
837615666
839818625
840565460
841508544
843224018
844595079
845727330
846659257
847044918
847278484
847929045
848129256
849367827
850020654
850669426
851211314
851437204
851768420
852992530
855537503
856658510
857443442
859084409
860198215
861825687
863198034
864212172
864797864
864826327
865627233
866746132
867164050
869593425
870850656
871343817
871516044
872136836
873184097
874752477
876330924
877884952
878826701
879649053
880072781
880406578
881826229
881831666
882264577
883158345
884363126
885205203
887364959
888737751
889974242
891854551
892557027
893524710
894780422
895607062
896279653
897395118
898257602
899273545
900796517
902740271
903379715
904695112
905267478
906565424
907313756
908354117
908430655
909893829
910469359
911466590
912231147
912724739
914061171
915461018
916125467
917403231
918369429
919744149
921447351
922751759
923351300
924760725
925553776
927489882
928418642
929347848
930796074
932222926
933363329
935079190
936272650
936999257
937760054
938350319
939001044
939096416
940618469
941762768
942994996
943838494
945634449
947404808
949687875
951028376
951640597
954181224
955084312
955212610
956049085
957115769
958364420
959575939
960035058
961002153
961783073
963123736
963940588
965189639
966226975
967176339
968084498
968233585
969729539
971049240
972729965
973120798
974344317
975902104
976621496
977954983
978318006
978799235
981033811
982100915
983508784
984735248
986348641
987423536
987777193
988722600
989405516
991116369
991879450
992248304
993355776
994928899
996619141
997465069
999272216
999649211
1001009782
1002121177
1003719259
1004354832
1005491190
1005981664
1006720418
1007495530
1009351759
1009653538
1009738063
1010212765
1010954580
1012333612
1013254596
