1514722267
1663559414
1568165049
1544890006
1594463608
609687032
606724333
191442045
1026032333
1147109276
1679914590
1377276009
1805298842
1984560602
261272331
775497439
710232504
2047653404
1609488510
329855144
493874060
443734474
1405467283
1498986347
684705690
1202431344
497033303
1806490088
742508593
1286727823
1061949708
855859662
2038969924
55050237
1423552328
764714298
190836313
433638649
1552901180
236918222
857125530
1322046159
931544338
213475177
1628654601
376128804
1435204720
510646408
1825131729
2110877919
1148355098
379049529
1427989943
1535609268
928139956
2141148599
1885102256
996181582
2002512292
808971687
834007691
2017678617
2049670934
246241518
583906767
366367657
516639769
1520669997
2106048671
577409738
590915303
318648026
299591642
1569919269
1916055874
972158204
609083712
36484747
682021625
1172041346
1423939277
1037990369
2029329034
1712065345
1993481514
2028321704
2039924193
1826597513
886693689
637108008
1827099967
1810870626
1110290638
1003473977
654617142
1968671336
1486330494
2063279022
23647440
433457472
2035110031
134910046
723013840
1281280950
2131486478
565542608
1506252048
943870581
1792636160
369436034
812054281
284994402
587757744
981460950
3277937
765339541
1086582567
1190641050
47158527
859780852
950546618
1734560051
1482815050
967320430
232506557
1337583205
2142942159
484902353
232554070
667261888
1465621777
2040131145
2028491884
1625454763
1806093275
500750966
883852989
995199494
1002015905
1032500008
602718735
2092838783
118106885
136981434
1055200638
410467187
404669557
1664285960
1096067828
1347020670
347300593
759010830
2011190455
1367558049
998752746
1775696926
1609245213
2096989711
1072774982
1191457981
849104218
1172885908
1632868992
1186738971
1369240698
1305774242
1894466541
1176036142
787165034
872139514
352198169
690981994
807875888
1386298355
565424976
2131387935
169370171
704143210
1537474872
1489033070
1710428628
1364695879
784080028
1187609833
608525492
1943308199
2139754307
670608839
1216343728
1704777643
1769304575
936368832
1559315856
1979237597
1207985346
426623115
1021102845
59279162
1678026473
389351410
104618904
1805452256
2048569757
1287556494
231861543
1663335509
18142799
579218213
1872242154
975612017
886473568
345275548
242997004
517489898
1257238755
1960163994
1840606261
2038743162
359176058
913663164
1530430012
126701999
1898378076
722998638
1319171834
1948737358
243938681
1221097836
99083322
1576584549
204645556
2105672918
908072908
936321260
2143261007
1796448233
966834872
1092086807
1788206181
624829792
1870526864
1527895355
1605383568
806759526
1696243679
915167834
858411179
460208182
1461369021
1511084877
919238065
17172305
1110337156
975484045
341896388
135093339
388842397
1602319517
898295882
81017491
468565620
1048518168
140422962
350760941
273220234
1975138387
1675684180
771614414
66265256
2035437742
1778323447
1249892707
1733838897
1983057532
1028203628
2098110623
984286097
982145932
786755287
575469775
1474070994
476334932
123152141
1167668699
1702319949
1711671993
383977881
326598939
308633469
1672200830
1317468889
1460394707
1219381743
1952577094
19200582
213416269
474958933
1316063815
927975377
1382334354
445993914
534657421
1537326440
263890372
1459310289
1600775912
932216471
829164827
664374118
386650740
1233174604
2012158330
164641014
1819368899
1452247731
330844845
1730560602
932096169
691697472
1617604417
58118301
85979299
1072073931
1231170304
1268443375
1877032164
324893652
436300552
601995187
1842381054
1205017832
1257030023
117521075
2007433258
1057043229
880067350
1641159795
712596276
1971688631
1502027694
826585763
314200837
1896807405
1126814027
598356397
1129507278
1109844421
1651268124
869025647
197340367
933946652
1065118819
209612547
1340707009
2037276610
1942418927
427257785
2143513318
858057666
946088244
729192742
1809297579
180402879
421314052
1629449813
1957021686
301711737
1623213036
1286574620
50647570
535877999
1357381677
870180490
159152948
765074079
54489430
2146365821
1642526890
2027671401
2091070075
1736030288
1471971231
1637319825
1819842579
1117349041
685973133
1496897379
808190067
8070288
1499628351
1197851633
2036953571
394057523
680122242
1209423224
486719578
1988639078
1485733480
1953741537
707794140
941581008
1192041528
1989992803
25907308
1355449954
297988853
820959045
1584686254
1885603816
1575763337
1574000833
68443166
1195317441
1251267470
1500252421
982936551
511061420
24313786
19855699
889850209
1894891448
725160676
1038172231
576101674
1041033822
1514724791
1175618361
458821087
642029738
704436978
1417180088
927792248
1463227283
602764377
1980719927
698821694
562357100
1280666684
2128948932
1596207209
503387763
27202977
1281877235
1252399450
254680711
1775543568
1829087193
2133687153
157652983
768115708
1560374580
1449511308
710699894
2045718729
1471700648
1484954909
622452010
246601086
894286884
975906279
823081699
1176592137
1659847267
1099602773
1659304809
1977122601
1304573839
1743792503
1862090990
513778428
1848205312
1599501210
895537314
1037469733
1016479009
1112696450
1423618405
1751104153
1989941364
2062201926
1189856152
496559367
413236396
760542152
219333645
132611554
1853153015
472579536
757222428
1576991500
492001887
872071621
1041596631
1290688032
280788806
901540871
164315989
701844316
1725716751
1314805739
763024427
394157353
1099230172
1658054484
531758073
1856063049
130190449
1133246955
1046211360
2011309212
1982501943
25517562
2060526225
928794255
1194988381
1711486186
1348720577
122430754
1905410841
1372120407
1751213496
282768531
163224076
23385293
1412988233
667211180
1416398020
856343330
477947484
1648120230
996861019
997343600
2096940135
1049389753
430413116
532373164
136867835
845327169
236675078
1780696040
1305286523
1421688206
324589193
536091169
196311271
369800776
2057879277
1949774790
1563895510
1453054845
1552338673
434508742
1585441410
2026279497
935303505
960924756
130938109
1788984609
2019340098
677891898
912437634
498365628
1041897495
972679639
1847274214
233809310
2138071301
1972815543
1844319790
326089794
2087757571
1219194573
21935162
1282714083
1206131915
18998351
571923614
1767451623
192327422
1851232558
221094801
129425385
1699514468
930210609
2093296894
989023841
73160785
1734496173
484531896
1338684914
828661027
1350867171
587350987
548405584
309220583
659934966
1265111789
1453715916
1186371099
317728391
43248148
1143744638
1921823374
845111023
126316833
2124109838
1921525348
1361252888
66500025
947292446
1364309302
1324345336
239252021
1902902104
594163542
1150699435
1925714351
1302252815
1524742448
428130349
1576330045
234566548
1040051915
1279656625
1070665274
1634315800
1434262895
1614669984
659585471
1330789689
160611681
157720369
352516401
765937963
1242379722
1535554209
1218785268
406880388
308819126
1592414992
215399998
1195940259
201671991
1555418360
720185606
193298622
1870423466
1980550986
1000345370
1743854727
1678802961
1663678759
1732402512
1225880443
1307559583
465160503
444945365
912366535
925242963
872851626
1853705889
227114967
2082972092
272853961
1223516939
280568188
1035748827
274383416
64881784
1239197112
1794640677
1014870218
39060015
1579750185
1022588071
2030948097
918573128
1431719185
993943364
754164256
328609219
609842430
900879130
396447727
645683638
1564179738
1920289027
898335499
199698846
123360529
600573495
1583741671
1052013269
698334106
1491816463
898556259
1522489636
2040487589
828987876
1114349575
1097938032
935236639
1348792086
497782492
87416721
874681701
822999849
353400551
1603068480
113690434
571683337
388137539
441845806
359348390
1119009390
2058671066
1326389041
1151607270
1458035802
2096734399
253851289
1087753898
1049482688
1203258667
1111079329
1291123832
628102975
1034252051
806362882
1176131546
1514294027
746920034
1495807905
620257837
1551804397
893364952
1593771624
1001237001
2068787808
219105151
587336497
1273094216
1913564636
503303109
1637796575
221967285
1270358065
667668027
48334471
1470102867
31975689
1447718121
361952204
1242720071
1811910544
1271228235
1336928329
1791121507
263030831
1900846572
1955793446
2114588239
128734323
1293136286
1297594317
416051286
1277198093
1354243155
1811839159
300795082
531830258
714718620
684616032
1256330005
1836999843
1674933435
678704217
1463508062
272420999
1871774310
1872120444
660239572
1594218867
432081947
387918905
1032316826
761487436
1191557914
242857487
1667690319
600405444
440930564
59277847
1049308473
1285362496
1997122574
979407034
1050306829
1159348186
1920619746
1642105475
1349403485
783303554
218255378
1094782223
884892830
83012159
262540601
47158561
614093525
2619796
1813474736
541898706
855816158
1357584893
621968618
520060134
602178137
207787672
711398509
1603980345
1379199793
442561761
1852736878
1571749976
2006190538
1232307862
960758279
447795244
1078739143
1150891961
713564183
851435984
23031157
288422580
946040758
1214937220
540500951
1237816470
662814547
768659387
1797120334
770091899
192890733
1138873679
930660325
201529611
1264228330
353637589
1904858167
1464247065
1435615511
1259914762
1170112509
2136038507
691982909
1806962796
1007788856
1448152985
1550804956
524596709
1531131383
1980839438
1840554887
1287026338
1985180870
1158421804
186943323
767401987
1868835251
1496185740
962285341
1349474475
1988180990
1090836578
1360724207
665934774
1501188188
2040809215
1670451119
62190858
109700072
1840388209
2007861485
836513990
581102503
1895908677
334817414
1294290904
1686414006
1307734381
929909730
1554494379
1875169554
849710140
727277254
1978569469
1098609924
1241394829
1509882838
1613818318
2143246631
2142533892
308091563
1756051060
1817297175
692474988
219432333
651605452
1783625400
1673074240
897478861
436400267
1898193440
1574546245
916893122
68258738
1893430818
942246484
1008653150
1944153632
1142840184
956879158
439932523
209022273
1256711308
1762790824
1636510568
87282404
291795939
2132956285
1921199098
1591684651
1689526055
1431333091
1153309201
624820635
38533327
1379915197
1251015320
1307443283
117049965
686357296
87106008
716745818
851601811
306000442
1559423850
1007306769
1401450851
2015250556
414300119
1275669703
811453106
437433880
256633294
593148011
1795263704
773066677
1875852544
923018332
791961879
820729503
1142780060
774420317
1823158950
300345612
1008131938
1808524452
658019673
393213049
878198630
1934952977
1373482222
960588851
2096259940
1736155004
1198915318
1340122610
1305900986
1570621735
1799240030
932699808
1570690310
812670803
455907225
431294775
864297564
2073468142
2123509868
894659016
1750081828
1595983721
1600591445
396140183
1872436367
1901347240
815256729
1515575652
540448436
