1973111
2791521
3970379
5638945
6826586
8009561
9127423
9995436
10558555
10908863
11752112
12691482
13811240
14539438
15827863
18053071
19078911
20267824
20922235
22584595
24147907
25799897
27227059
28848172
29540358
30385357
30922870
31881618
32382920
33218310
34650677
35217496
36278897
37306083
38324271
38631264
40260638
41393037
42012210
43644676
44126147
45494335
46427922
46544381
48259854
49049672
50227639
50866470
52072623
52528283
52948112
53063167
54414585
55139077
56258168
56988814
57486038
59024114
59977867
61119808
61364603
61739357
62559531
64491531
65940766
66626258
67701587
68926185
69715454
71462612
72482415
74036245
74951296
75808597
76685506
77767794
79184941
79767522
80816285
81777507
82574415
83697656
85124486
85464593
87318274
88035518
88753478
89398507
89724540
90741786
91224784
91813628
93841107
94136223
95578781
96492288
97138592
98186537
99917413
100778360
102515831
103290712
104933626
106464799
106914920
108016635
108508862
109079342
110621451
110976948
111326989
111528817
113024299
114354865
115998140
117354565
119076471
119487245
120823024
122818694
123018763
123834525
124025685
124853455
125819289
126790654
128249566
128946746
130122832
130214458
131140802
132271737
133425921
134134166
135204546
135962208
136829759
138177558
138454934
138901316
140258450
141228766
142460826
143871919
145505992
146374590
147597096
147956300
148521412
148878234
149991988
151924594
152880388
154614622
155485387
156842427
157567146
158035573
159137884
160930339
162204252
162634990
164261536
164637063
165750708
166950378
167324841
167463486
168702503
169349668
169800807
170222228
170443266
171845561
172284195
173668674
174637470
175734560
177175821
178182448
179085395
180809754
182641094
183270234
184418807
185810448
187163431
188956924
190343172
191914399
192998826
193706776
194342983
194438799
194878478
195242308
196629057
197321040
198690510
199486739
200290572
202432529
203771187
205236525
206206453
207610529
209113435
210662828
210897852
211984833
212263922
213312110
214143100
214186022
214483197
214527978
214856287
215236731
215903049
217597134
218284461
219264241
220710162
220953904
221957735
222580910
224042285
224256194
226279589
227057892
227196240
228708850
229579908
230835819
232092611
233255855
233898795
234655972
235325552
236650560
238319485
238862478
241006904
242215401
242810534
243736675
245252149
245611230
246881168
248053034
248523838
249451297
250030632
250405822
251264584
253293922
254548792
255556906
256586912
257284257
258937395
260374144
261171311
261418583
262140105
262733367
263684422
264323932
265524569
267482320
268932500
269891740
270960295
272165227
272680220
273594859
274033667
275745667
277437890
278316878
279903108
280831815
282135641
283573829
283982478
284543716
285424627
286195196
287593749
288774771
289876125
290951165
291771141
292836917
293254592
294222005
295968062
296585579
298151254
298153612
298611836
298912966
300145290
301286826
303146535
304123338
305913458
307190257
308898580
310314843
311902193
312023787
312701264
313349165
314212411
316136808
316975569
318865539
320065905
321468519
322348203
323178514
325150811
326519370
327296077
328463840
329977504
331054269
331135041
332374515
333337689
334404277
335723077
335984850
337324283
338992450
340514898
342027175
343670057
345321069
345884259
346872711
348062259
348615358
349601964
350167655
350740129
351259924
352712661
353574769
354515809
354899090
355663630
355925022
356688191
357508622
357946495
359416593
360632902
361027618
361590001
362611022
363333175
364301775
364642057
365447493
366850347
368148813
369120960
370583913
371624843
373213400
374500033
375158985
375718636
377149591
378168317
378697084
379507437
380810268
382205583
383234419
384447746
385662379
386193540
387493787
388202956
389210190
390614180
391355950
391983435
393335066
393896692
394135399
395552599
396216185
396561843
397670017
398252538
399273690
400015277
401437030
402652972
404665567
405932081
406886603
408646469
409391695
410749667
411605537
412130630
412752359
413293313
414319262
415469252
415990697
416366546
416718884
417909326
418753951
420560826
421697916
422697732
423457705
425035916
425427170
425850176
427250246
427619169
429221218
430900757
431346413
432716364
433482649
434031296
434863620
435644176
436916496
437595743
439201150
440338688
440635763
441966802
444016237
445178876
445947102
446823881
448290524
449062507
450001814
451387071
452111348
453476578
454413168
456088197
456700083
458422143
458890184
460460053
461700285
462232119
463077532
464464056
464991918
465227164
466396159
467062652
467354952
469185629
469893169
470739971
471318815
472432346
473075277
474142829
475151838
475990038
476954238
477207948
478190961
479421875
479723349
480556414
481953397
482658465
483492605
484155548
485211728
486081102
486168033
487480659
488150310
488694987
489800968
491187078
492012117
492938480
493842078
494238748
495209808
495767746
497730300
498426395
499345884
500695354
501339813
501756037
503013069
503644881
504886042
505306297
507049932
507868468
509364385
510857671
511400687
512162991
512737044
513435026
515276603
517111107
518109993
519088466
520543493
521451551
521630648
522354791
523749982
523798460
525149769
525859107
526568511
527712896
528700351
530286392
531139519
531594937
532707505
534337810
535188748
536611774
537719629
539124198
540433009
541064292
542349016
543033151
544472022
546162208
546328641
547351562
547575081
547844758
549001402
550076943
550514824
551406435
552704699
553312927
553906713
554291784
554422492
556603682
557448956
558685532
559601938
560333795
561440623
562287933
564181509
565369216
567017767
568593542
569450734
570046566
571000889
572497231
573011938
574691591
575037946
576441734
577169073
577268852
578369614
580150813
581324228
582362250
583906216
584856769
586238919
587040665
588597874
589767568
590129474
591116474
591661421
592612308
594200528
594692308
595820584
597261179
597682759
598642452
600322316
602087833
602934075
604061386
604468669
605278758
606234423
607657814
608963448
609340130
611013461
611242246
612511276
614009048
615663897
616963200
617897145
619298919
620276085
621533820
623127381
623767025
625290490
626111678
626767098
627850918
629269669
629821877
630847187
631793729
633724756
634103940
635927860
637393916
637601653
639552980
640725325
641487128
642459926
643219958
644364361
645226676
646767601
647580443
649130346
650554967
652143558
652908514
653830292
655393247
657199264
658715890
659090826
659799013
660685185
661822236
662477838
663954506
665356277
666375327
666770713
667645016
668484646
669551656
670520568
670955849
672550137
673812487
674323634
675597271
677250916
678617349
680119664
680662368
682075381
682241484
683089489
683906702
684641798
684647978
685467647
686565307
688490981
690918012
691581917
692581692
693153562
693905676
695539523
696548191
696623330
697831979
698045132
699361613
700739717
702260807
702685688
703679470
705560242
706402413
707886492
709128227
710088975
710679391
711821024
712187831
713771050
714809173
715781694
716933355
718054484
718826759
720680118
722231535
722840235
723327600
724525779
725834364
727158535
728593084
730281547
731365919
732175136
733338072
734482741
734886032
735935544
736154355
737431766
739353388
739639501
740312646
741094674
742472382
742899571
744206579
744817079
746367002
747785772
748556319
749025540
750109067
751932515
753594091
754700393
755781276
756972316
758079075
758978376
760437846
760839671
761771628
763003434
764612750
766360408
766454240
767721448
768637799
769896673
770817075
772372166
772778942
773233857
773629064
774974091
776574741
777690181
778872051
780803304
781426824
782508722
783733954
784307033
785568174
787203669
788217675
789229605
790736886
791210844
792290475
793057108
794199980
794983390
795418171
797057730
798018130
799970892
800752237
801795039
802623063
803462764
805317614
805739953
806151089
806996760
808302524
809448533
810058051
810431404
811237897
812988597
813909597
814479473
816007920
816417828
816939016
818080327
818886166
820913972
822078610
823147124
824010577
825122263
825928341
826343811
828168048
828535632
828989519
829676404
830615451
830616340
831468066
832480093
833210349
835082563
835904318
837827097
838359796
839526306
840912822
842409128
842778718
843738927
844364667
845236291
845785124
846895751
847141444
848540659
850515509
851212109
851722223
853597107
854230318
855611010
857092530
858281610
858362244
859438787
860367597
862367599
863178200
864026616
865014117
866052419
867228270
868075162
869015288
870486707
871705805
872613454
873333761
874096915
875232746
875784727
876316633
877924799
879800572
881101998
882343437
883594815
884122754
884802593
885845490
886588931
887534458
888404548
889844031
890796410
891022601
892465497
893354218
893773842
894307764
895605946
897662586
897976050
898588164
900136403
901055488
902069706
902393110
903564718
904419383
905594516
905949091
906645655
908613236
909096141
910191344
911473784
913189146
914368997
915088156
915456681
917372161
918850524
920657970
922133294
922938258
923833517
924646644
925082639
925402696
926455851
927889775
929758219
930788991
932162655
932700436
933934116
936138883
936881888
937830093
938608918
939727802
941055958
942040986
943206465
943729094
945252406
946547399
947814395
949075099
950692477
951691066
953017732
954464079
955591782
956771303
957243497
957928461
958274977
959576759
960259239
961690724
963044102
963524968
964637260
966140358
967169613
968187734
970029194
971745749
973241527
974096698
975436240
976341941
976927932
977436191
978500587
979734733
980326392
982047280
983146099
985011562
986859903
987612452
988954201
989839835
991132282
991355784
992855739
994107372
994646860
995680039
996944687
997964518
999606097
1000555266
1001139499
1001634108
1002517606
1003858048
1005294776
1006294555
1006980180
1008698037
1010216137
1012868888
1012994640
1014310321
1015735156
1016667967
1018661439
1020185204
1022233132
