929706
1463128
1727851
2405832
3310639
3804851
4116328
4233383
5137567
5384550
5957603
6688631
7341122
7522184
8477468
9181485
9889315
10492969
11366983
11766169
12321496
12949828
13151038
13592910
14033396
14173219
14872908
15355565
15734232
16267802
16767498
16860634
17370145
17487365
18242861
18956021
19467296
20389684
20618246
21285734
21456349
21879486
22289155
22742254
22860105
23629196
24158380
24230278
24904782
24938082
25463308
26465446
26663214
27139253
27942333
28471407
28991512
29664057
29862976
30275219
30798785
30897355
31269306
31777205
32366263
33122979
33440869
34255858
34464207
34685328
35223241
36061875
36913492
37020900
37487773
38066793
38424191
38995545
39187002
39613318
39784751
41013608
41714671
41931650
42450907
42991827
43608591
44341479
44812284
45373677
46138412
46445838
46895392
47232301
47637343
48574800
49241252
49698293
49875312
50019766
50530559
51190233
51942599
52639471
53000777
53596693
54260419
54719377
55213911
55663447
56438568
57560654
58377454
58908023
59986237
60507489
61192692
62036444
62786136
63446879
63482597
64107783
64580272
64847197
65106688
65607253
65970964
66496042
67123154
67383431
67745551
67844320
68584882
68995022
69396377
69874832
70393707
70954695
71865740
72123305
72611935
73597322
74515757
75025679
75783584
76562285
76882837
77338993
77606423
77994803
78661394
79213820
79927333
80137770
80615328
81110944
81629661
82327501
82889145
83201366
83484556
84482871
85006007
85962825
86390946
86851602
87351261
87818634
87930880
88209561
88725561
89428648
89998111
90791812
91218987
91762544
91906039
92468174
93046457
93461591
93557259
94089229
94995071
95361188
96000130
96443649
96648740
96925315
97194032
97709702
98132140
99003953
99654439
100505315
101082837
101526322
102008676
102459381
102651134
103451907
103663954
104305809
104687503
105283381
106162211
106757159
107255997
108051614
108551969
109108614
109288209
109506997
109982102
110773185
110983310
111220169
111378092
112040860
112621900
113621903
113876023
114635618
115247933
115883544
116429138
116839240
117662409
118607020
118708498
118844743
118958556
119667065
120069327
120370773
120654799
120998142
121479890
122139380
122662007
123867280
124511611
125294416
125893681
126199476
126600840
127332376
128208900
128418658
129214693
130145252
130813732
131377936
131957640
132466564
133053656
133389564
133651429
134124848
134131690
134609630
134892066
135344619
135757626
136251292
136931923
137052487
137083616
137435510
138196119
138433726
138893526
139559401
139809070
140132538
140489159
140497323
141198464
142089320
142393471
142912070
143428265
143511677
143866603
144283424
144886229
145401961
145788689
146279781
146759872
147682230
148564222
149081760
149922939
150280339
151229427
151689370
152076853
152565676
153429837
154092031
154912426
155308438
155729014
156283363
156575655
157505266
157989376
158455469
159305501
159963705
160224817
160814086
161464551
161710884
162666335
163679080
164154263
164604281
165467048
165990771
166109327
166737950
167192809
167774362
168182986
169060769
169561231
170032274
170419756
170614234
171011058
171508574
171796446
172419469
173222607
173832385
174355861
174729318
175538057
176264597
177371074
178112436
179018911
179669123
180474341
180574438
181309802
182075577
182738196
182962142
183514735
183662422
183919625
184590225
184813329
185611957
186362966
187016868
187821205
188393865
188606327
188868446
189465479
190258943
190315925
190649017
191293200
191707737
192560912
193554459
193744082
194392973
195048358
195473416
195955129
196460246
197151540
197938368
198489272
198707956
199609016
200126103
200571095
201273112
201819981
202676006
203340081
203593523
204664578
205139582
205519074
205868007
206202867
206814877
207066910
207458281
208219573
209049382
209424331
209662008
209864165
210292507
210741448
211699744
212304809
213024033
213504933
214028111
214805911
215207240
216055455
216259489
216619010
217337691
217807861
218147529
218843870
218996857
219684414
219822663
220077678
220415704
221335957
221788617
222174599
222627232
223377388
223574094
223678263
224215072
224768368
225444349
226212674
226792103
227375463
227865542
227921606
228582761
229214006
230237143
230280266
230396990
230833310
231199626
231742347
232334074
232993919
233383127
234026451
234513319
234946430
235688363
235946217
236476415
236735701
237398638
237856068
238431022
239206575
239545281
239689914
240196536
240499993
241718029
242478498
243579163
244544195
244844043
245127383
245415834
245526941
246066835
246695354
247419065
248216316
248472179
249297758
249501382
249894103
250576483
250636867
251155648
251613949
252107244
252541679
252958123
253538505
253724314
254334005
254905685
255016391
255446932
255481823
256041866
256422633
257408204
257998318
258247375
258891116
259135759
259335207
259630472
260134792
260272015
260489927
261147132
261763699
262504125
262975985
263779572
264366707
264843596
265362732
265781533
265920633
266706833
267114343
267528927
267919011
268516433
268838727
269571367
270186501
270260896
270567136
271035980
271608128
272234430
272555822
272732554
273200323
274024822
274744040
274926347
275466075
275905620
276286329
276621465
277327325
277616385
278534542
279404282
279797936
280646757
281187524
281841042
282504158
282934086
283612300
284187913
284728553
285388601
285881599
286919332
287572722
287591142
288442499
288950608
289142760
289811148
290027672
290314469
290788128
291198925
291879225
292632322
292812671
293041923
293229590
293848385
294379876
294816568
294975872
295571495
295946959
296481055
297553030
298724405
299495808
300150941
300727243
301349474
301754775
302286291
302886669
303023522
303254106
303873077
304317301
304665485
305417266
305881472
306761270
307285201
307872168
308764145
308834706
309303598
310034234
310717293
311532838
312066215
312508239
313002285
313327460
313771171
314429511
315425471
316507469
316695126
317276896
318048155
318827037
319134590
319439032
319843701
320163542
320409026
320877691
321749139
322280339
322482048
322857923
322874633
323650447
324274534
324564469
325506125
326220333
326721500
327295798
327720815
328255430
329146515
329286197
329747063
330193856
330656151
331188682
331634418
332106917
332713038
332958454
333334766
334101583
334843284
335305844
335862609
336383533
337564601
337993280
338736833
339446033
339801443
340592555
340861287
340912896
341351338
342381251
342950281
343225500
343459032
344028500
344626628
345123643
345441794
346230702
346479610
347078888
347933558
348287804
348408201
348597150
349317573
349503331
350061654
351147900
351842952
352269301
353185322
353494417
353610803
354734455
355233867
356307589
356641407
357131005
357700258
358575417
359137288
359685162
359886702
359901936
360622217
361032849
361452243
361843134
362251789
362536443
362960373
363786172
364663828
365118318
365586144
366178218
366513726
367459166
367821551
368232307
369085683
369414421
369881399
370092725
370664183
371058796
371291484
371972236
372352780
372966696
373582958
373706967
374053624
374423374
374837868
375156946
376236954
376990529
377674735
377965346
378616241
379053288
379519599
380126831
380491594
381009365
381197483
382104571
382655805
383614222
384226951
384333447
384550221
384846113
385165614
385548642
386005561
386591659
386926206
387469835
388125862
388782993
389542480
389931454
390594873
391239583
392118973
392967526
393520109
394220003
394234372
394946729
395442101
396070926
396133717
396739610
397423852
397864441
398143093
398610909
399273761
400295816
400908187
401459728
401890176
402413880
402772221
403341860
403875378
404189698
404825757
404880463
405306512
405763607
406214962
406401715
407359668
408430019
409514494
409647446
410173710
411251344
411962806
412728739
412754593
413323862
413529730
414047191
414684453
415361949
415441296
415505757
415945076
416802272
417820646
418289973
418768473
419509918
419867357
420367050
420555483
421331988
421844028
422324368
422646221
423081937
423537547
424368065
425211379
425746302
426506665
426774930
427308823
427920147
428894736
429951669
430790312
431353389
431511756
431946823
432347187
432747667
433195541
433535401
433681680
434202085
435164053
435320418
435733888
435990296
436551459
437031882
437411364
437813758
438473216
438963347
439350296
440084645
440305222
440846684
441601976
442172835
442779739
443406645
443661403
443941865
444271796
444917226
445163400
445880365
446295598
446750940
447536770
447787881
448136248
448502286
449060840
449734468
450243854
450630454
451116052
451538126
451881939
452438610
452936805
453527648
454333264
454446533
455205073
455538774
456492136
456541472
457123224
457123753
458153079
458337804
458782980
459214436
459788011
460020687
460565194
461033340
461606130
461607659
462127223
462901310
463333788
464057763
464987283
465883666
466699538
466999409
467480870
467971489
468766171
469077597
469378184
469602145
470304938
470623603
471110059
471785210
472266166
472886255
473254861
473839030
474041251
474533759
475130532
475289339
476194085
476560393
476845665
477492076
478270642
478746569
479285386
479410277
479580480
479987882
480484266
480942519
481585855
482155419
482636015
483415829
484093803
484654698
485279017
485621476
486309588
486390772
487058473
487630742
488515749
488954916
489244921
490216440
490632363
491518643
492078232
493111398
493544447
494369104
495190567
496021389
496266322
496844188
497351680
497676798
497996583
498492451
498925732
499167822
499325710
499547290
499575986
499807226
500777503
501148797
501760086
502063751
502170524
502897696
503175855
503710327
504042607
504204013
504583638
504943861
505591043
505730523
506268726
506454227
506656646
507591954
508309944
508479627
508948756
509216672
510167755
510475136
510731823
511299832
511984575
512117998
512626363
513392697
513593227
513737515
514149443
515096610
515541635
516368651
516547471
517048413
517869543
518282577
518780084
519315799
519688548
520071757
520722890
521089538
521854310
522703479
523572209
523784706
524398791
524712135
525302293
525904591
526665513
527372539
527788709
528516222
528981394
529254000
529536895
529909714
530120196
530893791
531465380
532152841
532804073
533194007
533908220
534969792
535490155
535976415
536275250
536617745
537131316
537591780
537986940
538734145
539191071
539755104
540371717
541163055
541604877
542187863
542858815
543321504
543353871
543881123
544160689
544639325
544950482
545610890
546210355
546992505
547487297
547860367
548587766
548920917
549718327
549834678
550787286
550957762
551522057
552467401
552657282
553101040
553400207
553674158
553807866
554360295
554907999
555717444
556192156
557227065
557764340
558134860
559571855
560299126
560887947
561637391
561879767
562282247
562804986
563653643
564303956
565067987
565912036
566395307
566780479
567150323
567951904
568688796
569668339
570557609
571038704
572045424
572635270
573190070
573447109
573991283
574653591
575277697
575875394
576503372
577104684
577653697
578252170
578519855
578958247
579638207
580447345
580507903
580941433
581642567
582645967
583293774
584034835
584719497
585383051
585670377
585968318
586450854
586673869
587404134
588014555
588162550
588953701
589416875
590053019
590106702
590372439
590659311
591215842
591573524
592735470
593495227
593779100
594183517
594651239
595298471
596179207
596751842
597399785
598019970
598794511
599186540
599825199
600277391
600970637
601748820
602656376
603082804
603814805
603939056
604580344
605374982
605730239
606269090
606691022
607082327
607876645
608854801
608963154
609637849
609830303
610349712
611048467
611375657
611758194
612326742
612988034
613712833
614156765
615017566
615785672
616769379
617540155
617852573
618317859
619065060
619268711
619878166
620081380
620441155
621201624
621741554
622167298
622657230
623283282
623945668
624586556
624653131
624842242
625692581
626209931
626915953
627053467
627158655
627259629
627780598
628268501
628943711
629217043
629669355
629861109
630796332
631224591
631986865
632565242
632805995
633308084
633505885
634169844
634406370
635403717
635973841
636491645
636737308
637127286
637677028
638371899
639064487
639239965
640077344
640382790
640825909
641353786
641830321
642220805
642985213
643523874
643611792
644121429
644496358
645352423
646160990
646852957
647759962
648251244
648570251
649258334
649734686
650224746
650720403
651523870
651777332
652106846
653146029
653209511
653914036
654727935
655533868
656266343
656711432
656874430
657032827
657972263
658018077
658584771
659428393
659813905
660441440
660913887
661680940
662210743
662688676
663197269
663770013
664234168
664805331
665511846
665843590
666660299
667164989
667391370
668220516
668627567
668948100
669558453
670250611
671294806
671860853
672280648
672295601
672744142
672904988
673425212
673838505
674478826
674763401
675310760
675745200
676467023
676948640
677375979
677854016
678459125
678573148
679286542
679950827
681220707
681936673
682113282
682535452
682882116
683274813
683862051
684261794
684528145
685028590
685333877
686148181
686945292
687914550
688621965
689048424
689529231
689878147
690344949
690617277
691148517
692429448
693035537
693481496
693834164
694525050
695175258
696104633
696880989
697110268
697885414
698691489
699378804
699823415
700615000
701137731
701934430
702380618
702644479
703122780
703274831
703781055
704713363
705054601
705480766
705703156
706165166
706323069
706552272
706774594
707304155
708331989
708664067
709248214
709782323
710274497
711306025
711892179
712528202
712853342
713235883
713318661
714018797
715056976
715710608
716285025
716688101
717149020
717403171
717947150
718243638
718639388
718975766
719388762
720270913
720964142
721433629
721731174
722157898
722667990
723159189
723619727
724180479
724616984
725184478
725715657
726043277
726317898
726637551
726934001
727117994
727446873
727572027
728253168
728920821
729312547
729768683
729924860
730305542
730672584
731789058
732333351
732838587
733357364
733833301
734080680
734421087
735013034
735463351
735737137
736472234
737430899
737698091
738734905
739298138
740133298
740442031
740978439
741419830
741458029
742134406
742358962
743182683
743576756
744113155
744635796
745138579
745268272
745901364
746715639
747577902
748088689
748795675
749377965
749492605
749842053
750134322
751078924
751297517
751504681
751877082
752407957
752606218
752881538
753244319
753769534
754043053
754560500
755115509
756173062
756994454
757219889
757725554
758672961
759620684
760092177
761131521
761604650
762261110
763021617
764167668
764987452
765340445
766058199
766952400
767624804
767868834
768262166
768336504
768897119
769116887
769830525
770497289
771295668
771935601
771960959
772534619
773109172
773370606
773883444
774250000
774710697
774982808
775222865
775588502
776032326
776901927
777195430
777877646
777907629
778619098
778992392
779633878
780216440
780350182
780665767
781257547
781489414
782119960
782291401
782856375
783476052
784036787
784654588
785046873
785734103
786824470
787196732
787824482
788450983
789045737
789993170
790837186
791091734
791685789
791981891
792629906
792795507
793505802
794244644
794789342
795172935
795916155
796360566
796986999
797570987
798006066
798630775
799801083
799868091
800083078
800561461
801375649
801847409
801977527
802923733
803305406
803561414
804172416
805073211
805541931
805832374
806706513
806996090
807391304
808004806
808994902
809615519
810238382
810417065
811106196
811303014
811967721
812291294
812386581
812626834
813173603
813598310
814105641
814685547
815193779
815689580
816014249
816167588
816505808
816710922
817262186
817352478
817705309
818163470
818491625
818866330
819289497
819530742
820427712
821381036
822295516
822483311
823314002
823617607
823999415
824493753
825136351
825491813
826138234
826562713
827072853
827358603
827444066
827978650
827984646
828255293
828879116
829807964
830118360
830530655
830997579
831980570
832173202
833052444
833693361
833940359
834060735
834277977
834395090
834870596
835148015
835720200
835939700
836278185
836504279
837012557
837871177
838270451
838980837
839394156
840108784
840340863
840513306
840869177
840903242
841154442
841757928
842089986
842377752
843038316
843169099
843525133
844029867
844594423
845164602
845742234
846459772
846966521
847431738
847794517
848202735
848320299
849118873
849392169
850500112
851140893
851646835
852505866
853699529
854176791
854689134
854984605
856018249
856809513
857408860
857838627
858141819
858855972
859315994
859476255
860171223
860633171
861575378
861972105
862692688
863027868
863382654
863648880
864477700
864864973
865143563
865929428
866474253
867174403
867903171
868341761
868877112
869450918
870065676
870643424
870943191
871505236
872260489
872746449
872942417
873626287
874239060
874772505
875050818
875355048
875682634
876040104
876207824
876848995
877040020
877471937
878171665
878560762
878771092
879496874
880353045
881261775
882003643
882631992
883099145
883305303
884101901
884574390
885361592
886092635
886990984
887532088
887704126
888399237
889279625
889809894
890492643
891181755
891496515
892660683
892973304
893531867
894058390
894149768
894515901
894882845
895437051
896259986
896911272
896974142
897037033
897518673
898392441
898715819
899267813
899667482
900574019
901168625
901736641
902250615
902602162
903308226
904134730
904487005
904956805
905902387
906370412
906922468
907348626
907842122
908691611
909161644
909684263
909923956
910945462
911200612
911903044
912522915
913179428
913313318
913435131
914027221
914298849
914624608
914834359
915340833
916013379
916632279
916726600
916858726
917485208
917703857
917783446
918199942
918822300
918891717
919305046
919942751
919977923
920721299
921355906
922445491
922842515
923357565
923649462
924314648
924882762
925300625
926067277
927128223
927763042
928398504
928665172
929061627
929425426
930231055
930770318
931330358
931809407
932223127
932486459
933321120
933917256
934402120
934722632
935278848
935810072
936595973
936851620
937517785
937825842
938518770
938852437
938875082
939388171
939934693
939997542
940209027
940948971
941201772
942132807
942602780
943003594
943064681
943713386
944369887
944903373
945493745
946375046
946855545
947415849
947860503
948444998
948833705
949417165
950037224
950295722
950497361
950681225
951065531
951150327
952023774
952489944
953213940
953416420
954014127
955062978
955591735
956020183
956324105
957024038
957573831
958121500
958629593
959165063
959655208
959996817
960879735
961206278
961284644
961743436
962081799
962441281
963173138
963659553
964317432
964767726
965239766
965772464
966211639
966866168
967627455
968374590
968498391
969240908
970075902
970222135
970526774
971109118
971586024
972170642
972816699
973372099
974198541
974446958
974716683
975072230
975625698
975988668
976802396
977376676
978008248
978182615
979007722
979200152
979559292
979927721
980324543
981045278
981685353
982050033
982965264
983360505
983741463
984031205
984376313
984473756
984651622
985473061
985951671
986716217
987282122
987694493
987912708
988309436
988574753
989259377
989881631
990216320
990736480
990944806
991321025
991866856
992075751
992570918
992646348
993126772
993564785
994335575
994674289
995174923
995968196
996771445
997353648
997835266
998304185
998840751
999651585
1000029698
1001004161
1001703399
1002392242
1003324110
1003725717
1004281472
1005131869
1005766476
1006556246
1006587623
1006747398
1007552070
1007703628
1008131684
1008628277
1009468934
1010138017
1010761005
1011157978
1011291305
1011827603
1011991431
1012684966
1012928611
1013728721
1014539441
1015646103
1016430329
1016667602
1016930737
1017674122
1017690629
1017973758
1018295246
1018775211
1018930953
1018935604
1019415970
1019856299
1020562281
1020972218
1021624304
1021990098
1022627462
1022859818
1023365192
1023763287
1024272920
1024857698
1025788284
1026533102
1027201699
1028026032
1028826115
1029004026
1029839607
1030682671
1031602305
