1489905963
1030386883
1291627394
130129896
667539595
194881513
422309109
2124223363
504559743
862449333
1258886224
1580951064
1007542075
919315231
686640416
113236388
224040245
1049190713
455113347
616037307
2139763379
1587205880
1839462596
1683517473
731401199
415993363
1224318616
382374520
1666627043
2090938883
1019697140
65880339
1280609719
1847260203
514020489
1568555752
1898843333
1650970642
1306158045
1162271396
524374853
1957532107
977385735
1706899673
303887258
1232511094
1237250055
1555406675
843032632
595242719
1371852480
1029253000
1854750256
1750504515
1429265298
1589984813
97738329
428453683
1398637464
1586890213
1215921949
1909675154
1283336827
1531900692
883026141
116452537
1159077361
221778642
490100482
1675985081
875628246
972787452
1161387937
1249745344
1301484005
1731600740
1021209546
1875801236
1140894227
1533429800
133999214
2099096381
731987592
240200992
1510868970
219059904
1727934011
1462850161
1639044148
1313131269
299275048
1458714175
1564172704
1962880730
361908017
142425983
365921872
1655001616
1596595343
869230058
60328502
1425589187
192996339
2002003725
172403655
1488341688
84441661
620329597
34342207
2031026654
231192535
247043880
421870730
748649207
386513840
1142062023
158140374
160115024
969714641
1949322352
1393504435
1866757804
894365
512669512
567304163
829293631
821114793
1051112022
405445572
575125974
740515637
1778451570
1599275863
610428180
1631560519
937110364
599519212
218024662
507610979
1033064681
1936672620
2125016248
763834345
1147740503
290416963
74474673
1685303819
1592554690
311017448
1638389977
1289496936
63954352
15507722
1788193100
750931274
1474580167
235062872
2078448166
1662050169
853813662
1383155949
389503917
1622798010
1971792048
1606003031
1531638415
291276519
1480439405
1993346626
1860182592
622266540
615274
881755078
2095831941
268763867
1129401785
277914954
578605327
1723533165
1852599124
1208990739
85750847
1199609366
1812515251
193854573
1818475528
1034933892
263582845
471870324
1736587251
1495563315
1237964123
1989121919
496767291
1654574575
515538663
1141042474
105626648
353725160
1174172867
1073419007
1885223705
985663339
1956389575
450483649
1949103786
2093939523
2135053650
24825684
1525041846
434576299
289318081
1380160076
214305893
657914606
665839102
1159119888
131164678
1240614813
2014433840
1315336106
54372105
617719149
1635268496
551320367
660559395
713095594
1790125403
1096075718
1459082132
1615578460
446473443
752038998
2131812741
1400293109
1510453697
1750606544
1383229578
1764736435
156320549
832122902
1933344328
275761304
2039437390
844096134
1349514288
473594628
266803733
2091328296
1079103593
1256939756
936526755
1861270896
2142909132
912608441
2016224322
165073327
933578761
210921663
2045357137
1934738461
1038421223
223979096
593041234
678023803
364692392
714982557
1464132893
1624513128
1704664458
1772341440
2091447351
1819114050
1849047658
1728209417
904638270
1880250039
354205828
1419334507
839802747
469298919
864120405
1671929026
245290650
1243908407
2109384865
361282988
1867825525
1516397237
247834256
663555073
1264064012
388360995
1026883060
392607728
357772945
438859682
241988006
761575351
566903712
2039035389
369624078
30307582
668669836
1491913358
669675456
2126951889
2124596437
845718225
332351555
1976163129
1916060085
1467786883
595535086
1052979061
225266393
597594486
1158174700
410426842
723158829
1652875252
1187304286
976735812
605738704
1360254925
865992351
1664958008
776199975
1462622208
1963548067
468554136
1481442829
1666234626
700779640
317650177
850472488
1501341613
42545391
1042549701
1202103895
33391816
416523348
79659904
973692487
821457711
566572888
1120864089
595759653
631234207
601625104
1504701655
1316634478
1923278112
541905430
527144029
1536283874
1015131407
1609836749
1453266756
28094359
103469511
443866051
552697235
1375868713
793686252
1345464623
685069661
8227599
779092563
1670689433
403056056
1458393865
1989526673
2072522649
2088752981
1951163573
211494943
444746423
1563806913
1072943169
184206119
919022194
741409847
1406207547
389871598
1076250716
815283487
1275160709
109451229
1563580514
1041939239
847820900
901737773
673260074
535159037
576656311
1310651694
908873365
1700232358
250368836
453260597
1100630884
430063486
525450286
249377824
782665462
1396145100
348132995
414007943
7497263
597746177
1202150130
1132452737
1495037557
1311152013
1106135449
1999407120
489782740
1321836895
666065917
1391808298
1459825473
1096825847
1501406227
1700256869
1948928252
2040617769
291195515
696395582
1656124174
1246112624
290749900
1289618693
40596466
1052511980
536134922
1924378473
688687440
768552953
1822017332
1201269148
1496838884
199058286
534100474
1391136290
2111393150
438482031
1034209676
341897020
1591696418
1378653167
1922558862
737022955
919208271
638993862
1468837672
1082751907
1441745501
125879659
1211153465
411742862
472026879
568458318
143184811
1174839417
1775683304
1282065365
136200929
1610226783
1728403339
33606896
192076877
479587984
1781840890
2051090267
218801951
709921662
823036144
1993458288
937138200
790393124
1814720234
538173862
1617347965
1004974355
153877615
556736170
1430497318
1290785051
992674417
218903320
1922898870
1850330258
364551372
1171284950
388558821
157851716
1491140843
1918765069
1604189432
31419127
1142051978
1726760389
1824116050
180014233
1172500117
1720696348
648416804
1007275528
29983792
1160741667
2015304001
196164478
1796203472
662524246
1463814668
305789848
1545142406
1992140469
778956690
1250528513
1032662876
1612444035
346213812
1660712127
636066008
76591258
1383219069
1238173466
494796958
1923284841
1940696210
1923978532
1832133937
1412212620
832775111
648259818
2041453018
1465872902
517803214
170039861
343743649
222040606
1135739658
1522427389
1887996536
68592595
1456294786
842289771
1431614328
675960828
172324849
110463370
2027123010
125667329
1422518522
397964425
1155826055
1701907248
1334903160
1532510639
315213476
266946493
1213005043
672571100
733196389
258808153
664435504
1787450039
474754795
1946044269
523956960
1866858105
501920168
691070195
1629379960
65860181
553768070
130192369
65179168
748723843
1098874151
1906853523
1612957125
1626327784
1633831496
270055397
2061579849
1956208484
332617535
184776234
762398426
663168695
1371633059
38271195
1311542112
167876112
1214979850
142466111
1530102032
1290027828
2090238189
1826028707
2040676894
1647006536
109782184
792054583
944145039
321702971
22467998
1788728965
413091884
64312018
1537181562
1414144143
682815378
1139703633
1532894864
1486126211
1665085543
560829123
746200161
1947389469
1527771815
1672214247
847008317
847422617
486860572
1943507639
1200544771
1676233556
2006643948
1769971093
820167940
2052459007
1842196044
1937980181
1987565830
1502998142
1324752467
141674849
944325476
1636047459
2031051241
440495181
220839507
1897344513
2073992670
1321139960
1380201535
326896432
646120471
1491285531
2036454739
1528285597
1514912226
1240161521
1575273240
2077120203
1920766315
1615902403
1022792757
1946737578
847751240
2099261199
1188827733
844014034
1129389359
1181000276
164869158
762630748
1643327175
1240508797
8025469
1528105053
743191963
1803121127
1720373142
1891651840
1506085675
1916980241
285455225
1071895359
903188509
1446329055
1451329657
1949169982
1060512657
347696523
804344023
873895236
898104722
2143366697
2028353155
1620712534
78347943
1939631829
1406919170
1944039538
2015012490
1127858043
1840520555
537089125
1519322096
2027689538
182740363
590955338
2048757639
1338274966
271592232
982844831
1676149758
1080857296
446080611
1485733381
732587325
492330116
979844662
1233700756
736397494
2094442344
710780445
985817048
1045074131
2028351196
1297544146
1020507757
1856269711
1215987226
633540400
702078002
1131648033
1160581884
629800505
2050272301
1622622162
1755423588
299020083
757557243
1830465008
170463051
1947271917
970482162
1037952731
773663082
1125841183
2039606997
285263420
1571299454
669057263
1986558259
146871382
2043474748
937660304
1308176476
578265716
338884817
734019333
1274703105
174947458
2047682580
1414715140
597656935
763453880
35022667
957006325
989031240
1233573489
2024197783
1549504537
1139346758
2034975002
1627023101
1605847752
1905661452
1581425733
125866001
1231780307
1014776579
1462020061
789829185
673570056
9383086
962315124
82617275
2146696147
1718090403
1177779129
295556604
1533070593
880155943
693093637
1326506486
1929762976
1150535268
2068233492
1827131613
177821187
936803657
576130513
277217167
1918429154
1633666047
122186569
15018654
1590212765
519531523
178831042
1458237691
825809057
184078820
1173336293
1774950208
226418915
271964827
230384918
516519321
183499658
1501965442
1903450084
1760369232
134714537
1634123251
1045656220
784911093
594089258
1240822654
790922744
1385868838
372189638
1012279238
407928309
2127267841
1088501808
1808406264
601735362
1786549027
235914321
706234345
1078610644
2117443675
497199022
670379212
512375318
1483556592
1047534823
1182881164
808360510
1463259019
1994506585
39497164
702768187
881075139
1767689954
1387880569
1429258954
1268493379
1207234500
1732844296
1574620712
1906091930
1489317539
1736510033
2088505570
2050139039
1866507432
432573192
338315208
709321599
654616520
626796500
1228533504
1117527141
1817205535
793124621
850153014
78746308
1231135606
1920420375
1335678449
399016516
2092278243
817946709
289259521
112220742
1118500496
465383372
1438713109
1613822230
392572308
2034042198
403298665
1270656940
540858365
137436800
609485468
90339359
611447535
1021484800
239171743
458025127
64380645
457384918
1041490890
186191181
1359628566
1271705085
811510281
1587081777
13142260
1685274318
1180130611
1892173943
99816398
523083762
137723003
1769353168
2066204822
1345876226
1408211711
1057869472
1352070588
252589245
674438526
1922564817
63511352
935376869
1725227303
1965757748
2098694823
848022454
1447837068
1948383631
1542694797
1790897668
875492277
289621319
835889593
1679497456
1648082001
2115544747
1607459782
538678342
2104116999
683296474
318091197
787759734
1439866091
1222516819
247284696
536707886
741013517
1957819415
1322766690
174941584
1698316843
243738493
1154969530
1933542421
1980664966
1497527442
1911846262
1000899582
2749138
1584789290
2031354275
1913115250
1481472838
1152041096
58627883
2107234617
607167956
1061665701
2004995152
752256275
1282243699
1314278433
832974932
722180022
324277911
130134467
391293243
1627381603
743809474
1010096814
1053338536
367267364
1499865396
1611329059
1484312292
1931971236
1429550782
125925869
1860525822
2056467626
361850549
1495256173
616607500
1207023412
902719745
548775234
1724845455
372023852
1287534933
2030831252
611343605
1153377737
366327929
218468606
1152610871
1364388229
479252675
2132309014
781548451
1206458550
154611620
107126170
867291572
834232012
2111948382
2075750712
1498067997
26357030
724722643
161542905
1515820261
1470186641
1622268281
615181900
241021867
1136729182
1784561002
889013163
1175055115
878141726
1253702552
239544044
1289663001
572155132
1606780958
64993318
1531671562
1649867704
1155048625
667222334
1749188595
254663740
1617775413
1398342157
1566372521
391594460
1253928812
11212079
568335559
250423087
834005449
762746731
1296828109
203953284
458489187
2053397434
1773327717
327162883
103287557
539694582
856879042
1843608930
932127586
428049953
1734994465
726403904
694045286
1596444238
1498699377
2006387745
274029991
786562351
619625743
1285746951
115126266
514094909
510533546
858741673
1534037026
157780094
1336576070
1160744531
13037732
2008156406
1002194524
335675225
1115354806
1307024812
99916830
550726201
1485207125
1029029975
1174715863
620992588
503290230
1931564966
171058545
1028373289
1016148052
1950960169
807754769
1615450775
837531880
881792479
2102426588
898775084
1671572343
501028444
1128057821
1965034118
1742061125
391299991
1851979775
1502532133
1993667175
957993806
1302824756
1167284708
1317362614
1496041238
491606456
72307986
1765062112
1138626818
1011472752
1006308657
895809688
1375967471
1115915884
1419374923
1013988589
542444651
1740630412
1151500523
228353464
1966998336
101205822
290434239
394501424
298033824
422366309
928605896
1370872216
949618926
200470357
1555283003
2101918487
105409575
679583483
1347384056
265172136
856716523
484835866
1196213412
1577030184
432799788
406169776
2134929765
1366396300
1186795890
1962881399
1421149241
805258549
687759304
948471175
1335214835
2137326940
494896966
736750616
441344980
820049576
1776191804
646404198
2076328642
113173471
681633016
1960670125
1232039975
1771399352
1374237493
1764623700
1639813993
1875770318
812305952
628063014
876493569
217474481
413904903
18707387
103011387
1181832983
1362973345
105139445
772678793
1233449008
1612183796
1971312806
522108547
648096535
139488743
1757772111
230001791
740637540
2056708452
1121192195
1071459017
1997149406
720252457
1495796843
300968831
986278734
1769304620
242799586
821952012
1455136111
1335002025
69946560
1971639359
2065440001
82472137
603022516
1240694535
34276860
1358804976
202965323
578706637
710653666
1234237091
117157261
990122862
1978358829
669420821
279986118
695562195
12026088
97872973
1337055586
657286447
1612437082
1620641013
432259826
1802995157
1939834076
342973633
336578123
818868148
1974302668
1852756089
1685375181
1120224880
127415962
2008263845
1414891457
866186525
411106560
263087829
1192458460
1748734362
1665328206
66183562
903868641
1377622920
1199443939
1493025988
2009977442
1490841830
2053893816
1444910377
1378887334
1008464459
744801302
1479922639
2121671334
411889854
1359989096
371789990
2113616434
672243509
893016875
184777093
2043282225
1555882409
57131777
2068713423
775604997
1608905682
108155109
644042434
616751117
1800241540
1898943865
861514844
123187524
2115349158
907325308
1621425897
815334918
1336675531
527744599
741634350
749187059
123505774
658680790
407064364
339884268
1907701711
492871412
1374524817
345452347
1892629860
144345551
1316867520
1649725903
395743230
1972266170
435708027
2012741284
1508471418
1729874033
2101422379
173565249
1837286687
1990048103
788181965
1762533211
1303744155
2051839548
1418407800
581759383
1403902613
1658010442
1059700622
957585005
1037215726
1166118239
1679259007
1951503656
1822834842
1605877125
1372708149
286017290
498988308
1699264508
583116320
32754828
868210051
1271353417
524718814
81974466
207921767
1595464807
631929221
667957469
1155911423
1902186780
823639697
1843891658
1436749627
210112871
768365669
973991417
1959299929
1665712917
252242303
65690936
1157002015
1113365107
2068614973
861751485
1643924148
673918750
1877459782
2051589442
1178987290
522390518
309749143
365120843
1161678923
934693937
1274987818
1483268483
692580080
2074392460
1324125508
328895812
2024926136
754331548
1233190236
1530556726
128527963
1262837826
1178498467
1861391887
1939139116
1992803644
1240203828
1735846264
1304024660
1358903001
330182362
966190864
1366224816
944918469
1643974008
1920569225
956710473
1762401794
865335577
1076260848
1770141804
2023272695
1014382485
1235786507
1205861734
1180382882
359431132
1858377435
2093498846
827554282
1385237218
1183342657
276588495
1712567312
4105511
1712113341
376626208
1113899843
60475106
1202815569
1173189601
579205202
1302737097
1125221764
1686512420
1213648252
1742236544
889400706
1423574902
973863011
1550833563
1297093217
197156857
1366714655
1097757778
1737120126
2038082847
1299834991
1817454272
1369541638
1269092869
1849304843
682224600
62329745
2080354665
1289760789
1493040869
1767022312
756965450
516378797
2141691579
781766887
1613080603
8365732
1663679359
1219148670
1875849891
679848008
1542878992
83544273
1214077300
1458640733
1665794577
1884017791
2009215749
1808986413
1802633109
1566136064
344725359
1621167543
1639922021
1089709352
517174976
1661419523
1681002224
600401352
1611234048
1675684245
625912016
2034728820
46436286
152769280
1309448949
151707742
1914669397
1005468561
1361461104
292790881
848414144
2137010732
1724298206
1277111578
2012365079
1081174325
676987759
948377649
2067609510
1725847461
145860498
400338869
1985187752
1108646204
2103978303
1804934309
98886821
50634709
1443974368
1142444940
1302900325
1005840341
955306717
918883140
2123931024
1619050941
2051569346
1142824410
1772480483
818406112
997095183
748279186
352640529
1680674606
342396829
710002689
1246086452
1170951726
710668456
2144993625
1437044206
1395014922
1432444029
1794138562
2063639329
209530820
2044016065
1889611490
467905094
372896647
112060507
1846279039
1223274350
260056088
945796863
1698965308
854120147
805250667
217814872
184178816
402017818
502790738
1260873426
332427892
621008680
369702224
216556033
898607402
458548894
2078709900
1704814769
286291419
915206130
1522979809
513095819
2006863177
1817712939
220801042
403007584
1847401027
457781305
1455274523
2003406357
1196727879
119233518
1138133410
1428068651
1168505409
447980189
1156848781
537201642
1697759602
329646158
299897261
1203068202
909711468
289629851
259583127
788294846
711623225
368156714
1492487316
1032492157
1190337948
174305734
1444667566
396263406
313996399
651752220
1389202155
1302172815
404823851
275953936
176571542
1721652418
1386454662
865340346
789771704
881182549
159182135
1169981953
1376096678
1159695789
1973021653
1896283345
727247540
707326606
734849245
1661377532
913886983
1296161672
1291953874
868738731
882237576
817571585
1674601087
1440858494
217168373
568893660
1810611032
895577160
818352913
227891140
411140095
1788240224
1505408508
1444658455
14975202
2062979237
1652373405
1091541361
517319425
857804818
1586660667
2130608083
430230733
286063610
1865644331
1798048112
1363511084
911466720
1762576548
1308214292
981142682
602056949
1819393198
394222897
1636135017
1607575342
1681279033
1196831624
895838249
592706050
1994075466
1801722224
1995931938
725098429
562299728
337883590
1391848446
485963396
963252373
639988082
343941252
443417062
1118046416
216723345
691649407
1186099226
1916396247
1265552964
210114749
816445659
643503985
1833313813
1794919219
1471205341
1835055946
753729025
2047292734
1768391914
942278144
656276006
199205636
1161579422
494467162
1487801098
1238001913
1948173499
56488856
115836805
1273145469
1151386410
1822176229
913095501
1457028259
1664362127
1868447721
1222677532
386822413
316507527
397442939
1452586880
2038711539
1983185281
338250612
1642523454
606313538
1988771382
1627973790
577526372
678125793
890640070
588316620
354935018
1598076430
938756720
645547267
1030825988
1861779431
868809454
1894260694
2055535879
1939513605
1729721963
1780827855
2090069237
84947011
186476322
1139892233
1479200423
830474396
918889108
609671387
1621198230
1068578098
1568895590
553731759
611772229
469818219
2008338644
1073726192
2110082383
1651598646
467907286
1885590561
736755209
464702828
1447631310
1919194635
716322259
232788049
811747050
1949758223
830683904
707519033
1760037404
835117209
916424287
519499335
981583539
789229749
1853991526
1139539793
1557522326
1709746875
1038500602
1340249311
565910813
45628710
422107102
210667090
585719436
141245059
28064693
1250653730
1899972909
2088809349
281383349
1396504384
1696601865
1244274741
1739178986
560490138
825755458
1956948550
2010108964
192649917
1236840976
1976797831
2075595135
1262726036
1199333974
1556450161
1671879821
1485386830
404172512
790553312
1970160674
1253806430
1397632316
1367454943
1543791803
2007678108
928561202
1495445916
1624183947
442993033
1968530401
1088184442
719586852
668738479
907794807
1567279685
426847166
1252708647
112096396
941773953
2017183016
595532596
379722780
1083162587
1282548296
1985847053
1736470815
823942081
1535296592
1522591929
2047872199
1748017421
770451328
1335220754
1194338389
2139129308
1872961425
1536180203
2033232025
827325566
2070040773
100161358
367339268
1286811526
211021705
907814110
12661355
1966419200
1160745155
740008027
817209691
1627968194
343438526
854906436
1659531283
1578298843
1302681263
161825175
1332626466
1322884905
1086417636
1510457268
2133610398
1943287559
354866568
1944756320
1149955582
1826085410
242058261
399471588
1705047189
345006445
1731064662
1459509589
1033195691
1782187819
1327893528
1076932335
840707386
457675561
1824972909
221456027
1673427522
678025230
2140451740
1151164560
122441673
1252553674
1840207528
2067615253
36193907
1795745068
1374651259
758562405
295796665
683681936
31883439
591108011
821278665
1480338869
1582823418
1120362028
1298160378
1402312877
35293491
17877892
1909012715
810508269
558515205
1502500872
1927614263
1976629636
100717103
110540875
741328342
350284137
1526316149
1391751356
1740363539
1706074861
876991527
1985200492
229113125
753389391
18312011
912542702
1658052461
531377006
274834793
662435159
2065701195
1812221593
1193265908
798926437
363959453
960941186
1329473872
1848028092
2130039254
1085031506
1206692228
1392744523
606427062
397545174
205252478
1992403918
1885021355
1843682774
367539197
1047125868
2141952964
687980166
2093124383
1542118016
1989347150
1515655446
1709058439
121450869
1530620685
366094180
2032798250
435777738
68878361
666524881
721958583
1690080821
1609061458
1549900081
1583969440
1134541284
1937155969
1922388188
1368553674
659671518
308068364
87962594
1821928397
2133744008
284299606
731274843
