1577243963
728393197
1349274639
780946496
850012673
2037624377
89153887
2114073055
342160658
1165095075
193629480
331432057
1767550474
639705585
1586799600
1511743618
486832555
850843491
222830735
91621211
1091694302
1874510116
1294250683
1084023828
850063687
1752111580
379382830
733173330
744905603
725564770
1135105654
1647522124
953078529
1000061071
1917115225
1569549551
1464516474
562971694
1292241378
1667860258
1129447438
2084912399
183460364
1112176419
1403754493
2147306298
1983869194
1907111184
1452748030
36244033
35924017
1637545858
602526015
195142831
1580038275
1232431444
1826829050
1294496924
710532313
1612528001
1786244017
1840307042
1483283628
1701676843
396314886
1961534058
962343296
864340920
1233029433
2054706975
223205613
1583875351
1890657598
1078080517
784203083
1272906273
353198714
596461794
1906491129
944100122
29230618
1577563162
1152682058
93159510
1711121424
1492508441
1427584525
1877362936
1288545195
1580847081
1348009656
833604566
1531622354
1949090275
526410289
443522169
996280542
861165442
955059256
550823488
1799773713
1660933971
543437683
1180164003
1723421878
820971016
610246423
1575874453
229468885
661344172
410983729
314017539
1838048147
768938482
569299855
765120634
1128373028
1689385382
1385264461
428767205
1632460911
619087172
2053375743
1879698547
254676541
420732583
1377926008
1438949015
1045511708
1765039578
1611076405
834919465
1511722710
1319380747
880740457
500108458
1616844937
1055421854
2131079590
165425061
1853245539
2095007325
1953883429
537042736
1983151612
1806316236
1772881586
1512061074
1226073168
130183066
1153157687
96283902
480092247
374407220
174806242
536665214
1492193091
1078284660
770115318
2125348075
52981334
383094136
676059180
1123315480
2087872093
87497357
156946627
1973961743
1244239052
613603145
554092843
798856307
305450103
580896183
1396062794
344157189
728262635
570947501
1185253480
340011842
1325672295
1357295162
569561790
79356200
1952887930
443268668
1294135702
1046822681
977765690
1008692238
1526721822
109947097
1658419486
1585647710
1730926287
1717502642
902048121
1191049244
2017955701
143392695
294094740
189469070
398173146
684577317
1295843942
1276319872
1663699475
1570389988
1432554994
640160665
1492265318
53427501
907249213
1930564809
236795606
127029063
810747883
1600802527
119509069
1669601642
1722742902
1191227959
247226470
1221367236
1489082377
1964597905
27489492
952802457
17766143
357726204
112578930
1324972933
1118062835
488086768
702294503
1950973661
1938763651
1024473980
715328501
1305767732
408106662
1322126228
1392714847
298132729
780049575
2018309260
712550517
1213822014
656678846
967988130
1416859197
114807443
483633993
1363728821
668654912
323369233
1834901164
790057492
1115161070
1741022323
836626370
1606665330
1128508846
1271903582
884787966
1121551349
1482452358
575083201
1434243875
438295917
428327268
294998103
1985118876
1738028706
1495342599
1692253001
1140850809
2031456454
1340531597
1257934577
709335814
1347190793
449573529
594883514
376805898
1675217483
91564576
389040675
528661145
1781464813
318027729
673194978
466374294
1438087616
759809311
1364618533
83139017
1325228831
298429164
1089464307
1926080153
1832738585
1971353043
742341553
1876585574
550550982
1667835154
1644034753
1888862597
406920891
1941614099
1987911749
1609315033
1440061848
1309503125
2095081473
1322089226
1461231038
1483560827
42205791
202109797
324459294
1445444145
1558333068
1619785808
478848557
1726497463
2126980287
531290984
1420585203
1478969420
158939801
610573625
521655107
1621376695
1037863847
45697177
1002347525
1648996916
110166021
1975937441
56411567
1996806138
114223902
1268169289
233797586
1198611813
1147534478
1601289887
510566353
794476485
31923496
337029796
156936876
647960258
784849427
610896835
707971578
1905515370
911613967
407850991
1803376117
424400345
230500566
2086986840
617807535
983956356
1363713181
1200047561
863411811
1702864930
1335953849
1013316769
932093670
543243063
386724959
1161240171
1597113405
1864549438
1593041028
867929885
1749700168
2096564082
1796528099
1102306282
468485019
916833593
1412959773
1766959556
73324397
891473454
1270572282
263672177
530939049
2042498505
643019469
483844937
575166498
478238125
1926810870
1838902410
573334500
93541262
1913682049
2061170775
1257682341
4438974
72123116
515728980
832322139
2019250770
192046342
1386991830
1386240231
1493900533
1338438131
723377355
1731579374
318809929
1237234764
1347808550
605565641
291103733
725334883
1760744452
1319747986
1376900175
1630255780
1154300768
1086851167
782745767
1334148375
1434492783
587423115
1339386670
592629505
1642288282
2056259375
2143635330
1759780779
942584598
1501898672
1879072983
698170682
2135958049
1944887666
1004288195
958311613
342711514
1273512875
137070758
990199878
28437181
1038332498
972648371
959556911
211903931
814717749
516241312
816055422
1409927154
2052713002
430799334
479399779
166370062
1885326941
1960578997
849719774
265913147
1016169161
1508955768
1882494333
1111113670
1326246850
1572860672
1633451587
1873271631
2025012142
1947786575
1267583909
265184685
1137635540
1779834628
1548470189
2068853086
778214988
491408990
706119233
2059873961
1301156374
580743150
455358079
86154835
427723335
1366722781
129689663
1462433274
2125974367
2038418391
852092858
175730704
391055797
1066429075
1123152200
1867407736
1913501715
934131201
1788714821
1510543030
360803678
390453007
322933773
1547000534
1390359406
2120288791
1952580135
97470941
1265873148
355133160
319509630
1797386467
540983481
2072239983
724949194
505875925
762324859
2061745921
1876192782
1093017798
1407466386
710448200
1950112058
2133164269
2090495801
1702498249
1273790960
1395492671
445435944
1751122190
900495716
419793066
225357383
749419636
956419420
1116994027
1422506877
1226494867
1461733719
268875532
1507071653
580659781
1927407562
1006504062
609145762
1776489045
1612535173
1472503758
853783177
738179014
637405493
399009287
1525798909
297453501
267325698
162239909
1772386457
1029495820
358209624
822295089
900434309
663541083
873220035
634376062
220047403
1388408309
1605222644
831412862
1728809732
2080173869
274766049
822867393
1732275596
1942917995
1940247048
1871408012
296749396
176406230
1592981715
988551058
826920502
1185667231
2001085463
1778051666
1953639330
808726248
1115831222
1099565068
190700823
420343632
2124269413
2012814689
790121390
1697046045
30451592
689972102
440219344
522065412
1779513914
1471147556
796849672
1210628759
2138541672
280460496
1226163699
1957635915
614819613
2008197666
71938644
1122616613
607908056
888566388
210751300
768430337
1054092057
387492921
55350150
931724415
1476208635
1303686135
660096505
2018866059
177431546
776728034
1728024615
117076102
796301270
1654226711
1468622842
2028022038
1767343761
2082504817
1064084109
1382317447
590178706
1990835468
2138219040
703886556
1828371692
275377748
1344909606
540094327
1979927992
575268808
1264630905
351935072
1083280542
1055097937
906968749
137415989
1745307251
1054461753
153570946
1094425774
106300668
182485706
1954341491
952798156
1815968209
648976004
1565293419
765584798
1945269597
1440298746
1394378903
165177776
1446448130
1070604617
1020786263
380343568
1989454681
1753873462
1110800974
1751855614
1450377623
259975395
300306072
715520047
206747915
1341728046
1287663131
827566014
580987331
1881618854
876708854
584427696
1217020751
2102971691
1955323927
250468642
1358958749
856086561
1717560041
14406673
620976131
559518032
770109994
558602950
1009711452
2053770844
1380591834
1816472284
1371524169
1495478748
224072783
511388399
921493657
1896161560
285864038
1557100515
696263363
1959271268
456013012
860290254
1834845840
781135123
442590618
1653792643
1227291094
1688786970
628701335
996912060
193823070
425946179
296567351
1977337571
71565799
886860042
1388673865
1793136253
521033540
1754129176
1072828911
1159881524
288324512
1800570713
608311214
947102335
732143842
289961404
708165285
2016211184
1262435883
520408455
130152411
1149937434
286929788
1720542548
375809201
1409913628
1371424117
875284651
248753526
362348750
713184056
17052989
2016374553
338483848
376424556
1393357243
1499730425
1448397962
2099637598
690878545
708705241
698479883
512153409
1821806275
1065135855
1215515361
1605622422
1968571938
127240219
1641645257
1293648295
1906211882
1187966517
1497754452
943270189
409737275
1807082623
994320239
105284881
1194909170
1977422394
875921293
1235316559
2123157348
1467183444
1720022387
1445757687
2084288759
531756606
1371051679
127345998
1201512668
1937941212
531439958
123846417
1369732140
1345885846
1476526153
163383257
2013342622
1758973324
729947875
942630298
1228161507
308568294
759461938
2103018053
1393096095
169622089
1502472815
107174286
590901507
1585138789
1510504747
1588404423
1114214667
278495915
1949583384
1433635563
2115216977
401783324
1286682738
1364003512
1905666445
974927165
79999752
48092403
666697130
527441191
904775915
553288911
1535670661
1684980154
1108505778
281896040
587862852
513698546
275998310
1250982762
1964648273
1445834065
1690330129
1731110351
1748563186
1487491964
1962797278
1723864261
1572113031
1003884258
1963805933
1199225773
30341983
1934573975
506683318
1853180736
331077942
2064601919
1921908503
1872985292
1417775951
1503339301
1990710523
316444572
297450794
1565608299
1994524073
749271670
578666211
175569244
903755942
1226994494
1962103079
908555997
688916040
1166118584
805566163
1516777731
1875080153
874928747
1570407979
275952574
2144782436
857567904
1491882931
1759953586
213951519
1148794506
480440494
422186790
1843389556
175037567
1682511664
1189092117
1730248366
958482532
2057043426
1832647522
593566525
1367320104
1962667346
219597609
1160502182
565963367
1858769140
592495153
358176009
817724206
464723386
1714421885
367356240
481714910
2101348427
1632583937
1932937458
231051049
1214489826
1499448690
958695265
1249295930
643082950
145026358
542100502
488168433
653604194
1875183995
841566774
1349366092
1502248192
57811044
658884833
1547823073
1416962342
531001693
1855694360
1294631815
964525709
2145102991
1911414344
773133333
1338321594
1038151535
1248576119
1219100994
774262588
1843574897
1495115530
2127852204
307969665
251208667
733050160
2050586100
1179925588
1598284724
1547610351
1713382662
1531384823
1851819227
2017977801
795258486
1088665048
2013180723
20507658
817644038
1750251252
1671384828
1099061425
899023684
1104554949
1900430653
31537657
341132368
515045609
1647590749
1358373507
1643604667
923816785
1203523026
79168801
193724556
2120010274
1511721457
1140704065
833852252
1143198763
150428387
728102900
2024940449
682916612
738899384
438118810
2118780423
875126207
1400201365
1107504172
834681082
1156310350
94148873
88546854
1748586561
1817191537
2134609278
1322650127
3029188
570719577
514669515
1767757478
1680488046
694666974
210003686
718720939
1803001389
537545562
1248327095
1260433735
1157033494
1984535328
1627204871
669302808
1429472678
666684572
1267619479
1966938077
789012516
1084646409
187926350
440007355
30233378
1232780489
1554798218
1424001834
396063521
1029533284
921991319
1598749311
553410644
31835936
1644842557
2110314006
1287413117
1830950456
880647027
887012635
1163211508
475209661
1145943858
1752131829
11403206
97825798
1870767717
1607242320
2051783418
951977173
2144973820
1401740486
1977173743
1284764168
1914779680
1114411818
1278875873
479275000
102785153
1020370544
776509066
137070962
320400331
392675644
504458213
725352272
590735926
592495110
1810840333
589653939
897955133
238341606
343812165
757661406
857108582
951713281
1561650193
1482832818
197166400
53381520
778630529
1766439362
254782571
1293930122
39724685
1555983122
502412753
2110847726
1457329308
118352753
1038049779
463913135
839583519
1676177264
1746976350
71966267
1417498202
876243198
314021692
756737450
371493955
506305441
982953990
741035136
1993369987
599063123
393844055
1208512030
561141913
1621248247
581302748
480791244
1104029982
670702454
1121497192
1553231195
959532323
279604347
15136036
2003894650
473289398
1838261703
859166691
83018904
933507972
663196721
355776916
1372773232
760691864
796352830
1487204049
301348406
1974956097
842091609
801618324
275696988
588735506
688684463
850193417
769106177
940621059
358411433
1643095678
342951159
152669109
113701895
55820918
1710318447
772008659
356109718
2014158045
970408003
773185940
678678413
438767959
1724638944
654683228
738649482
965712050
720555214
1283894658
763453220
521313401
1685607134
1029007405
440847916
1657680298
99823343
1207240535
2103856773
234196095
198600796
1924600564
1324822941
130916200
1038512390
1347294507
1272620935
1627879194
1879213305
506859971
1305518007
235079105
20716221
550097305
2050472793
960376657
835243580
269100109
355715918
777980154
1148702794
1477204477
754185156
688217530
496665814
2060932905
889794416
2013178380
1482725804
323667126
1976536171
515432638
790790117
2141322766
1266162854
386099936
798609900
106725220
283587596
1232270552
1345703981
737130005
1945775667
842250899
674414172
1052914986
1686214077
870261974
1132301150
1336831994
1626351441
86288819
1381617112
399195373
957139505
904069654
2044116819
1251639899
1467824249
1942873727
1174437897
572690322
2019602675
1192076490
335908175
1325188086
420326553
797507882
635237534
1630291523
821768616
685700148
150498623
431599087
1838022237
614266903
1859527315
1153212586
462120271
1360508650
1400412412
1170900487
2096584040
1251413022
663205740
768709428
1992337281
1902340882
683974536
727290085
1987472281
416406726
1814732408
420994384
921866162
1926031015
204611662
685395025
655481417
1269550216
802107408
975480749
1154929264
948879282
445886051
1184280947
424988553
1443736850
1551239382
1718397566
1478101665
2129689744
582998985
1531608856
589507430
1308799873
1077184761
656530361
1615882951
805407794
255225001
847612909
1719403815
1514321061
1848769389
624993619
1750292029
287508056
1199616662
867049665
1032820874
565160256
1726637365
1664459653
1841357432
963720149
109711310
714889927
1378720524
2095544903
2076441755
1537534730
1207058504
1379786446
768451193
417830353
1009842464
757798175
1990477939
620484446
1868434710
938240762
1540757482
1629413013
1915616116
586926048
382855006
630612224
1073450022
715175394
2133632987
725970156
457692209
1777329557
1896873730
878771120
786155476
1532084002
1165244339
336340493
1756533817
509588090
830493524
905968817
1556978392
1123096742
554542529
241247958
151423081
1688967228
578356688
1587906824
1971429763
1450712813
776092799
1494111747
120192726
821862972
874183868
1021250490
1682117378
1405876553
59854289
138411636
2050389010
1233142219
219542123
298005521
351961752
277439005
1868428869
1693217131
1398679653
1279285871
1839672438
1057586136
969902309
1693005597
1339689043
1245032651
1383537941
618173980
1652546306
1001665946
1667126563
34525585
279650204
855515482
963672481
1164575100
1843404798
202777318
588654180
1009854097
1818680365
1477002495
982997247
558755879
1775484515
706515597
1828039895
238006089
1453540794
287407364
1429208803
1462315243
1998418292
518457058
2138723075
1564743991
1844991717
568054868
1602778361
723540484
1358818301
1188389880
1043820296
1218559592
66039926
884134333
1565102120
1762579812
1453555606
1431676391
623533026
435414462
729773217
89215535
1953193422
29398252
128936927
769269511
1216379559
952879916
1431128645
486959867
1523710216
894469809
299750851
193019443
908336070
1412394999
1268156457
175854613
1916258281
1609310519
1652385463
957865223
67457095
1251619574
1580894271
669276754
2007638207
89997241
1996723193
1195316770
1605608207
836776147
1107567331
1359337898
796743507
47924830
1688899027
1050583908
293452315
1032154184
217010715
1552301942
1312633383
1573162629
1067833047
1076675632
384556993
590986850
1405615317
1109791922
180275127
2030115578
790266658
1572121515
1040872436
38440641
1008658989
295112764
1159250874
300913725
329785243
820279035
77153663
1006326741
1479662758
1003172115
31921249
1088261314
854540594
1464576904
1809109830
399891234
1493423470
850714776
551485332
1479281963
1529003043
2110995773
1932424586
2316668
226656156
160505039
827891769
1616996495
1716552498
240655559
32010019
400507723
1144374131
167029407
387107694
378099895
1840197359
1580289493
824895173
1687481544
2006352286
536170509
1427529164
1029988955
1507667185
1821017430
633784381
1136194110
868841076
300422789
1279127716
1091010920
1302239004
1402752957
2054917555
1680828489
1595622707
776836369
109508419
531438908
759608029
132824896
557117672
30397466
2100996933
1956987551
1206993967
1100498152
1033508970
1557373460
458589302
702016432
667802496
1006686270
290584169
1695232877
26640900
97861810
1992504597
1549671967
1302331743
2085653345
153013930
41032703
523060022
1880531989
520794834
1878320077
1413737548
629262362
1507257512
268648005
664627221
1473930233
1200538198
835704495
1990779608
1504203615
88994896
1395999382
683310207
1772420381
2102949415
1440453264
767467006
1837886793
1874762507
2039275068
1762458462
251637633
1287475168
1733909835
384134245
1158859599
2099879163
23248820
559506916
987817128
1487948153
196056843
646413725
1998725775
119937596
241353452
1790640846
568532439
1194509955
239071889
64509278
514701829
820534309
480603524
1897874851
1184066132
2147118442
1429501294
760702670
1557103826
853803654
543470349
1183768052
574645671
1744890035
206848068
2085803961
1373652085
521050346
2137850188
1951493787
1993522651
106074173
68230920
1212640216
967455508
1516737492
1955304567
463006973
2119713213
1410398850
2015289667
1234868237
1626256820
403355139
1415254902
536979530
956987164
1665037780
705002060
1842068899
1486362236
95542703
1441756195
1926494393
179943687
92760482
2034166159
366579087
487606006
288045515
1895966602
647272143
749067794
769564594
1670507208
842568627
1582672462
971564867
375361065
1997576854
820864656
1835103590
494562888
1582819864
797370256
1097791037
2121708592
1790059239
1893479129
630781177
999348527
5313585
582927341
1090836313
84694466
512402595
1065533830
1473042113
855707055
134218268
943260918
850342131
137505586
790618611
505345455
1522362988
1212300111
861944801
232348383
1461132381
63143238
78154125
2013226292
901343300
1482716965
1017918643
1716343485
295947047
700973431
302349808
397029104
1772399213
1112087578
157009452
1830965448
1470862425
54394415
1382335652
389044487
237293092
313193258
1472123794
256414361
658598325
871151368
35331452
28751641
1523105023
1981490081
59839766
1436301676
633582839
1325408531
870400469
878532747
2040536625
1515187038
1216613138
1764580447
99720470
1095687950
2084686806
1221492421
1515696068
274865939
1817975112
1193288369
686535554
827033004
2040841648
1943935854
714049502
791048834
1893583399
740156931
354748773
1405233105
385245
1187174066
432029183
1708099777
1483225607
1701862554
1508486372
396569299
604132707
697408892
614726719
1680460918
649701993
2147470234
1170181725
842818234
1233873168
834975675
1303935122
1994526748
435895609
999113036
2038877609
6387327
925540028
666330785
1712248325
1936193084
517003278
983684952
1507749720
1613007952
2137296268
572459742
1530818047
270344628
1019883366
499907851
737311225
434126282
1449615403
380293865
1693417859
1252142579
657586668
316918162
1249409873
645125181
584186896
454226231
1712509546
120745786
1087916980
1596937789
1396667809
464702700
1157681340
1375754881
1669014699
555711196
940906875
224403644
1968714978
1193846089
820858619
592841730
321759125
899512190
1793057769
780301669
595266569
41021245
189597728
1736759734
1029588753
120665431
24742608
119005547
1576008261
327920989
54359371
431146140
1907156194
1899040369
549800044
263564584
182335550
1989801781
510224036
1956567285
1893235174
2146012901
1007539362
1654677076
1804086614
1036445057
506796702
306877570
482156372
1662444834
1754509379
100483658
681102569
1190839918
152960311
1049744584
1175584765
360978983
601987144
2085814346
793205646
1582209501
1008406324
687492431
1224487308
1036063172
1082401045
590492593
750165077
2134496672
879424871
35882462
388724168
2030064349
593590711
704581186
1553229320
1167880635
48017386
1432379585
265675727
1917687718
646862632
1358234208
463380588
1122385059
239073635
388180227
1535605082
1567499751
1427965831
714962257
1045604735
1388083074
1934249536
1829054643
1801098238
635170616
1174646115
1209170300
262939321
899594864
1826462714
609404707
953045606
1600944454
584491759
176591019
326641229
657203387
1077778515
539307811
1963974043
1196723724
1639187788
1252685385
862053478
1489616160
761315481
1077050698
2083232318
1767486490
1750951876
548008357
1568516204
814437903
1546256611
1570600493
440091082
1176661713
823963402
1436069933
1320633918
1734306282
737674064
2066597030
2118509524
615925413
548476028
1766336435
1260973944
547322693
731326285
712622094
405196621
173971801
119624035
496992427
1644130476
1480959271
1413685453
1873459842
342909884
691614278
1139798576
581863530
170972842
203978568
1795506064
430233377
853527173
1861069459
953078206
1289005928
1760197561
1337858641
677142110
343631947
1368823847
974557565
479116436
812971902
1782283485
151501854
1991998027
809162211
