824394
1564002
1776470
1822045
2328447
2843270
3407729
3978820
4546816
4882050
5153557
5653154
5925125
6471382
7267839
7797032
8653978
9218614
9638843
9998382
10649610
11099330
11527958
12267459
13027210
13578726
14278327
15003109
15634342
16443939
16534224
16934712
17893028
18634620
18651160
19339405
19893054
19980630
20255109
20342236
21189539
21609718
22346503
22893746
23308790
24114312
24354136
25218671
25417657
26112299
26349314
26906525
27483348
27735275
28584289
28788773
29187402
29823813
30291516
30790468
31314268
31603289
32404247
33033932
33650492
33969555
34749928
35578151
36336877
36739451
37197910
38053929
38854624
39430911
39735515
40617087
41448508
42210416
42435053
42830000
43373043
43842604
44639427
45109217
45596556
45920813
46009355
46488842
47207741
47914576
48178535
48918541
48978587
49283761
49639583
50135052
50656676
51512591
51932566
52068123
52374828
53005333
53339881
53735609
54062339
54545436
55039144
55487997
55961183
56537790
57223967
57579682
58619247
59459873
59962795
60117295
60508385
61390252
62245962
62844073
63299942
63580453
64128785
64419751
64947874
65454614
66119237
66909878
67393637
67937136
68350976
68439333
69047826
69158808
69658515
70655851
71160198
71589320
72391145
72543250
73012523
73436134
73523620
73811165
74249589
74771713
75537167
76306680
76961778
77269796
77499419
78273392
78531219
78903166
79231500
80405912
80854101
80934436
81195120
81702934
82267923
82600885
82620779
83461305
84062405
84800820
85434734
85965021
86570782
87350936
88132616
88366935
88820507
89455705
89895338
90691019
91325708
91464083
91537501
91806579
92212816
92256948
93141382
93676926
94097112
94462266
95066802
95506712
95827375
96873429
97303900
97845485
98222210
99029005
99128953
99647083
100133781
100352240
101116254
101697033
102294886
102991466
103748576
104789031
105725186
105996746
106136002
106429909
106559609
107430136
107449695
108124392
108867980
109318976
109510930
110477604
110784972
111425016
111816684
112522905
112881781
113414368
113926686
114343778
114895015
115914745
116875024
117227814
117720294
118560451
118907777
119245954
120149771
120221985
121008267
121216210
121872572
122179567
122523155
123314547
123854418
124021123
124429394
124826925
126006058
127104674
127432328
128000576
128095836
128340843
129136474
129297471
130126336
130750628
131090546
131723596
132017554
132796581
133956973
134178192
135035801
135641976
136226740
136788516
137631427
137822658
138303014
139365712
139602277
139655613
140248709
140584604
141148812
141698745
142726934
143272237
144074614
144582052
144896635
145551873
146037929
146425519
147023273
147197784
147931232
148724116
149376226
149525556
149986356
150645455
150815829
150920046
151485123
152340287
152802881
153454718
153802155
153828301
154449686
154630101
155428069
155931294
156028737
156247518
156766519
157090260
157178840
157893142
158275285
158756430
159737106
160446537
160470919
161398962
161792446
162352899
163199012
163629907
164098637
164606872
164749535
164959431
165585882
166188255
166584168
166811791
167259335
167405852
168051892
168959703
169728458
170120955
170659107
171626251
172500045
172789779
173076287
174058875
174481161
174717153
175014964
175348468
175903517
176633156
177036966
177195480
177790278
178316078
178964535
179827268
180294396
180902594
181374987
182119297
182562912
182684908
182958710
183598471
183750755
184215346
184678924
184836526
185434011
185928482
186831081
187026001
187471788
188054737
188486984
188929601
188999094
189243736
189635475
190028310
190276422
190698815
191386230
191817027
191876044
192118713
192556192
193571591
194244464
194940430
195277466
196634185
197162083
197760837
198456107
198724192
199151431
199579235
199598865
200233319
200743789
201204819
201474896
201935705
202961151
203437752
203886698
204481718
205084839
205646715
205891892
206362285
206805761
207144233
207659439
208014818
208649829
209552917
209832493
210484376
210926435
212000048
212901629
213522442
214056090
214565959
214967312
215155939
215617333
216069698
216106501
216246119
217061753
217469610
217840589
218104666
218741009
219012969
219954328
220631448
220924214
221464874
221869632
222741913
223575067
223972842
224411791
224592418
224881980
225111628
225749686
226068185
226499078
227275593
227484618
227621989
228420521
229283288
229775368
230753730
231629129
232101530
232813062
233449063
233989353
234369688
234738624
235302683
235591271
235896729
236674372
237269398
237733811
238132309
238300873
239108974
239447403
240029834
240564222
241092770
241665234
242007922
242382899
242855214
243378431
243748082
244160742
244555853
244739040
245606455
246015222
246384904
246901495
247384224
247858513
248469261
248760827
249320992
249637059
250177580
250503284
251109425
251526908
252328727
253211316
253795068
254543032
254645195
255130399
255642013
256509717
257320181
257548520
257636775
257934136
258869223
259588086
260271645
261102290
261451399
262231648
262931969
263405839
264115230
264354982
265071443
265695574
266504234
266669013
267654141
267989324
268730133
269159252
269609038
270116595
270952817
271440133
271677029
271833435
272723329
272972460
273468586
274384706
275094539
275633074
276070834
276558015
276711908
277139672
277463003
277816997
278411152
278896613
279379801
280121184
280268438
280563984
281000881
281500311
282069807
282882355
283379876
283659173
284499362
284921695
285210221
285786769
286458827
286944933
287210561
287882636
288621112
289056920
289561922
290387442
290743301
291378509
291860827
292220537
293265963
293744039
294267363
295086487
295650433
296200614
296957526
297777335
298334396
298837031
298935530
299387019
300024052
300399202
300838591
301273086
301721299
302258499
302796112
303027085
303498049
304196679
304873524
305008324
305600692
306034217
307191614
307750851
308582753
308943545
309663654
309958380
310705983
310982931
311607780
312383922
312783086
313337612
313510082
314509671
315086338
315511614
315984891
317012847
317234148
317431976
318365355
318650965
319295915
319740381
320232635
320562126
321037950
321297675
321946238
322195057
323167958
323384359
323931358
324513891
325065326
326021555
326681111
327118245
327770886
328369470
329093872
329546271
330536540
331029771
331311739
332130445
333062378
333863683
334406113
335124211
335518781
335870882
336274286
336653396
337022614
337473805
337486952
337876882
338729803
339303968
339571918
340182370
340345634
340762558
341305123
341317045
341512563
341846601
342282191
342803308
343544096
344090629
344628349
345107285
345242820
345852498
346371185
346822629
347466334
348000810
348751718
349046827
349963431
350953538
351707215
352223638
352754294
353705490
354173731
355208642
355785358
356314022
356868572
357662062
358646607
358786277
359015866
359654285
360468091
361226954
361451183
361847381
362605628
363256258
363802247
364064687
364644379
365681455
366074403
366685271
366804203
367664297
367971974
368566779
369048563
369393466
369743289
370354226
370793413
371494018
371692928
372038873
372530931
372621607
373044172
373897650
374477650
375210841
376276813
377017706
377361733
377606678
378354097
379072014
379705621
379721695
380378181
380818776
382171789
382635207
383253257
384090817
384934304
385226537
385553405
386286797
386720057
387260320
387954089
388418304
388839626
389114471
389474819
390209087
390683251
391330902
391384294
391993343
392670768
393446311
394165906
394944463
395370737
396461582
397357521
397425900
397700874
398167799
398513412
398896211
399518208
400013877
400458542
401322073
401448476
401656686
402219229
402591208
403299148
404209405
404865174
405642528
405768737
406414623
407298235
407321920
407514301
408116140
408843304
408928362
409597188
410288501
410535732
410597230
411146402
411355299
412130578
412793535
413099456
413841784
414141319
414398248
414956843
415619322
416391405
417023863
417486428
418128616
418657312
418982012
419652006
419745204
420186141
420478523
421029033
421657452
422184148
422850256
423517582
424294023
424800517
425826608
426608174
426705509
427585259
427867450
428349012
429026714
429210632
429302235
429511975
430087646
430422565
431028944
432034163
432299383
433188896
433788727
434771964
435288782
435995223
436781548
437249970
437931022
438347439
438952981
439275711
439847294
439995230
440993259
441549243
442027578
443085021
443131604
444005481
444538384
445365786
445799003
446796351
447387683
447781608
448011161
448723146
449262821
449775053
450558576
450742026
451621569
452010905
452839794
453260003
454040690
454492940
455223144
455595378
456090933
456468174
456895200
457538890
457677721
458227491
458645305
459171375
459376428
459800907
460607155
461604995
462374346
463029852
463492432
464094956
464408946
464861876
465275910
466187404
466649727
466857636
467478383
467980692
468332546
468964743
469665315
470782305
471331718
471751443
472722717
473106033
473763786
474091881
474337574
474884002
475176711
475584299
475807191
476307754
476722215
477409901
477944495
478834506
479232023
480136024
480956956
481087696
481252800
481691884
482099579
482592894
483207388
484033542
484594897
484900207
485633083
486057664
486340466
486639697
487291433
487723414
488288001
488738281
489615748
490221032
490492901
490865836
491604709
492167991
493001745
493443561
494096897
494860549
495332759
496153668
496577706
496916634
497322940
498120449
498859220
499495035
499989644
500565418
501051306
501387377
502456919
502896948
503792943
504007059
504309676
504673238
504953870
505431923
505977326
506616592
507700404
507965614
508229185
508837352
509685087
510050926
510330609
510846832
511399237
511932321
512522111
512732345
512759268
513710392
513815288
514613564
514705974
515168569
516009787
516493087
517343601
517707802
518241984
518825129
519396601
519679612
520190405
520798849
521115858
521736465
522110757
523240573
523524715
523932006
524284582
525094457
525624930
526495434
526907588
527176057
527655264
528290877
529202790
529614905
530090210
530177591
530604937
531244189
531650368
531981846
532444421
533381932
534008420
534507829
534753648
535144811
535828803
536600915
537146024
537567014
537672230
537922720
538435565
539020170
540077887
540669978
541459686
542500790
542810519
543312294
543746179
544113866
544477546
545368629
546271947
546459070
546894625
547449686
547870688
548185236
548406459
548895872
549551750
549949437
550782462
551070506
551261449
551847772
552723198
553429724
554060830
554561016
554943525
555681664
555946235
556237700
557099559
558084432
558872886
559233128
559933215
560121590
560980955
561514235
562000625
562739136
562849136
563298581
563922613
564411226
564992878
565697348
565904971
566270983
566484253
566902203
567362014
568138592
568774540
569306292
569957210
571030582
571448206
572414080
572994612
573749851
574244649
574683083
575405004
575873583
576380026
576995260
577631575
577836347
578048345
578590248
578637789
579140659
579598717
580417881
580824305
581409916
582114926
582730464
583290412
583943939
584287103
584797390
585303741
585800484
586240356
586791818
587264673
587573340
587911649
588355383
588900078
589430140
590197046
590777640
591251266
592221411
592538241
592561537
592986318
593550496
594088465
594769581
595712999
595919670
596747806
597364941
597441742
597574581
598087629
598586716
599159890
599787219
600487033
600836131
601104946
601476400
601913880
602325244
602831599
603071801
603908492
604318354
605040942
605927989
606536570
607650918
607989584
608443237
608850614
609261365
609912829
610561745
611384402
611616030
612055812
612598142
613315752
613474406
613816726
614458642
614706825
615298416
615488062
616248091
616651659
617070368
617566488
618053161
618490472
619122662
619344002
619675590
620342784
620568163
620770233
620826564
621170493
621804197
622469290
623503332
624009456
624213382
624541374
625354557
625872132
625980838
626564701
627408804
627787379
628201640
628926144
629795015
630652320
631182159
631595306
631904233
632588626
633107583
634019382
634578024
635470421
635654544
635926503
636242031
636337608
636428581
636898089
638142892
638867438
639786541
640672529
641376327
642298747
642397293
642624279
643254946
643890672
644120875
644694429
645332808
645751535
646661278
647317872
647699211
648153342
648538665
648926891
649348083
649567698
649825659
650603627
650880676
651431819
651712635
652120474
652525381
652746948
653179834
654227236
654981778
655392289
655705880
656313755
656823579
657690484
658168341
658678975
659053954
659248791
659772644
660764471
661113474
661620698
662031386
662481962
662765338
663638518
664220755
665084011
665356090
666421972
666563719
667116676
667906136
668283465
668613690
668871517
668976247
669888363
670322108
670636719
670966648
671499331
671864910
672910876
673182861
673701401
674095448
674638617
675368037
675754268
676334018
676554571
676795080
677255851
677636479
677862587
678312127
679072180
679666555
679991040
680411603
680898592
681226434
681423712
681988687
682167155
682636205
683290595
683513753
683639690
684225785
685143271
686001132
686391753
686637704
687298310
687911184
688255131
689243985
689750368
690309045
690524908
691167157
691899709
692644095
693594611
693747531
694083496
694655084
695196897
695401549
696028442
696803667
697499000
697967905
698248712
698896627
699178496
699470924
699599426
699973177
700430348
701121427
701875296
702492686
703023329
703894874
704223106
705004844
705894310
707121347
707180020
707393985
707546091
708210531
708677658
709121329
710135268
710632360
711142887
711406205
711579516
712288775
713264208
713344583
713871115
714390949
714706153
715082754
715849717
716714249
717412565
718052906
718247532
718924641
719372512
719551979
720175950
720575292
720713107
720909573
721002110
721976614
722127477
722414240
723257930
723732880
724588436
724893151
725421510
725735537
726355920
726989491
727714946
728025043
728304252
728824551
729904995
730257210
731556627
732283205
733254073
733616023
734034534
734496036
734626799
735036833
735554607
736280922
736921152
737204781
737799582
738223505
738674804
739619107
739906343
740386539
741051852
741217983
741473487
741555837
742019250
742671531
743220491
743532070
743942888
744159348
744860960
745035267
745817127
746522206
747518425
748131386
748596812
749507212
750198873
750811192
750971528
751539095
752040546
752790146
753297705
753489979
753844788
754375348
754901629
755346433
755962160
756668746
757078430
757334226
758068570
758816928
759397656
759729956
760109555
760512043
760904552
761970280
761972430
762599332
762785586
763307942
763498657
763747258
764193360
764617331
764754823
765339650
765561174
765591331
766098943
766950847
767066000
768021436
768271519
768469073
768523086
768913064
769182467
770241561
770689015
771166152
771710199
772036488
772282281
772833422
773407738
773902960
774212517
774955672
775574651
775927568
776073163
776665809
777307848
777896930
778692616
779286218
779929214
780735177
781213330
781219496
781847948
782457355
783011991
783438465
784062629
784521061
784601541
784650920
785605321
786039558
786435371
786801515
787192269
787270471
787568759
788270395
788949931
789273342
790161466
790693976
791117161
791535550
792097012
792837770
793346798
793682165
794484759
794780369
795344763
795777440
796455781
796915634
797217551
798269276
798965512
799206287
799921917
800368680
800618543
800924809
801596607
802173792
802823685
803312923
803806019
804189502
805084438
805108810
805453534
806096926
806813441
807466840
808148592
808892372
809392223
809609825
810273240
810799404
811551112
811894077
812643119
813026856
813635791
814045521
814558229
815265438
815996748
816959289
817643786
817767119
818747507
819447563
820052055
820499021
820883581
821489067
821765694
821868222
822805691
823737963
823934070
824257948
824651788
824822480
824867951
825670827
826217973
826495923
827260327
827956042
828813885
829346242
829882678
830032099
830665087
830743191
831380625
831516479
831677473
832162238
832846575
833296645
833565036
834033834
834596238
835033978
835942716
836727623
837399593
837769358
838516976
838711874
839406821
840153925
840678014
841330503
841657647
842628430
843660130
844449697
844727968
845492071
846030421
846481521
847186836
847615317
848198446
848734510
848964190
849295818
849588016
850352762
851294772
851872018
852378324
852936778
853652989
854265335
854601954
855069990
855834435
856325145
857212759
857682210
858407205
858917132
859391470
859713192
859922535
860755968
861692554
862286346
862589669
863074931
863472196
864128130
864677706
865328147
866434321
867391802
867656268
868175893
868468738
869376523
869485278
870125835
870757046
871067635
871490936
871939951
872192142
872896954
873221618
873450815
873626130
873778353
874441336
874473225
874795453
875198593
875571259
876635529
877467078
878101593
878189184
878416564
879265837
880011785
880471716
880952934
881606719
881831385
882310131
883650465
884468446
885084819
885374304
885619739
886330588
886813272
887027326
887176720
887583456
887884911
888105369
889105130
889350610
889915785
890382601
890837520
891399214
891763777
892225024
892617667
893045455
893780065
894257826
894491964
894881632
895655153
896082444
896587405
896939931
897660450
897906597
898332527
898568382
898960879
899341963
899522647
900167786
900294020
900533512
901544198
902582895
903390725
904095769
904261673
904559964
905027789
905214956
905892445
906615584
907158554
907272343
907557187
908089867
908320512
908552442
908992106
909567912
910324785
910775602
911233095
911515086
911866911
912719352
913556201
913935184
914601580
914970202
915496678
915866652
916095864
916442305
916750332
917322454
918462175
919099429
920042903
920385173
921130670
921769585
922610119
923033204
923554273
923804521
924360473
924887811
925949398
926412247
927088617
927787932
928161149
928434791
929013020
929455957
929882687
930463329
930980959
931366703
931834351
932263342
932892862
933833803
934349755
934794970
935311796
936143057
936674626
937093231
937460926
937829074
938573863
939102429
939782192
940425075
940769022
940916451
941701722
942406971
943000239
943426586
943445169
944085715
944989740
946080446
946423712
946487655
947165597
947634486
948273676
948870592
949206380
949461912
949618861
950210526
951009302
951779081
952216877
953237732
953683706
954454558
954758401
955213246
955732539
956359654
957157058
957925180
958113766
958222614
958899790
959649318
959967134
960489521
961126749
961779685
962327515
963183880
963395324
963651343
964408692
964460312
965005329
965652856
966287200
966822629
967588288
967612007
968496565
969341953
969525966
970933021
971231101
971637172
972199083
972402246
973054249
973545146
973994546
974952301
975782413
976288033
976543373
976831288
977219897
977781424
978391925
978628592
979026702
979231487
979526653
979737648
979927077
980350742
980729709
981249329
981885616
982142214
982876559
983203899
983545319
984136828
985062428
985374751
985636295
985811624
985884354
985956595
986099143
987006253
987324049
987517694
988106037
988415128
988987758
989086222
989474696
989860809
990715000
991194730
992078898
992616818
993346875
993821161
994123280
994621180
994894888
995315717
995368149
995580675
995622254
996411050
997420575
997902824
998781168
999241489
999599469
1000382067
1000435231
1001148531
1001534284
1001873042
1002506936
1002731412
1003206500
1003733118
1004474233
1004724673
1005021542
1005122983
1005848386
1006113970
1006677585
1007027104
1007529201
1008350557
1008751204
1009164805
1009645058
1010024353
1010797483
1011393091
1012051215
1012903400
1013519354
1014162743
1014925171
1015025452
1015295807
1015670069
1015913673
1015996149
1016567141
1017235408
1018154984
1018544524
1018914676
1019500541
1020328970
1020967184
1021166297
1022113578
1023029502
1023500937
1023739756
1024320303
1024848918
1025101279
1025638371
1026122935
1026341402
1026849631
1027591503
1028057971
1028542796
1029460402
1029923536
1030399319
1030598408
