28768419
59910351
88329458
119590201
134432188
147819371
176982591
192910415
208071856
242957670
254388637
282944176
301223545
317273737
366621401
384225415
406690499
424256873
458509001
487897781
507705590
528336963
563279832
599045029
602518393
623899959
632608027
661808023
685927503
698304753
722927727
758557794
782856960
793304570
819056458
842729169
877098949
905612390
923197039
938482741
963172026
975445487
988352070
1007395159
1017446253
1032504485
1062170245
1084360198
1104265266
1133269871
