3909557
5810785
7668356
11480430
12782496
13355072
15713345
18720606
20217175
21735209
24107947
25047908
26206051
27850923
29213493
31012680
33771537
36014999
39494463
41391337
43135529
45580454
47659023
49886582
52878406
54163235
56336384
58566289
58997750
60279221
62574553
64798792
69299453
70255064
73079558
74758240
76118410
78558927
80716939
82683934
85720482
86896066
87639084
91101680
93962100
95528317
97172922
99352969
101505251
103229464
108461527
110455489
112451076
114953118
117251329
118321595
121213798
123122004
125594501
129195552
131562986
132940299
135164178
135466974
138150351
140444910
141901521
143415100
146044237
147111748
150618057
152636941
154057743
155488357
157323666
159655116
161462880
163674775
166023699
169159530
170958039
174100532
175293502
176876515
178265434
179926063
180642878
185162929
186878641
188382233
191496244
195344684
196386971
198514966
201076113
201592752
202368482
205260196
206040640
206700747
206860852
208132964
211224193
214367949
218940224
219168333
222117745
222525883
223173885
227147544
227325787
229745689
230490157
231773106
233281698
236529582
238915561
240948847
243476293
244296834
245188702
247233182
249433184
251348750
254261887
257265576
258852540
260216119
261200921
262102367
264335156
267956037
270719175
272712518
273244550
274628453
276515620
278775091
281549439
283703004
285553352
289583020
293454739
294869190
297313555
298857961
300092635
301562207
303840032
306150088
308372341
312291808
313991999
314925993
315373790
316970657
321587475
322636651
326464735
328168311
332034124
336081851
337825519
341825977
344384051
349362408
350327244
353495220
355554873
356409718
357857748
359419964
360890629
364311010
365799519
369850594
372870145
375774969
376414463
377185196
377916730
379505936
381493262
382210857
384382603
385402460
387084019
390623353
392619825
394512184
397613964
399373804
403620915
404955672
405015816
409111822
410450306
412439459
413674999
415962696
416862166
417320060
420182571
422565626
425728568
429022708
430557183
433038253
434816671
436319172
437190360
439330938
442391918
444291342
446158342
448348352
449697659
450005838
451859629
454192130
455557324
459409857
459559663
460560274
462826879
463623013
465213320
467053711
469057592
472476103
476306116
478758823
481921194
482814328
485734302
488777308
490175517
490766492
492883122
496020167
497444001
498641547
499617944
501292939
504001308
506963467
508896592
509472898
510724891
513379517
516648348
518959401
520778835
523521455
526067584
528789848
532293003
533725629
534780516
536168406
539454630
541957544
543835737
545144495
545652034
546778211
549926745
552338238
553170220
555207509
555964268
558855738
562146278
563927558
566361423
568945287
570986896
573528648
578149192
581366329
583304741
586430732
589865940
593095649
594571244
597245134
600638960
602650217
602810763
603868767
606953463
608627990
610556498
611943698
613877844
616844141
619592091
620883549
623430557
625544740
625687582
628885725
629466530
630310623
631853247
633333366
637167905
639258457
641479452
643974689
646021994
650033063
652819469
654484030
655014959
657061475
659338879
661242028
662428691
664394608
668180664
670198406
671957703
672645619
675307274
676140137
678049586
680357917
683594879
684897747
688372355
689059575
691285103
693049411
693539387
693944580
695015416
697152915
698594418
702622676
705398878
706594952
707748668
710935482
712135532
712320582
715447606
716131611
718579198
720438559
722472163
724431319
725257510
727993027
728808220
730722858
732787463
735071656
737555333
737878671
740299089
741023773
742687885
746648555
748641532
749404702
751620424
753388714
757261073
759680284
764043861
766855990
768780964
771559995
772790419
774659214
776446144
779394966
782556800
785091986
787346780
790529979
793100921
796177903
797498620
798708710
801689798
802600276
805357443
809494221
810572214
812492112
812647041
815783985
816532529
818400165
820785940
823599712
825980148
827113618
830334746
833115727
834711964
837238192
840707260
843678212
844485713
846690863
848364421
851920006
855589630
856602851
858356372
859283858
860426193
861961579
865074533
868790978
869665454
872447901
873770073
876148548
877428885
878318727
879983253
881811848
883380242
885543586
889539277
891565135
893121859
895195022
897755194
898666126
900874939
903436917
906043318
907214185
908597805
910379848
911526586
912077373
915748256
917312790
918241589
921662991
922921568
925936617
926981067
930526503
931943181
933657560
935692884
938356329
941567026
942553448
943353697
945325139
949217939
952192258
954348078
956132588
957840429
960416907
963274476
965160281
967458055
969012686
972071456
972795645
974632470
977541467
980738732
981365674
981841349
984293725
985620474
987965023
990350777
991977274
994359503
997188189
998190426
1000734366
1002674756
1005080476
1008612177
1008914668
1012494011
1012896281
1015123572
1016650878
1018734391
1020379234
1022434936
1024594302
1026427288
1028181283
1029804924
1030296749
