1559737888
1763333851
122073765
565353949
628962205
263412386
491771649
630843567
1822134916
215166246
695688657
108872288
1005025904
71372184
1387450657
1477393380
892981925
412856153
1555987718
759622133
1353801364
1216194898
1067693293
1114313988
1748656253
481509617
326425617
1892695482
314737711
1226287808
1887716102
1339957289
2116121579
649558691
576326771
55705492
1537382759
1471651246
1451125469
1954391255
1310895342
668719009
49326493
1546612
435934372
620584449
1744343796
313510204
10827239
15846100
