3641681
6269042
7481987
9324780
12631221
14989454
16402195
18308818
20841258
22649147
25476535
27911802
31447553
32916743
34884200
36828239
41090347
44525974
46656056
47798531
49383374
50297563
53446455
54835003
55623845
56706826
58048609
58863124
59880500
62515119
64159140
66023005
68178694
71430814
73068680
78252668
79514672
82129678
82457826
85301420
87829618
89648024
93247181
95956092
99466226
101282815
103896400
105820584
107254663
107321617
108629076
111445489
114999075
116565265
120318825
122169016
124280337
127460258
130066649
132528415
134232697
137344025
139256051
142062518
145906995
148317233
149555373
151382650
153093622
155819207
157690284
161085140
164519056
166576091
168557303
169325361
172143974
174437653
175901533
179187614
179967717
180885173
183313153
186738196
190085113
192479886
194555946
197624857
199803225
203511196
204053324
207487651
209499762
211760331
212411672
214270765
218053784
220586528
223052826
223948844
226215953
228734445
229739756
231797484
233955380
236768548
239114996
241636061
243761762
246816661
250635146
253996093
257094261
258894730
258949177
260519670
262208470
265566486
269475673
271156989
274168960
278305645
278758907
280783400
282540848
285570972
288184543
288808461
290988846
293239745
294663259
298447970
301740717
304386299
305755788
306014491
310237126
311464075
314000104
314989940
315675868
317875125
318617045
322869872
324371788
324955356
326124796
328679135
331210003
333250255
335094902
336114196
338684319
340872190
344906261
346942723
347135838
351252709
353631788
358228910
359534729
360741625
361475591
363324908
365772507
366620956
367751891
370082593
371151535
374424294
376977569
378890290
382221690
383850080
384772988
386542959
389372729
392374850
393934638
395847229
396972452
397955365
400022642
402168341
403547582
405931915
409321886
412082025
415196669
417020417
418520059
420792570
422513189
425026579
427102860
429953094
431156507
433608503
435880304
437580635
440728308
443554371
444756933
446104884
447622222
447986738
450447836
451715721
453413893
456474889
456988051
458034692
461628628
462868882
463974244
465431279
467145504
469458177
471524353
473773125
475098795
478203070
479870668
482406775
483098444
485451528
489485469
494003970
495561040
497825364
499817947
501534454
504201697
506127884
508166611
509308834
511280899
513379261
514887385
518808544
520626256
522019929
525511402
527073779
531100712
531506351
533029294
535074296
539652063
541031935
542696810
542760714
543801175
545554046
548591827
549578266
552118415
554397979
557156837
559718762
560482404
561244635
563836674
566753516
569553745
571508213
573782516
576840566
577292357
579033136
581117248
582770844
583672144
585905549
586405326
588539123
589527897
590796800
591919455
593558037
595906089
599476333
601783943
603586772
605906265
610016125
614964370
615927548
616948044
618966589
620028505
622461099
624596799
627798726
629016324
631008557
633616887
636732094
639883304
642874703
644753807
646338858
647522451
649110521
653094555
655020096
655825754
658942398
661374777
662952001
664129177
665873891
667471603
668120676
669031830
670275907
673445164
676349887
677604489
678152994
679963200
682735578
684458213
686652717
689918274
691751096
692301897
692530026
694679541
696889700
698373412
699518521
700966225
702526273
703257799
705141743
705929426
707865169
710273707
711878827
713259435
716032552
717733628
720985870
722361756
725745534
726523443
730408608
731951344
732948002
735575411
739044149
740689408
742004607
744125279
747335953
748925901
750865758
752960786
754246116
756623599
758283414
758842665
761622933
765503540
766355183
767548984
768650799
770815694
772554425
774928424
776749394
779077330
781334986
782808672
787640530
788768707
790647347
791697065
794819829
797378821
801214115
802637462
804792090
807497647
808672413
809821221
812060551
813997729
817152906
820788507
822704558
824758183
825895115
827351364
830293534
832711105
835037088
836134544
837022809
839687515
841223937
842180069
843893585
845536041
847389456
847876969
849968996
850608988
851935947
853478276
855061513
856926223
859962381
861941767
863369234
865163633
866806855
868276797
871689556
874728080
876063006
878018221
880625578
881729039
882765938
886618127
890174070
892792300
894368002
896019376
897931874
901081419
903550476
908447827
910921945
913412385
914146093
918483364
921939702
924506278
927034760
928074766
929172108
930588025
931764708
933049814
937053093
938561692
942387773
945941648
947502701
949299413
951934580
954395456
957067481
959458119
962008370
963667645
966717864
968755787
970792914
972439498
974874944
977657313
979705777
981341308
982956639
985579691
988337314
990351311
993233305
996438979
998708622
1002145479
1003672287
1005786121
1008538026
1010925616
1012225550
1013143955
1014901861
1015778502
1018799814
1019979615
1023358702
1024987062
1027473751
1029903392
1030469849
1031546996
1033201258
1035362608
1038487487
1040191398
1042854702
1044689629
1046818952
1048825178
1049273976
