1631493558
1013825234
1754032893
977072048
1228242832
1895637450
941767465
385997207
1631948435
1088194226
714485229
785135556
1463883184
371424543
906632583
1311408231
101368521
37040563
598864887
664609215
90660669
823131363
2043527069
730571684
1746814737
1323817939
1935816560
2048462914
1771169980
1864127837
478349528
28374496
1761884047
1826647344
2107500842
1210676190
1875876543
1098082069
233505982
543941822
2006680336
196295757
882312621
1792857944
1453093152
624805143
319065132
72689969
752997966
1751365710
1145475712
965293031
2066799173
1073791790
1683150493
139993027
1888595752
687741751
2080572255
1959562609
2473564
1626934314
661451620
1438181579
1740085228
610083888
906364804
1206703825
1968844445
1750712346
2097883886
203837621
905677456
479517123
879148768
1110973971
950516877
1769544338
1852262402
1552449598
352025585
1755010076
1991071584
1562771638
1267890487
353607910
711248130
375223477
1941180188
602443592
1791300138
454780904
1388420210
351197292
1016461610
1888763963
848588931
954615158
263303391
97619149
1622004768
38044862
903016909
603460099
662329669
2099827000
671959769
1384203448
227687274
75460085
532120477
1046218386
1601387113
478812098
1978894955
890475888
860682758
1844621038
167577570
1792589823
314544160
979335978
698307110
1924698476
1820101491
1481935752
172300735
1150076468
1916099847
2116277414
799001104
258309143
851881529
1390792420
613037937
644919082
1539231076
856585936
1663685868
14366220
685112108
676245923
1141590929
1274023729
508691047
942684133
1420488054
620097882
1094395048
442124331
841424463
2065183013
1147077992
953123841
1415736229
1344744896
201252307
769226978
1379708598
1515034297
1582359341
48002916
1147548138
605748465
22112735
1091992177
1464169453
10043568
2103373602
1400242351
1561838189
2108264146
543478599
727833089
696157810
1086242590
2039164576
395905831
179223637
743835063
773769998
207751553
1209381214
611060139
1011543080
1764929777
1511899390
1287361193
1206857733
1039037917
477064101
99885007
469136039
2129556819
255246657
174709154
1538801156
190784840
1916451157
874869015
1522331826
1463387897
1972613809
1020370382
1716872494
1700388211
422048979
216862046
377062345
487852589
1231596762
1174582731
518900015
1095094739
448233507
9936148
1701211029
527002398
889482882
1360807913
1843357822
799988190
1748327967
2023825786
2118870315
835237913
1399081706
158355051
984607645
1963011918
1922479036
707034340
560213576
1870005202
1876983564
578511812
1024466006
338080860
1066283338
1830535925
31207572
535678876
1452666587
200398554
295634173
1118749189
1154245554
1187139813
777802977
1712553388
2027047560
1950549830
1538897842
709459528
469822903
1854516670
1774714475
1902365529
1818729401
1192495506
977583518
729791078
2144446775
842150554
199634456
446976862
1684814545
609391480
1174154802
162552096
1939648618
1052277478
1548996023
732502038
764161068
1604399145
880242285
8142076
2105167647
2028510370
1757160258
199824831
2008081761
1862122627
330143765
1055506048
1939069955
965224607
435448861
700112055
1248098944
1252207449
1583843578
615033461
193231323
1848111806
1110941782
976368578
1760899924
524784047
1789696568
1644152868
471384262
1355719223
157244901
1337442881
654215328
1459059451
1742143347
1124919196
1466060670
499976655
2056715243
1368638075
1033668963
1676641637
1251790362
2065725417
750011541
1747798048
161859060
214219735
355379221
1677018631
570076326
891135326
2143133626
1783476181
747462455
1755006240
791605225
567309612
1619864025
31981516
1939245811
1901623274
551112146
1068748480
1732420107
765813396
713407490
1980213448
775261154
1198076912
580693520
2013754628
575224545
1007792559
822634549
1674381800
845257987
1230050374
1035668901
854383198
902750028
923557341
274665877
526193414
1003892457
571141728
2025418477
1342310813
1508323813
1789527732
118452364
506396795
1793986950
1997540612
1660187698
68706358
1393922114
2064024633
813740559
195340644
46810465
635357320
246985445
1868267646
830978096
1471464229
914210524
411456993
109688031
203679509
844771042
1812745198
109565176
741730593
696330940
1531649360
533124476
823641318
302513582
1095296349
1219163292
1545126154
1616366531
188140694
1781543185
130040969
1857622458
2071640905
1256252696
1820487469
1682373005
947278934
95475469
1726514972
86977951
1713609230
707426723
1409379723
126055553
1602469687
708687294
1019178128
715980640
14861868
1767585773
78368790
1348859151
1446686753
1711070087
1898830826
1268540333
1269505669
434859361
598331634
1684693747
354838656
807116841
1528157052
2063716636
1816348315
1820306530
1148036276
312915057
1202869887
273200636
566968624
1614408560
2034817238
1399501199
620336806
101086616
1510353742
1147609908
1563927229
589184724
621781180
84848896
1404398848
70776706
1802926429
196027166
1144614383
2102272798
349560119
597887880
1450448176
1859659663
546495134
269610850
972046563
1375258382
1726384850
461597683
1567266835
17436335
1207606982
1280667968
264690247
472212366
1147319803
1758284871
1140414009
2085025943
557908363
1190976213
1529600414
639014641
1502270786
1756422916
474516516
601113352
1430907111
129181781
1258964858
1392896053
830548888
578451558
1104748168
116118797
1403530067
1317833040
2050155968
1326740035
949891729
267985823
1917496972
