1639958034
1362968339
766290410
444149121
1028340998
1903944223
39133499
725583571
1010751372
1335111981
1557272526
1647905958
487449263
268643568
861428754
1021233759
117377099
2042317487
992605253
1332766057
1427048311
2014590314
713549296
1117104157
698763663
876232468
1371454211
2101381597
1672379868
1173644287
1624768141
247883328
821954018
249815638
1269074711
1352676711
660708423
1531873219
251077790
1160558446
2036940891
1211430705
899971116
1716299007
623120456
2047363243
836057874
182458112
1237801943
770082147
420004804
1043167084
2021120476
251371984
846337617
1127050559
816876096
714913774
1304362621
79451531
1353805481
1913480105
2071490941
300481448
1721295816
79381332
1369772366
2082562697
971834686
926531155
852118450
1861849385
1543972396
1787319258
2021011144
735409187
2125072470
642765772
214150471
1845364321
1940659186
1676084165
1634511958
649794285
833204755
221598259
1117312267
2014183907
885500845
571627935
1296941951
1690256007
1716375364
1655379466
483708299
347538547
48795446
1776406130
825506593
1580405225
1213508257
363582580
1050503752
41336135
481538802
2101369867
940505269
1278145432
577708043
1872612726
1845603587
1175692870
1275084048
1956582200
1315469712
712039918
1976424399
498107961
2033685235
55896140
1312111817
1766603274
1370240029
1413886805
191015393
1205832518
273566219
1622837092
209060256
632812051
230613285
1462923916
1647520035
305347272
1987694135
1794561804
1070209698
1221551785
1499376905
1529065184
213472925
2130220749
1304227484
1678390900
370015653
1706525473
1533038852
1227214963
1911520452
1724456837
1935063773
620893374
1494832778
693121300
1350440043
648387705
2101621429
492549505
1794660434
947666239
2049441404
1929977500
185447918
1819575669
324241272
1614250996
845692752
388983740
942840623
380701847
1536310486
1977500544
534926655
1451356917
114810982
1994008750
1619256868
688432355
448705095
2101425282
1144568998
926982587
684765595
1729686910
1702337506
1224857760
723436157
2025489526
328779762
495479007
54371251
113545416
938480444
1270138481
2050639376
177675690
1714304596
674391197
1169555305
1872362140
1957657743
154347706
1319678769
509239548
427061029
1020266258
30321332
218898616
258066690
1149455331
170489580
877372957
397385001
599208575
785831427
1849772751
834943429
1227590803
1953904230
1251705810
917893582
891247492
520425859
1113366212
100112212
1557618165
623114271
1146216493
1759907947
1969795941
1824115285
290780399
397021364
197056502
948450606
592824536
1506255235
1220958792
907816922
1790571606
1617281714
580504964
624349833
1677726538
1651707393
1420073333
553025769
786986741
1878058792
1493658320
1162740284
1170851087
1216176764
927212948
408338709
1179596278
1917627449
1131633548
2019888302
1304904707
1959090802
1948477682
18404841
226803193
427799442
463567150
680722914
1421954711
1042191246
1307497915
1109330989
1947183949
704199081
1260978474
1990349489
2078063627
108521699
1154564161
1889404192
1189228084
351921407
1665684283
1596346898
1877083313
1069151792
303907123
947981245
1588188962
755973471
1369061275
1271373395
1951765040
2017116956
1080598502
881578488
1832168190
357485342
693480774
968651359
1152505790
1296275064
1767031951
1501468160
1816952672
345890395
1155612731
1744953079
1932800612
348516738
810496647
1528934268
998874833
1928527422
1403185082
1569385467
164467006
905753374
1139608197
163415248
1237169421
1998454842
471166086
154837409
1390929336
55993116
87332071
304343127
968360771
4441932
1380734755
1126037945
1423006673
1990567287
1859376105
1242553767
1229184083
249211707
1596941849
268089585
868112987
1932842386
1945312747
1178650322
1549953294
1570015192
1423346735
904409100
1534282552
670681466
1353367470
1599469985
1843442810
1799582781
277837488
1917248811
46607262
1455865128
741516951
101694681
1233846283
191242768
859151273
1997284614
1347413076
603284926
1996821227
1463463287
1532911594
1000924350
614846504
1056341041
547973618
615066823
491606545
1126861813
171548466
424173762
1194747518
1172314202
736666916
677745529
2015068370
1414099333
61762605
1642259165
1413272701
1141117318
149627623
894811635
1576424860
736128338
296995994
1877303133
315220411
816552793
1381272778
1564616321
1300492986
736004548
169531882
459348312
904224205
173547085
2049632558
1943107797
1797439645
2013477306
583452030
1421275631
800218764
807352567
639804294
1162974541
1818972182
7417295
1959339242
790978446
721749586
2039327047
1070292119
937802802
313803928
592351639
1000572469
1709575464
621990461
805707205
955155129
1066852596
2144421498
582463712
1695501334
791159164
1292267627
372305623
1569763859
1080239472
2120613171
803800308
1355600440
1825844820
1600134716
1202831352
1780931810
1611234604
1229328796
606448083
790288758
2074527683
657165971
1828194560
2108701618
1676572823
1937455153
729758587
1066875935
97436516
657741845
77563744
1686504867
102185035
1286226767
625220385
1231678003
1457266591
696380263
1567987556
567406757
785877069
2075147639
1366891639
12266915
996971237
327422323
1238922609
180124091
930095945
191925129
174299878
748041876
2007155441
1635316131
382035782
931394876
1148853720
1273829130
1154021074
1131999132
1410671622
330670116
1720372540
63792909
1704753595
870416478
1630042843
1542593027
696352821
614085668
951262088
1352671975
