28002310
56668552
74329413
75537678
91917431
119344191
131254210
152849165
171840797
185446073
203051757
222867326
232641706
259317459
298051387
312465490
338749005
365617595
408202792
433824528
459240037
460414956
498543067
523454912
547928952
580122552
588945861
608186372
613238308
638112099
684258209
721253434
746971808
760554756
788443756
813754493
839783973
861930531
862614382
893549527
915026143
946252538
953177425
990188725
1017191819
1022683680
1041710632
1057421232
1081369433
1095141893
