225476
377472
611947
919450
1109393
1455534
1804138
1835052
1949524
2212634
2303932
2352214
2640663
2979653
3263647
3580527
4000299
4137035
4510047
4603739
4760841
5049991
5232049
5419999
5660926
5874403
6110798
6358829
6742956
6989539
7162837
7265974
7572197
7620554
7812281
8058004
8233413
8521190
8554342
8705942
8836369
9168202
9286890
9406828
9541649
9623431
9812279
10102419
10243417
10487822
10802401
10965066
11320095
11426748
11615288
11731087
11902859
12182281
12386859
12634657
12760038
13068350
13371635
13534600
13695230
13910825
14025536
14052500
14226827
14583192
14890892
15046758
15304590
15474918
15792864
16038432
16223315
16480993
16569726
16940082
17075820
17348511
17640024
17922934
18028107
18351009
18600661
18728372
18786295
18971309
19287650
19386407
19678122
19985299
20065054
20238502
20390886
20766998
20783145
21056896
21256719
21267856
21624520
21926852
22116344
22256228
22387076
22510229
22694255
22890363
23125905
23256949
23506469
23629113
23785223
23930173
24101864
24125550
24224313
24337576
24504741
24652862
24968041
25161077
25386992
25493206
25665091
25905438
26150660
26319623
26603905
26783471
27000696
27268674
27455636
27605746
27777530
27916439
27972924
28223216
28426353
28439247
28637483
28777039
28895844
29212803
29385279
29489180
29706614
29921610
30124879
30176804
30297075
30623010
30957763
31223282
31531146
31721218
31730198
31898005
32088971
32420668
32669336
32799868
33010300
33203678
33365759
33436536
33646850
33743273
33838044
33968751
34191883
34353321
34552303
35060819
35174444
35414706
35751187
35978291
36146514
36437293
36508013
36605759
36880537
36995755
37201577
37411019
37591081
37844134
37860892
37935318
38043264
38118835
38333275
38653995
39082711
39125537
39428193
39448674
39687834
39913107
40227974
40481063
40508885
40835940
41099524
41195021
41232878
41377839
41573790
41733537
42036602
42232737
42398718
42725130
42901512
43079779
43226430
43436905
43642963
43935590
44226370
44582300
44644899
44923530
45002158
45156612
45536973
45766567
45983912
46171219
46503774
46638713
46834600
46985259
47410267
47718022
47836542
47981476
48333633
48396089
48482388
48611783
48713587
48927790
49247039
49518726
49899021
50320612
50428928
50580134
50760407
50924757
51367909
51472561
51651775
51932222
52055330
52232415
52438206
52871081
53108400
53376197
53455549
53618513
53826249
53842675
53919034
53992482
54145747
54278526
54567245
54696726
54872473
54971779
55065012
55226030
55415068
55679897
55861196
56207171
56420784
56587579
56709887
56899050
57147662
57262241
57688040
57880178
58118249
58278718
58430653
58623046
58905933
59230181
59420322
59664807
59908806
60033051
60320165
60505086
60600689
61080624
61319471
61563264
61835816
61979186
62291268
62351544
62434044
62740414
62812926
63167656
63515529
63624390
63859630
64028698
64155444
64232102
64380283
64629000
64636703
64911929
65198049
65440252
65789389
66022033
66342611
66523242
66620947
66779927
66912843
67028398
67373434
67600903
67924575
68002670
68216361
68535926
68770813
68910485
69141296
69263687
69566073
69674120
70010894
70019624
70284161
70400138
70542113
70894029
71126122
71363707
71596518
71854387
72087629
72291071
72362410
72642640
73129127
73236483
73518263
73813265
73912770
73925153
73997684
74150267
74404803
74749411
74879785
75018486
75152620
75358623
75649607
75907894
76166077
76257529
76468800
76644147
76721878
76980354
77216367
77478349
77786793
77930347
78042115
78241693
78601344
78755403
78934751
79044782
79369925
79680252
79778947
80018442
80324085
80530580
80581256
80765335
80850991
80959526
81099417
81411549
81441805
81626283
81848566
82081448
82236470
82506557
82779484
83122985
83560000
83850974
84037835
84091437
84340897
84684733
84782277
84894567
85122995
85240400
85362415
85570606
85899919
86062485
86206672
86371462
86510405
86650468
86744990
86966469
87075529
87096155
87258031
87523907
87651310
87811450
87988429
88149105
88278985
88480710
88750423
88850156
89025221
89342912
89523396
89855192
90156513
90204059
90239994
90792913
91088917
91233301
91579286
91749515
92006046
92161858
92360734
92688159
92914569
93068513
93373247
93619526
93871745
94056157
94341614
94719287
94984864
95103032
95254836
95332848
95618699
95782640
96106709
96248834
96260264
96454336
96545127
96792698
96938788
97204086
97431920
97704013
98017080
98188175
98373569
98614060
98907801
99130033
99491915
99607714
99757932
100085488
100197659
100448147
100806327
100970092
101150445
101363382
101397371
101595373
101855684
102145356
102202855
102303902
102650489
102875918
103010446
103368601
103544839
103751909
103998691
104090826
104311584
104484993
104871235
105140817
105283615
105473269
105904978
106136382
106330986
106576140
106838503
106873061
107276845
107476135
107580294
107739658
107975265
108188537
108415448
108573674
108661555
108831371
109077113
109390803
109557015
109742278
110044635
110270276
110526220
110666356
110930812
111048399
111111973
111200157
111422134
111644914
111878955
111971411
112140890
112392696
112706945
112917069
113126301
113347603
113515182
113680324
113772216
114083278
114352369
114467744
114706649
114754982
114987586
115135350
115288818
115465556
115651747
115824480
115975650
116106386
116497653
116691842
116766649
117072606
117454865
117558439
117808006
117987582
118240826
118576875
118835029
119096463
119272394
119381812
119719805
120077331
120262038
120513616
120805689
120916048
121263312
121345534
121671491
121840663
122106192
122379394
122614773
122852522
123087162
123309050
123476103
123616111
123847332
124016597
124067522
124205832
124333179
124605202
124829689
125004099
125196423
125436521
125716238
125967307
126235842
126378636
126523282
126719304
126964166
127381450
127700409
127804375
128152015
128444128
128737850
128839157
129036078
129332958
129705642
129988121
130049228
130139898
130179836
130288937
130572695
130742508
130818214
131125136
131317003
131550058
131803645
131980343
132234520
132421730
132723667
133068607
133192142
133362555
133535409
133974416
134076476
134176078
134424537
134623012
134793688
134953228
135068926
135207445
135494754
135778628
135956083
136076473
136436646
136748768
136920713
137187240
137302303
137438684
137597207
137792735
138121913
138332547
138455910
138592907
138711335
138728515
139071169
139165576
139300982
139477579
139658532
139820197
140069149
140516651
140804235
141159344
141507101
141916317
142068645
142177779
142468967
142560797
142733457
142913981
143144000
143431513
143563406
143889626
144080697
144377066
144583529
144646352
144861916
144939788
145226175
145375449
145516718
145714085
145933922
146125383
146627374
146928865
147001510
147218832
147388892
147656430
147894882
148226841
148343722
148440908
148560415
148869957
149148242
149265338
149463592
149713904
150001285
150403633
150592292
150774860
150927283
151070017
151217800
151451021
151859876
152128672
152320024
152654436
152766238
152961740
153015888
153187949
153410879
153579973
153951663
154143282
154480949
154904644
155197906
155448628
155566485
155795178
155993654
156232891
156540531
156807661
156939479
157032143
157223701
157392389
157721217
157976161
158224727
158432174
158693216
158900683
159063707
159219511
159407250
159585269
159851950
160028999
160141430
160367997
160641278
160927241
161028223
161189929
161628060
161824764
161968315
162037047
162286526
162384406
162546099
162871349
162947186
163128447
163333327
163702771
163868480
164010382
164201114
164237627
164499544
164630298
164753806
165066275
165317434
165447697
165551868
165849288
165901282
166307027
166595241
166754056
167021553
167082759
167186578
167299685
167429797
167678529
167809859
168080393
168270679
168389187
168433987
168666568
168834672
169137729
169436701
169796492
169913670
170045225
170162659
170470195
170632443
170766719
170957830
171289303
171374765
171521389
171808681
172086535
172225244
172350418
172646810
172895805
172937300
173097895
173429298
173545142
173737911
173889648
174039414
174332735
174600967
174734689
174853232
175049998
175209425
175448305
175590966
175869837
176041175
176326984
176452000
176715773
176992077
177349810
177502092
177676845
177982109
178049588
178236376
178500009
178867358
179187004
179546036
179903169
180188456
180391086
180530222
180780123
180935130
181108795
181243071
181431557
181461019
181626751
181869318
182241787
182394584
182616173
182895309
183118295
183220222
183417761
183762979
184058731
184269338
184468214
184657462
184900298
185054736
185301164
185445924
185653077
185855110
186041177
186209084
186445946
186789156
186843069
186991112
187305401
187563364
187826443
188245671
188639594
188809147
189092049
189291275
189510759
189610981
189697277
189942279
190299048
190513581
190692040
190863578
191065103
191325573
191534096
191743352
191773249
191807553
192035108
192335813
192643744
192748716
192911465
193211082
193455410
193664534
194093875
194313363
194531217
194691117
194892795
195283437
195656690
195739347
195934410
196092059
196356275
196546737
196751651
196852969
197100407
197457460
197767240
197790701
197937164
198282387
198593581
198883182
199147550
199521172
199741752
200017373
200322012
200577609
200857034
201113772
201398905
201486215
201735490
202033640
202190580
202468138
202792776
202866717
203125969
203296164
203388632
203593431
203735554
203933811
204054136
204124960
204299053
204519176
204691433
204882924
205025082
205224870
205471805
205665371
205852431
206032595
206041460
206113547
206427161
206599492
206922760
207035076
207241188
207317797
207481731
207597230
207743541
208183672
208390575
208544386
208736976
208752548
208923536
209034081
209259796
209503003
209715877
209860113
210110806
210380912
210427842
210596783
210821807
210955321
211287563
211520203
211619311
211727927
212012076
212152589
212526568
212704114
212979434
213156555
213360120
213547607
213586932
213921969
214068978
214168831
214352388
214483786
214692024
214987669
215226611
215437400
215641595
215944853
216278872
216342663
216448447
216839184
217072914
217341834
217511869
217530707
218007069
218165852
218244497
218546714
218894722
218924650
219224864
219578403
219652191
219905410
220129625
220341036
220414476
220675461
220982971
221214435
221342453
221555457
221675033
222049958
222311107
222402546
222502831
222821112
222982477
223008538
223268478
223395283
223864167
223925121
224177714
224393219
224623378
224811239
225027311
225043460
225078015
225375441
225536072
225802426
225945266
226099866
226421582
226713275
226728681
227016726
227201679
227327669
227493879
227632036
227846892
228090358
228228426
228412047
228811249
229061337
229342005
229483657
229661912
229919172
230104017
230464394
230701225
230926312
231158365
231364875
231533853
231890152
232047370
232315684
232592473
232895301
233033328
233078410
233249567
233453085
233518350
233755537
234032676
234249489
234410845
234810582
235114953
235222478
235488053
235697417
235912344
235941343
236076957
236224156
236266092
236484795
236675158
236782313
237081714
237325544
237378751
237399445
237671736
237692038
238023696
238194498
238604720
238744624
238992015
239055897
239230211
239452141
239602452
239846211
239967560
240184954
240303055
240456892
240579335
240728125
240950381
241081625
241406504
241820873
242181417
242382337
242680555
242877005
242941586
243127056
243178496
243493509
243737666
243995131
244196412
244375263
244385592
244612180
244799257
245179245
245541262
245748262
245954699
246297835
246466022
246559212
246836373
247096940
247183860
247293312
247470345
247575246
247817932
248008986
248087832
248177807
248300289
248487075
248630020
248937388
249217193
249424147
249594350
249883445
249976628
250228063
250486438
250624188
250953644
251117641
251350656
251676650
251904370
252087187
252538550
252706347
252951089
253044823
253242512
253442664
253558236
253834468
254024782
254134412
254318526
254569933
254731911
255048787
255386384
255458507
255596585
255883144
256152707
256369239
256581649
256602620
256662052
256869091
257158993
257381268
257643073
257714582
257790778
258044511
258317344
258549798
258770903
259023041
259308772
259388319
259568758
259626686
259958549
260132571
260367642
260635266
260777715
261042671
261351118
261463376
261730788
261934174
262204731
262439919
262641859
262943077
263205381
263301099
263482274
263585380
263845784
263904496
264115573
264426918
264630741
264746488
264873646
265162931
265441795
265567709
265664017
265799056
266068598
266149622
266286694
266540083
266723905
266896720
267011467
267089808
267283772
267476238
267616013
267964318
268191654
268448462
268680222
269014022
269373720
269482426
269596376
269857064
270117308
270378444
270611814
270760083
270799813
271123242
271240440
271657941
271760136
271962419
272084038
272115982
272409705
272496552
272637378
272969323
273225025
273313606
273623672
273905877
274189275
274412430
274548858
274656359
274822525
275107753
275506766
275506782
275631155
275981168
276288776
276436878
276613277
276890553
277147706
277488615
277726933
277844753
278001660
278351648
278524516
278643926
278775685
279060721
279168232
279482742
279693757
279904739
280080359
280396513
280611595
280817673
281107172
281324173
281439496
281685324
281936584
282120055
282307754
282486008
282772389
283005838
283213016
283407761
283591780
283872420
284114731
284268848
284478815
284894912
285031280
285193973
285233612
285573909
285735135
285819603
286023391
286254276
286502011
286693779
286702513
286830415
286957522
287183903
287338394
287611306
287784030
287847910
288117639
288332326
288546822
288771003
288824495
289104877
289227453
289494195
289689376
289831829
289948015
290260036
290458985
290582393
290797511
291079479
291352167
291525600
291574413
291707290
291742659
291942123
292185104
292386609
292413183
292601994
292940369
293216798
293402957
293548745
293700638
293882036
294100638
294302931
294455009
294596821
294734123
295000820
295230138
295585407
295798876
295999035
296194870
296445582
296665447
296732986
296910581
297129873
297347752
297616541
297635269
297878147
298028459
298381480
298583770
298830180
299163633
299342884
299397244
299730336
300097878
300296662
300440895
300917500
301079448
301163442
301370893
301403922
301472123
301551003
301808863
301982951
301996340
302213751
302405763
302741608
303041710
303401686
303621588
303993590
304247361
304618213
304758563
304917564
304930808
305110967
305336558
305471288
305677732
305860307
305927236
306154514
306330964
306613906
306713240
306965724
307147051
307230904
307375277
307500058
307663566
307854236
307958488
308041031
308407256
308837170
308965876
309160394
309375503
309523010
309628599
309859308
310223666
310399388
310487648
310599554
310743954
310926020
311081475
311231631
311337338
311660461
311765268
311929509
312149720
312386270
312475714
312729467
312988217
313202540
313544226
313803187
314108898
314399195
314609662
314688505
314912783
315106192
315137430
315463607
315741123
315953924
315974106
316238044
316398281
316552277
316753243
316929873
317163041
317299272
317403415
317670987
317757174
317927593
318105354
318248922
318537332
318575418
318944423
319158762
319349113
319491447
319573691
319802766
319965747
319991099
320191497
320378069
320775412
321060299
321258565
321367009
321416249
321707645
321810060
321904105
322161059
322322690
322620778
322641899
322701420
322922453
323109328
323519422
323853694
323874402
324072629
324367459
324537761
324722878
325002829
325178915
325344959
325468842
325789503
325986999
326355505
326408142
326788412
327114771
327250920
327300139
327514694
327641598
327742944
328021906
328126271
328273693
328553539
328728674
328784451
329086011
329149231
329166855
329410256
329572128
329688802
329906573
330217322
330317734
330586765
330781378
331114566
331402344
331830796
332138107
332217577
332414100
332450602
332710010
332991700
333152359
333264926
333311671
333315301
333726733
333745324
333851029
334154373
334344727
334484621
334528089
334915249
334985795
335232949
335259839
335533689
335710547
335841888
336150587
336308458
336538174
336659162
336952275
337083881
337379506
337726948
337837782
337880746
337891233
338026729
338304725
338523533
338646812
338687124
338811476
338827680
338976095
339113097
339236766
339540954
339747675
339885626
340171568
340250929
340364168
340611467
340861747
340895431
341031665
341103914
341256742
341391766
341588834
341837531
342159351
342284721
342374272
342504768
342871427
343186627
343316401
343584203
343838364
344034191
344142873
344184333
344338613
344645608
344819595
345108634
345399013
345607664
345841354
346087831
346226372
346507946
346768167
347028956
347096242
347205992
347503007
347804360
348017462
348324827
348464833
348745169
348916796
349176849
349508367
349583394
349696071
349898868
350228840
350307762
350376941
350709164
351001475
351095178
351459942
351587708
351803815
352001244
352005792
352340110
352497214
352624647
352791350
352953836
353313228
353364610
353587026
353734946
354024025
354158965
354682584
354922610
355109003
355495718
355794256
356052958
356231431
356399252
356579551
356734912
357093897
357130581
357156548
357361843
357502546
357655732
357830195
358034642
358315344
358438282
358523231
358790068
358961317
359096156
359539976
359770302
359926031
360075563
360346742
360444647
360594288
360796002
360865975
360944692
361118901
361361111
361677569
361800722
361983387
362215490
362254173
362512562
362714485
362876075
363016547
363384093
363688896
363889468
364075841
364261330
364549300
364737793
364876750
365238366
365326634
365606837
365740308
365988247
366269332
366479766
366680408
367001034
367337380
367589897
367719837
367930596
368207473
368545014
368706611
368872664
369104701
369230562
369487143
369778961
369868728
370101374
370400381
370578858
370579520
370664624
370950927
371119349
371358341
371832681
372219321
372399361
372594132
372871627
373038770
373180378
373506562
373778241
373962912
374112644
374178666
374354227
374579819
374838066
375103421
375420703
375548660
375746412
376059934
376299446
376487586
376691694
376919055
377128482
377245674
377618513
377962187
378246644
378601660
378885439
379012423
379106847
379262964
379453392
379685774
379821204
380015232
380282585
380511619
380828499
381200363
381320620
381401735
381698331
382040648
382225329
382429237
382690120
382790364
382984045
383374486
383539774
383746268
384124569
384539934
384824108
385027589
385161648
385436553
385773141
385900056
385933808
386234889
386369352
386677420
386790098
387001049
387373479
387723322
387886295
388012073
388085792
388215932
388522302
388567569
388857645
388992764
389148756
389483148
389552628
389713701
389995902
390321144
390363765
390592512
390624928
390926298
391066721
391322841
391591502
391973025
392174047
392182831
392532457
392675509
392748585
392904068
393077571
393330370
393508898
393678340
393886145
394134324
394264616
394427964
394567247
394680267
394887621
394991945
395269370
395358386
395626133
395785992
395984896
396171731
396441107
396616551
396671380
396846478
397013670
397316183
397620967
397793564
397950802
398154347
398424212
398778183
398818164
399113731
399370427
399599767
399805328
400017021
400144260
400318897
400621444
400663189
400967550
401233629
401367438
401444562
401713736
402031778
402180879
402448462
402507957
402880341
402894801
403124634
403368855
403501016
403541646
403933663
404228062
404461058
404603069
404790832
405246061
405616133
405930889
406276302
406573831
406757961
406873650
407142201
407479765
407753264
407905035
408196050
408541190
408804062
409013603
409180818
409362662
409525008
409592061
409748601
410024498
410172083
410527985
410917208
411358231
411564226
411785568
412104579
412278587
412288881
412389478
412638225
412806277
412899939
413260340
413332186
413481443
413625758
413876631
414097912
414404776
414611046
414673079
414895775
415005469
415096670
415370414
415667433
416009710
416207146
416549213
416749466
416901765
416961656
417217073
417352480
417676356
418046514
418266930
418519960
418733823
418866983
419228069
419374588
419520554
419814327
419970668
420295508
420677613
420969550
421294580
421495566
421572164
421851189
422092994
422223197
422307650
422387235
422575841
422871617
423196252
423407148
423676737
423755390
424020799
424181672
424346945
424674210
424848748
425059325
425284012
425358194
425510253
425656018
425924521
426113913
426252266
426470773
426643755
427003019
427076016
427304573
427608934
427878382
428130946
428208476
428523118
428632121
428843849
428918721
429182573
429362032
429587537
429678289
429960735
430078492
430295219
430414157
430494183
430800684
430999264
431261977
431476548
431697653
431952334
432263656
432581085
432788588
432954655
433211844
433666031
433826963
433949618
434271351
434359465
434580789
434700779
434880805
435183201
435298434
435505579
435626418
435796944
435917273
436078053
436384920
436709701
436981810
437330977
437402856
437583132
437869094
438070191
438245033
438608199
438708194
439009392
439106549
439393967
439640259
439955365
440228168
440495452
440805839
440857801
441039829
441240247
441548395
441592840
441813527
441914313
442003390
442248525
442334267
442471844
442631084
442858153
442975804
443197902
443440221
443504234
443670967
443704764
443826437
444115639
444368178
444439433
444574100
444900434
445106403
445475302
445650446
445696029
445731649
445915985
446221513
446389161
446467267
446590149
446874532
447042692
447292237
447472650
447744522
448004095
448117097
448127730
448319923
448511312
448667855
448732846
448870983
449011771
449173336
449414180
449609734
449811855
450063072
450325944
450561342
450868027
451017429
451271996
451639574
451740455
451859677
452053454
452426917
452687708
452948004
453229376
453482691
453749476
454043110
454111425
454318930
454555592
454744300
454853251
455261974
455547822
455930368
456135698
456285092
456606740
456817845
457119406
457272821
457718332
457762464
457843271
458045415
458418648
458452790
458578163
458758962
458798959
459003796
459046167
459477491
459751359
459959228
460077683
460235845
460511040
460651882
460816534
461150119
461545280
461813991
461899156
462028997
462318471
462440131
462502283
462719788
462916237
463029300
463201103
463259817
463472922
463606612
463870094
464083580
464249790
464662632
465038092
465277822
465625594
465715157
466083641
466183744
466295349
466613109
466790785
466870056
467057873
467375309
467519856
467677626
467797186
468167187
468356719
468671044
468892040
469030977
469077903
469316338
469415278
469564197
469693125
469732629
470060158
470366993
470514242
470746856
470903113
471039253
471128532
471167954
471221375
471443097
471705031
471970811
472157276
472272890
472530702
472640538
472952383
473136277
473139787
473210813
473347197
473475290
473523449
473664869
473856446
474204470
474583351
474647122
474897355
475093199
475202572
475309631
475576279
476009022
476281434
476383752
476481339
476671715
477004227
477066504
477269660
477339542
477441436
477525779
477772258
477928924
477938919
478188366
478354208
478489171
478573014
478578508
478675685
478764226
478920932
479053662
479276395
479574167
479762384
479970479
480123690
480297958
480519005
480783192
480908556
481108398
481184165
481535623
481779233
481982254
482074480
482127411
482315967
482419926
482661429
482814247
483012532
483021823
483383792
483656490
483833252
483954691
484232357
484458343
484656951
484817960
484975906
485151328
485266160
485573789
485877795
485922830
486193761
486434317
486665695
486759989
487003216
487206433
487444672
487579345
487602451
487708086
487910419
488113297
488247603
488649857
488836313
489045896
489325690
489519312
489744040
489920886
490185137
490306854
490435626
490589177
490733076
490845842
491055563
491248905
491485853
491621965
491846143
491978917
492234639
492311415
492455919
492601005
492869978
493124231
493476102
493755703
493967826
494278825
494457519
494540155
494703451
494882044
495047567
495263256
495413826
495440639
495622901
495844281
496081056
496425514
496517792
496779957
497235595
497488102
497743077
497936602
498306492
498509283
498590724
498814163
498889886
499023088
499305011
499683681
499904024
500053199
500388364
500687149
501065980
501431058
501652428
501773869
501961626
502106891
502414276
502715617
503059043
503203305
503329366
503659353
503662923
503818013
504162845
504312209
504450221
504583345
504753100
504930050
505262331
505481153
505702788
505739546
505952552
506137893
506230808
506275610
506503434
506684595
506912617
506987450
507007905
507146785
507241071
507410277
507488432
507692087
507714190
507876728
507922567
508106345
508491766
508651117
508848369
509245058
509646718
509824891
509970124
510307429
510586116
510821633
511057994
511156576
511243366
511439055
511591920
511908818
512019789
512257356
512501354
512586055
512610250
512754801
513019955
513152745
513605881
513677968
513970834
514159276
514311646
514460638
514498473
514703918
514926867
515114835
515401352
515579495
515728677
516011497
516194526
516627176
516962535
517221097
517390850
517515237
517814047
518009956
518342423
518668484
518813751
518887248
518950883
519189360
519328686
519724783
519945131
520275127
520441177
520526656
520804011
521074104
521226387
521464768
521495571
521680092
521846077
521976234
522081291
522391846
522629087
522830619
523057621
523174902
523404548
523619554
523821450
524119068
524231831
524295933
524399685
524505940
524827241
524968336
525262118
525657211
525774429
525884682
526183008
526449637
526560461
526877626
526920872
526942077
527098732
527138267
527302517
527607136
527751860
527798808
527995702
528304505
528500115
528784682
529081735
529268569
529460305
529732117
529890863
530108347
530278329
530376122
530656416
530993943
531109780
531290752
531584683
531814564
532039154
532202960
532272874
532409138
532715336
532931310
533152515
533155731
533342132
533576845
533747328
534087060
534298205
534527757
534668736
534787139
535175640
535328523
535650692
535959654
536217996
536292537
536617633
536839720
536942429
537140641
537301757
537345913
537632241
537735522
537948589
538136061
538357695
538587892
538750288
539017550
539298113
539333600
539575302
539694832
539984726
540078153
540151601
540239146
540367272
540395777
540548272
540677686
540933217
541170197
541431932
541776625
541958259
542069805
542262417
542529768
542689864
542861918
542998123
543413705
543592666
543827822
544016527
544142895
544359783
544422998
544645292
544697722
545095118
545381121
545561213
545796933
546091322
546259799
546570513
546993547
547257795
547605828
547764466
548092537
548451024
548558159
548629734
548819833
549085227
549219586
549471053
549690106
549803096
549937114
550085723
550212901
550560127
550718401
550806551
551022119
551096858
551210611
551393748
551624482
551902708
552089574
552444983
552786212
553070257
553301355
553700530
553877421
554063295
554242016
554409518
554459331
554659128
554906274
554993140
555165480
555208656
555468217
555599869
555798743
556046216
556429988
556778400
556882695
557035389
557188596
557393948
557638026
557790497
557856452
558101399
558430564
558649351
558766910
559053348
559213494
559418771
559419857
559535169
559542957
559588093
559849987
560125576
560290807
560646319
560764805
561034369
561056869
561116215
561257401
561584955
561712248
561901293
562000348
562068754
562429189
562538268
562702590
563000579
563130548
563303670
563348813
563674121
563863364
564209024
564342467
564549106
564676205
564995405
565042122
565181076
565370637
565562646
565853745
565926191
566084895
566238904
566411130
566663654
566872201
567302043
567339349
567485387
567634079
567634270
567748214
567919808
567981456
568089772
568343069
568776963
568921958
569226008
569386326
569598024
569705972
569884318
570190256
570348659
570379199
570770198
570915206
570989870
571111916
571284672
571486449
571759648
571981475
572250231
572324875
572326006
572658416
573067359
573220034
573472938
573795173
573980420
574330501
574395307
574439111
574642224
574754855
574842874
575016636
575273599
575563667
575624332
575757514
575932924
576116436
576353753
576503157
576586666
576827421
577087578
577403639
577734170
577863456
577936103
578050940
578326650
578654972
578755211
578911749
579198849
579547403
579626245
579844028
579920125
580269103
580637605
580880982
581115274
581383675
581763051
581900288
582082140
582503443
582541424
582786416
583082050
583237371
583264315
583407173
583615689
583906300
584039778
584087799
584415811
584537798
584801799
584873105
585240814
585584065
585827163
585995801
586223909
586447950
586622681
586862241
587013232
587284882
587652556
587910132
588180832
588526107
588756419
588879805
589180936
589471737
589643846
589965944
590031536
590317538
590675275
591010768
591304455
591407485
591521450
591856921
591966895
592322284
592799320
592883307
593171259
593312826
593476776
593640956
593876429
594097243
594265679
594390696
594614111
594720464
594990435
595222981
595522841
595777811
595850337
596213182
596535457
596769965
597216395
597697618
597821857
598012966
598193121
598476061
598686895
598837335
599029418
599306964
599592133
599814356
600018978
600254769
600515744
600827861
601097898
601207959
601474326
601638288
602049079
602233982
602471269
602617243
602749170
602846103
603002286
603281409
603512099
603552331
603557136
603716703
603945732
603977208
604068760
604327536
604611539
604844027
605181202
605371534
605375135
605683432
605740393
605915129
606359585
606477144
606816688
607039646
607234598
607453987
607739320
607870662
607911241
608186921
608396129
608682695
608790637
608988980
609261448
609532641
609759007
610084968
610320902
610517871
610523376
610705755
610969080
611322430
611538268
611818495
612013069
612019864
612330325
612646499
612801087
613245512
613412167
613690210
613944220
614041698
614061974
614332925
614603764
614650820
614814478
615055377
615189909
615344470
615537461
615857409
616008986
616263197
616500483
616815550
616970476
617180048
617522677
617716486
617971988
618262165
618572776
618654993
618791794
618909369
619024931
619222952
619373977
619431095
619594875
619979526
620208969
620463939
620646554
621042721
621320326
621525931
621663220
622154627
622383902
622483911
622548604
622792939
622999801
623260508
623549737
623913118
624065263
624235332
624406889
624654114
624873941
625007213
625384718
625430195
625655360
625953473
626138442
626364675
626371585
626505658
626665180
627027915
627287796
627433294
627548047
627731424
627962914
628190425
628210260
628221849
628379818
628770127
629167802
629209906
629297197
629620399
629990715
630145786
630595168
630692147
630766412
631049957
631235545
631398421
631584352
631686700
631765318
632089277
632304703
632320344
632455416
632680740
632855957
633138778
633281501
633528937
633882747
634099468
634178828
634478739
634823354
634996482
635233890
635369415
635596327
635816402
636116895
636258662
636435799
636751668
636901842
637000338
637331163
637763300
637966808
638136730
638357685
638466238
638695709
638927735
639045810
639268219
639614857
639696497
639967655
640268771
640292906
640593085
640884968
641164429
641204232
641580279
641798445
642127510
642314948
642388061
642474790
642620247
642753583
642870147
643045876
643082970
643246648
643589823
643987013
644120641
644126827
644290380
644576219
644725301
644960197
645121495
645425377
645642962
645761119
645931602
646141197
646311238
646481190
646583154
646664045
646807545
646858939
647113870
647360759
647520992
647817668
648075131
648267935
648432568
648564043
648775967
648984163
649182731
649369375
649770359
650048101
650294443
650775260
651157449
651444499
651833695
651857360
652041021
652284233
652476078
652546144
652906619
653166845
653310516
653387850
653739593
653955821
654288716
654539620
654697550
654933338
655163089
655411955
655713542
656155042
656390723
656649748
657009659
657116933
657328453
657492015
657698858
658001639
658194201
658358266
658507662
658986811
659159604
659326770
659713799
660088931
660128794
660262679
660458454
660686305
660998865
661206126
661518571
661597984
661798936
662005385
662304034
662576056
662806442
662962030
663267403
663637675
663781997
664063447
664483176
664737443
664921003
665074397
665242572
665522941
665712601
665787759
665941570
665942250
666165708
666226803
666232559
666330929
666529572
666715833
666816954
667028270
667047185
667299459
667478971
667638997
667655884
667861016
667984586
668136430
668334613
668626771
668985494
669240076
669428653
669538435
669834106
670056786
670248190
670483661
670646572
670809110
670952341
671046374
671218103
671519868
671757101
671956443
672208218
672338626
672635163
672892247
673009430
673056822
673235605
673583222
673779738
674014417
674057099
674117464
674196817
674306778
674582928
674754827
674938483
675180028
675321617
675521819
675886601
676083481
676404380
676643858
676925069
677030201
677223764
677570036
677758399
677852991
678164797
678356400
678415888
678430134
678675092
679075444
679249722
679473509
679582150
679850861
679887014
680033684
680310507
680558124
680618120
680862185
681194255
681314247
681576740
681700174
682188434
682451441
682699391
682818259
682986677
683057575
683358513
683492130
683682846
683839931
684174169
684336443
684574318
684818923
685002435
685224583
685360043
685698021
685773513
685926150
685989177
686296756
686463845
686629254
686903712
687098847
687323810
687523994
687657686
687864213
688120553
688501536
688608698
688955703
689072907
689280480
689615591
689624070
689855417
689936993
690172161
690428440
690768507
691110490
691389720
691703328
692237973
692405125
692514487
692711292
693160993
693522263
693789566
693885937
694125322
694214894
694528157
694702530
694921512
695108342
695285580
695360707
695528971
695968092
696144865
696295304
696546353
696873145
697004335
697411743
697524858
697732111
697911942
698231023
698601984
698874170
699061092
699282663
699590170
699669741
699925756
700084458
700220719
700481337
700756882
701005664
701066567
701244914
701365020
701526220
701617848
701974722
702177122
702413889
702540125
702737171
702887019
703051496
703163245
703178158
703460916
703664225
703945795
704209182
704384600
704573179
704779763
705031226
705106928
705161365
705437309
705702564
706009342
706132190
706426417
706565652
706636314
706744979
707037376
707241314
707319078
707530063
707738363
707918032
708127769
708323247
708346592
708608574
708813400
708997387
709076371
709266498
709404908
709551584
709796518
709951576
710168828
710564207
710838042
711077659
711412714
711466732
711617091
711719310
712096325
712114390
712194995
712455819
712476387
712738506
712884871
713072568
713124840
713389216
713673722
714090982
714139098
714217096
714528022
714628937
714904470
714991997
715291880
715346923
715594449
715899697
716076604
716177638
716467278
716820750
716899298
716968220
716999951
717059345
717281493
717569576
717583975
717671491
718126287
718309130
718452901
718606771
718863906
719164743
719440283
719697934
719808087
719818101
720146512
720462717
720620376
720779913
721045649
721474683
721705496
721885710
721888043
722128337
722261368
722419253
722690313
722820059
723121016
723259494
723423310
723694394
723978040
724147259
724263477
724508838
724784678
725128840
725326529
725432738
725621837
725764280
725886796
725911076
726053083
726314387
726557585
726688427
726874531
727156178
727301623
727572381
727769330
728071666
728431054
728637334
728738936
728851883
729166999
729325479
729605475
729814659
730044581
730361357
730634782
730949541
731332904
731391359
731576383
731636057
731708403
731992808
732080582
732202495
732323562
732359533
732519926
732573678
732756713
732877732
732982004
733349513
733507964
733803208
733949809
734184101
734504448
734698725
734878634
735002330
735186791
735382602
735595898
735829796
736038901
736219728
736343360
736628648
736821547
737035100
737225626
737546787
737718611
737920937
738100468
738255928
738532234
738696112
739024384
739240190
739394751
739679279
739743296
739942605
740281714
740621497
740846959
740996134
741262268
741430128
741487494
741820782
742162255
742501100
742621021
742856322
742964917
743081249
743134773
743270394
743689444
744146467
744302231
744679773
744931201
745185450
745608321
745629611
745979177
746164781
746261106
746421745
746855316
747130140
747250237
747434600
747596411
747832813
748105463
748339240
748726969
749007699
749274267
749421091
749649356
749728683
749818321
749950605
750183393
750403908
750559780
750897339
751061939
751286524
751506355
751838479
752229659
752279446
752572302
752694092
752903005
753274730
753409160
753555784
753802838
754182297
754285276
754656368
754715664
754988081
755122640
755391896
755408731
755445347
755602918
755721259
755922102
756278067
756567151
756804758
757009814
757267339
757582347
757766648
757944416
758011057
758128824
758173798
758389856
758593102
758893085
759169598
759449799
759794707
759954072
760058717
760306455
760537528
760638774
760994281
761255773
761516171
761727666
761995647
762202601
762336773
762462488
762784136
762948322
763160034
763285985
763365608
763649118
763714722
764104162
764168781
764370506
764570381
764677238
764739545
764899362
765219624
765315305
765491161
765703388
765896772
766074992
766305331
766351744
766700496
766815791
766975552
767267262
767447707
767591467
767758389
767950893
768246272
768379123
768533737
768751108
769023358
769199872
769431574
769462254
769819316
770079011
770206523
770530424
770660129
770908154
771188243
771364008
771436045
771576474
771606778
771905223
772086748
772434602
772528098
772683748
772920823
773336503
773396557
773569467
773951131
774141519
774453717
774528302
774706431
774919673
775126444
775325743
775356984
775566041
775909024
776116408
776311600
776421062
776581845
776854745
777029649
777269005
777550325
777863013
777993624
778158604
778183286
778341802
778493974
778832759
779003499
779232308
779344883
779599293
779634285
779843022
779986808
780291199
780344988
780529482
780726918
781128854
781469795
781523767
781718097
781897555
782257822
782732756
782865063
782919943
783095694
783312182
783423131
783624116
783791762
784041273
784280738
784519301
784653044
784981925
785345773
785692134
785958344
786056766
786159558
786227241
786492481
786671755
787056307
787271791
787717844
787719448
787894548
788004251
788021893
788125301
788250721
788541247
788886751
789257458
789353493
789695829
789817430
790022082
790111489
790444629
790801572
791086948
791283335
791417148
791519377
791525207
791696207
791755548
792078602
792413709
792592661
792694345
792834544
793015360
793249631
793675169
793934568
794264246
794608013
794841290
795263657
795443393
795652899
795686364
795847844
796038397
796158597
796305604
796620114
796872949
796923531
797046979
797326076
797395473
797639700
797755732
797977140
798169356
798334875
798661181
798882723
799099172
799282300
799449974
799637436
799842565
800160403
800419989
800614504
800866614
801035111
801294104
801539929
801971949
802184934
802494679
802692060
802774682
802887429
803121022
803400372
803558332
803559079
803629776
803774465
803975054
804109612
804200950
804264495
804600612
804939589
805138134
805308350
805580467
805602952
805843179
806110973
806521559
806733476
806975464
806987356
807260068
807312931
807528036
807851627
808121449
808232831
808520479
808690853
808913796
809061200
809190200
809428595
809647226
809971334
810153575
810357363
810387895
810640010
810832122
811073349
811156589
811299254
811552321
811623108
811870784
812104003
812133231
812362555
812688833
812938546
813144993
813299629
813493041
813697411
814025607
814215844
814370030
814618024
814799508
815028311
815048398
815308971
815488003
815619268
815958156
816281600
816442601
816476222
816680595
816784680
816930967
817103365
817321076
817632150
817945334
818151849
818473845
818657846
818880219
819134429
819206368
819377225
819501317
819825015
819926653
820286525
820525129
820731100
821040294
821159111
821179532
821435665
821528811
821740762
821827401
821929577
822064511
822416962
822747852
823041913
823250772
823697977
823861526
824218720
824333487
824468787
824551091
824585884
824839968
825059282
825243780
825652784
825766983
825845951
825848415
825899358
826056146
826094891
826224750
826363712
826607602
826863736
827079441
827432065
827503185
827799013
827883745
828106382
828317749
828675893
829005376
829196622
829634362
829680860
829982283
829997719
830321152
830602989
830967427
831087839
831263722
831434676
831524790
831856474
832156279
832486928
832592323
832899947
833055756
833270035
833468922
833738943
833883701
834214513
834441581
834680414
834906372
834973986
835101392
835399170
835552054
835635644
835962412
836151833
836391733
836651835
836751665
836976196
837176065
837489245
837788120
837829739
837941875
838246844
838601095
838811693
839154601
839527591
839743878
839917698
840176652
840495058
840782609
840849089
841177255
841504026
841564403
841807251
841949483
842054800
842113880
842385074
842555384
842848299
842985361
843093572
843226229
843408727
843585356
843809689
843896892
844156703
844578355
844803066
845112074
845255565
845449455
845587071
845797296
845888178
845992421
846378703
846487029
846706524
846930195
847180041
847500296
847593338
847895965
848132916
848469867
848680894
848799067
848891041
849364358
849471606
849539463
849772670
849868276
849899588
850115197
850368469
850736906
850996753
851063653
851393266
851754586
852075872
852169393
852346012
852646126
852809623
853041921
853207702
853645597
853929942
854124574
854306561
854541038
854867430
855107057
855287864
855485306
855730694
856024304
856247209
856299409
856443746
856645498
856954036
856957602
857243584
857366110
857501783
857688119
857942336
858087307
858397608
858551332
858581464
858656646
858854796
859140554
859297699
859508326
859711831
859853476
860096809
860438352
860698605
860985984
861089842
861441559
861674248
861988328
862271035
862427270
862556383
862960555
863033649
863045239
863463877
863617308
863856280
864093882
864124106
864355000
864529885
864801546
865175615
865415662
865555867
865666856
865865783
866111546
866163672
866224514
866499976
866654024
866987951
867048038
867112830
867262624
867290309
867524980
867733788
867954272
868186569
868295998
868471165
868682699
868821727
869125240
869309459
869525286
869712367
869841941
869943617
870135596
870189004
870462437
870517890
870696363
870947627
871161111
871389247
871544070
871770473
871963979
872356714
872527411
872869657
873028480
873271239
873497200
873989820
874214272
874392329
874675786
874858245
875049975
875361730
875433934
875541520
875653788
875916795
876116111
876342881
876424538
876512015
876681788
877041182
877402833
877508999
877601184
877730790
877818237
877992647
878402638
878691780
878725413
878848814
878962998
879115816
879334664
879668902
879885389
880042363
880363666
880559218
880719212
880874708
881071673
881241414
881378633
881543059
881594929
881802863
881906260
882124021
882183784
882471207
882633657
882817968
883232215
883667923
883773392
883908160
884050379
884367155
884472970
884551853
884714456
885059442
885482311
885652631
885754870
885975143
886321094
886763877
886815038
886823031
886958312
887249121
887435101
887641184
887719402
887874331
888136039
888211724
888303256
888353498
888532287
888753209
889022330
889166714
889527123
889674829
889954160
890037420
890180675
890221855
890534296
890787012
890965590
891181633
891285081
891441927
891556348
891718898
892001609
892372739
892765522
892857722
893256992
893570569
893844653
893882864
893928014
894015848
894253724
894271611
894532984
894836808
894913360
895103763
895245381
895385527
895623139
895889884
895938970
896216677
896353172
896624333
896894801
897298387
897585500
897770930
898074868
898344347
898543953
898879672
899144003
899434231
899584863
899861601
900206988
900389170
900453439
900809036
901072200
901406642
901678496
901799101
901903261
902263638
902635660
902772360
902898100
903108916
903127747
903273452
903542914
903647047
903758878
903812055
903978394
904472367
904681008
905008192
905009919
905192599
905543025
905593820
905997174
906262181
906510688
906568444
906648504
906778056
907002684
907235710
907494686
907751521
907878877
908095682
908293909
908466611
908760097
909047645
909501447
909585243
909920961
910254014
910615909
910828005
910986880
911214566
911462545
911869912
912196537
912478621
912667602
912791108
913130868
913246964
913351951
913529004
913604504
913947295
914033490
914091262
914491589
914679492
915070380
915251341
915471898
915620934
915745059
915954181
916234306
916509789
916673774
916918287
917213035
917296971
917410276
917580509
917931914
918085791
918103302
918415245
918431922
918481227
918653506
918873727
919017494
919032654
919362750
919557961
919695997
919895851
919977372
920272051
920486161
920867142
921095000
921174529
921485488
921598568
921680660
921832241
922020153
922127225
922423024
922578933
922854130
922959564
923210488
923389724
923579720
923831500
923839568
924193960
924416216
924530894
924700291
924879383
925229510
925326318
925352644
925744260
925826294
925871402
926193398
926381949
926526414
926752250
926793677
926990890
927271759
927500730
927896503
928093871
928241726
928334205
928624550
928741577
928854490
928990201
929251434
929400263
929648647
929724035
929845431
930314765
930533060
930545083
930658401
930992557
931260648
931464531
931677520
932220553
932468301
932742191
933085517
933300595
933519741
933871660
934092127
934251940
934353155
934614551
934625017
934947780
935101768
935387270
935693263
935955451
936258107
936278034
936731216
936768644
937018967
937239931
937370860
937579536
937737563
938070460
938172670
938492435
938656464
938792295
939010624
939144143
939202502
939274081
939630357
939923262
940094175
940432683
940551789
940885764
941286675
941422145
941622128
941662127
941749467
941914733
942120292
942266274
942520774
942833098
943068727
943329220
943621905
943686070
943753352
944094056
944319197
944589998
944664557
944903446
945094392
945397901
945532841
945810195
945848955
946191608
946314679
946621222
946772419
946973547
947154068
947367400
947514850
947720112
947881517
948066847
948286699
948434946
948718110
949211485
949547384
949874642
950188982
950479608
950703452
950957873
951304877
951589517
951795936
951926014
952172543
952335554
952525014
952764055
952993820
953124596
953356116
953514810
953655527
953716146
953783169
954061123
954326527
954565905
954723595
955019475
955141440
955437652
955617436
955702786
956154894
956284531
956519023
956805788
957107994
957420042
957674716
957723483
957959402
958169011
958317900
958335432
958466504
958650829
958791610
958964266
959189260
959391468
959449594
959528631
959812739
960105230
960206978
960512558
960704212
960775136
960969488
961143175
961482438
961821080
961864020
961909028
962154594
962253112
962348321
962677309
962844114
963161885
963418495
963530700
963794617
963882053
963955504
964076003
964230371
964392683
964516740
964633232
964760769
964956279
965035118
965221600
965311709
965528317
965894576
966053257
966295401
966542816
966841074
967045910
967282946
967507084
967811057
967966726
968099010
968423968
968636587
968869765
969220807
969486000
969580204
969605338
969734548
970021505
970430340
970688094
970758723
971096523
971175929
971280849
971647348
971824646
971955032
972033271
972205771
972448508
972723980
972933919
973069237
973280566
973421480
973585123
973652858
974118715
974279140
974530955
974693204
974772577
974798980
974957063
975201249
975537337
975779086
975854356
975895222
976270627
976409515
976593711
976951124
977157108
977283450
977483591
977671481
977971938
978180936
978186604
978302330
978440671
978611943
978740914
979020907
979328001
979614409
979878760
980285117
980463054
980571640
980637032
980810428
980915533
981045208
981212341
981513621
981735464
981853775
982075345
982312078
982597734
982802979
983263220
983477152
983677887
983881974
984086497
984299569
984399404
984671180
984811483
984995502
985200245
985381171
985694732
985971834
986153865
986268737
986364163
986747238
986920878
987083441
987142900
987350829
987627169
987744349
987836181
987987789
988243195
988482285
988787109
988987035
989397945
989841991
989913055
990151290
990298477
990421391
990740037
991018683
991351358
991547563
991896096
992132513
992172058
992385294
992667682
992976348
992979702
993171302
993424965
993893237
994041545
994224745
994247661
994350528
994415360
994739095
995137104
995429029
995635010
995918431
996206787
996390072
996462520
996526767
996725832
996849710
996873339
997020328
997284450
997457591
997631847
997912987
998063486
998368956
998649201
998746228
999085485
999397455
999673061
999813125
999868547
1000216462
1000397324
1000627278
1001044052
1001352017
1001604086
1001738458
1002151385
1002263531
1002318226
1002369970
1002576813
1002902987
1003079906
1003390588
1003660562
1003879228
1004200476
1004349462
1004605002
1004744661
1004968709
1005161528
1005167000
1005377124
1005687030
1005775913
1005910566
1006437675
1006628091
1006875268
1007153245
1007369138
1007826086
1007988108
1008074469
1008329340
1008633846
1008806878
1008926257
1009078392
1009136915
1009314436
1009593267
1009703811
1009909665
1010116554
1010442866
1010535255
1010712664
1010812563
1010947925
1011095909
1011318969
1011603727
1011859597
1012174311
1012374638
1012586181
1012826048
1013363905
1013492461
1013588270
1013968115
1014255789
1014358645
1014652837
1014778615
1015057733
1015376166
1015550883
1015763726
1015970244
1016084346
1016292173
1016558962
1016893253
1017028484
1017355245
1017546106
1017807621
1018133043
1018325001
1018473561
1018586858
1018766396
1018913871
1019138732
1019191800
1019250007
1019507782
1019586040
