1487405095
2098585683
1729879740
1019681095
1556311092
1168556170
786609310
71633166
102417881
1033528593
717042207
935590055
2125743506
1144908123
1578512131
1028679346
2122761853
66270958
338780966
711466010
1256857110
1186377471
1500313877
153927747
552988187
1768395688
1830320057
854803920
378040974
1855687368
2047563053
635509262
1753542105
263271543
322479281
1965859072
988902667
1473998628
715289016
589637639
857079360
1755218766
1265007132
1241454894
1085977376
1934758107
1816598898
1327749392
943827326
592328728
1244551031
1494309222
599278624
773331022
114699177
1884031537
1732156830
1103715837
505423858
1898345344
2036825955
800078520
1305992319
13394399
546932433
224444572
1656645296
1622421340
1126316673
1187396462
804437288
922178359
582349223
668123472
573664003
1891369509
430149524
2111100192
404720679
1886144833
103888214
1390318702
251657395
2022944144
663169914
1185385239
2096024981
344128047
1365272050
931784323
1177432120
1240106779
344728593
894263927
1397828442
890626717
2017611442
2046683543
356748027
1895327568
327439993
1622246268
2004065649
459860176
274625585
1048627822
1322872729
1969438977
955862357
816759486
2137020968
159983609
371859114
1873841603
192074271
1829265547
414166793
655561327
1345687133
1193468785
1538026555
365188492
1266562126
1249268501
1683108861
178772889
937614785
325755388
372927266
1647906363
1250093528
1568962000
1705845976
1223966562
981379864
1280733448
54803458
988709881
1922737312
2098539830
855859397
1695432777
862201975
100945900
1112292383
190439403
1115179262
1169146956
1680206769
1601164136
1600860036
1808450347
1279342493
1913818479
526191096
1094644705
1528235146
744806833
1588257209
386961328
1586799556
77498205
2004667786
685838799
1663157121
205979955
962072737
245931538
1116070206
1526926663
1215486174
1112991799
2104442952
1784450645
1953525273
1544488399
255559255
1614725307
277333140
524170439
708984917
1288637719
1208190096
310657170
1600368956
74590845
1755953403
1021628405
1512205597
1506732629
302675782
1185121646
1899258428
1629202384
1569365
807500866
1918898777
60355845
769624720
1269910562
1237638666
661372844
1910672663
692018553
1954112579
246597493
1770419218
377419860
987305976
1280761862
1870633510
816388079
1611288025
1532172432
1729524483
1684057304
341320764
1437172493
47610650
94410690
1393542937
613086488
1370959980
928138985
1489416750
1862515816
893552254
82870300
1013429059
1164239082
1791059817
1594392940
2118028936
88157818
942535693
1847870063
680937242
97443903
347362662
558579761
461122980
309487520
1057362166
1114889657
1224341282
1992583399
651227746
580256563
1522220481
70035312
292142105
1362118079
1370942947
2127379341
2102128943
1922793941
708526398
966069242
2006133320
1377661522
717425188
1703290104
1730643887
384396836
1684353245
2116822792
35517062
784799375
882599216
1854449477
1139146520
411656217
262874625
570358622
1365926474
1350369304
156000532
1772522287
1483082801
2015094998
1616579823
1602380284
1744771517
1900289630
781532894
135158089
458878866
2123025894
1421696784
587061081
1047130103
178860504
504380639
1133361985
1995070951
655322239
368633133
2131407015
1044455237
235021130
1550335209
918996252
1043738669
1508525248
1045725617
625785108
2097527142
374014721
281342610
1791829630
1518328819
1573432565
1066402539
438908676
113796041
1013690387
699832687
1480606689
2096739226
1215671504
1647115592
232872281
1133599695
592652194
487207769
664221658
1866591893
1309868207
950054300
1293225133
28099343
838171671
873418411
502512729
1841265065
414663899
1736958810
374552724
1914450828
1171879016
502813824
426834919
1278250797
1357793476
1310061271
1375495389
1804508161
1904399188
773742329
159599335
2111575883
842566215
1746382730
761054927
325018645
379995811
1007785845
1839057111
2012663869
1833359594
889417295
1904391790
457037990
1555299944
259988695
368241038
1173175952
877601052
95358879
435588021
356376578
686156865
437612996
667215485
207840612
477585271
1281692120
790160346
1999828521
1436461715
2108715745
1079711728
551241385
32750592
1764862843
999050895
1096184076
1938164688
2100679960
2136028748
1225993058
1393872227
1851845992
1538220861
1532628176
1601196466
2058038227
1117094736
642560998
287507513
2135354659
1640775240
505921547
1824328831
221148991
1946868566
1171107865
1954823747
898299666
1497523792
665835526
1283105348
93993611
1919135376
1225506743
1950908845
1733216445
1452284268
21388537
909868572
1757288998
1550508621
353614474
2010832974
984273676
2042626670
1345371729
673834857
2050294275
1469028915
2044584110
875791076
689472652
1415599651
992265964
1485275415
1795281880
1344858500
1197462227
612883547
1870896042
63461522
1721358682
728068317
456891738
730229851
1330467450
823526660
1708884213
1141983802
1693283358
738340476
506615426
1904396525
1603848759
1833450975
1528670559
130530646
914095595
702151424
1419061194
351082699
1390714349
1628281811
1492254845
1006261018
2028919272
773259260
2017671280
935213596
1765163796
266656498
470964930
1340793076
740344812
112072400
1636828338
296683749
878452982
1656117688
483782599
1531379149
2115597505
555038692
501496848
2103738434
9910509
1077558347
895081606
1433204552
1589743204
1595970028
600057741
570868652
1127847591
2051520441
1222618521
1004678911
789565507
1966295331
140810222
884478002
1040877666
1158317374
1243279743
1170202571
915444605
965795473
387406840
1728091586
794926895
800816509
474403543
1434143482
625512229
423378759
184041141
1155807327
336164658
219765700
217889443
1108233624
1192486015
661748640
1868795311
116865385
823871455
1686022475
182778502
1277517225
818049857
1902585472
1407133491
845596890
1361329215
1662111858
1199210246
597159786
374502867
1755602070
205459600
1250590341
1493537577
1462523912
540707274
1158693525
617244047
1389917083
636392533
1429453655
371230600
112608896
2109305820
795318171
693315329
1052856721
258402453
76542616
1753153691
735227195
1295349735
2078002409
39026215
38628358
654073126
2131942184
818547247
299523011
1398834297
1138975782
1315818161
1053192017
38474205
2004715716
855577831
792836875
1429870146
1929703280
140577857
1416728017
1068250323
347565376
1811218037
799461554
1978800723
716629668
1039019692
263354163
389859491
181289419
685892061
736389694
787339360
971826325
1392680503
777910186
689894057
1007802416
87207864
1286041699
1898439934
1503087698
1233724379
612974390
851366211
1122030609
1277529710
1185112636
1296309220
1660573282
1365379457
1153618144
1694751252
1650150444
414712442
102955150
1909498414
207717896
1931707974
541202937
158842940
231756696
1872354986
2052190473
1699541141
1683261057
2070115000
406499680
2089542304
2086365958
1945500764
1060962696
464512439
1125281858
1667974422
840974011
1061569064
398907905
1090632642
1747252045
1699078229
1035499068
1331123603
1296566714
46071803
57143344
1600408606
1650583112
920641935
1310259994
1489136274
1492463960
334980036
2034904721
1051114502
1404288079
1902950186
1575489151
1077841131
511478555
1991469552
1369331901
268292512
1971104869
422915530
864178763
1190929445
466430546
1243535853
839020073
1490987751
1090715124
1528056631
1647527892
1562401465
1196068691
1109845100
534219616
284108260
1198976020
1344573596
1468007727
7064149
1720024772
345065888
41595723
537071861
1259974852
645612739
1788564070
435318806
1711309008
821692285
131432555
368517896
495106093
799721049
1925721792
1623582924
1489832047
1996525561
1465630235
2136652768
1772092388
1407510064
1561312766
1116927289
1936605857
1577944909
220916176
1190751311
1722713639
179718519
21994905
307447378
1980665265
641337908
413178970
628442746
2080906524
1081332740
306553351
1079284092
246716531
838958122
1331485474
893580824
474158614
2039683722
1943927798
636873935
1153771911
344382893
1329942892
1517854898
281104594
323411170
111723917
2057073494
2076085910
810986112
666792340
1258327524
359357107
853051462
251393967
1451241805
196785042
1991131107
871333458
618698650
2129967627
1264042385
1239861048
991058017
1390731768
1869728475
361135096
627532371
883319124
458815360
29059648
1876802547
2075142158
773439088
1494288816
1026579809
155994736
580648179
127157589
501388629
3893287
939577833
2057249472
1779403559
1971534318
1368632108
1591312578
1921945610
871370715
614172433
1124386759
1897271641
1615047238
451382286
594281933
915545609
1359509330
1749170293
1269796863
1207996735
19324697
422087774
1119544306
737416187
810215544
1180086179
1621435003
914376689
2055413876
689026565
61349418
837062008
1843809863
1471038317
1977587560
1961883292
270278155
718139980
281141289
468719950
1325239298
1716092451
1994178893
1327862459
1506048639
316396575
1140136857
1565797817
1074691189
394415068
1557487180
389135966
2146270875
222849610
1384025441
542500011
1023514936
2046406829
833696097
2097023078
1925313680
874125758
729754338
479985669
1615809003
212731631
1936524191
752547014
587803454
1004830668
1664677685
2125280732
927456121
952288637
759663992
1747897539
246358380
2141084776
1620656240
1976812724
1311448919
2141375987
296372211
546715445
1903089932
2129822823
844448992
80170952
794604227
1262895856
1768105461
1994889411
482071162
811916225
1954431054
2090730303
1302457863
1585768020
1248081275
1554660394
1621602235
2059687887
118612284
413532280
32930741
1467875202
970860763
2008171126
169934784
1065552269
28059175
82317887
1780783082
238995871
590006280
1286757191
1233662370
430780376
1344250564
808757525
233699212
1441819088
1721518541
515130637
1463267301
1398297009
928591172
633085803
1026709390
1190555007
820417806
1586042188
1648108471
360931449
697562001
1230194150
438350889
1015468183
1299671564
1986152664
1075437615
2088821298
1283651729
883242908
924854306
409242563
1001550751
853842969
1931244944
86254531
1672804704
447968854
415069193
730180274
2024161403
69577544
1867345029
889877300
1964489367
35999436
1217015157
1385032277
745481326
1311070896
214903140
1920557549
1965014409
1443333355
1987745354
1764155167
1008533917
24381165
1358493550
912985851
330915202
1069369361
1794055156
794731331
647035340
970358064
640760842
495024459
1657296136
1946382159
1144422059
408292602
208144277
702069624
1025692175
1522129389
43690780
403111334
653631663
967273658
1353154477
660633817
680168696
819529297
1213466743
581955146
696384908
923718527
1635809828
1047557561
1333388335
1571412620
1844868303
560023778
1457244500
234676485
1847534499
1148032014
277595717
1279699860
1263369233
244284869
781498345
282925579
404420269
2136389536
1663603765
1908851071
1520483238
1940785725
59796530
838387345
213703904
293629517
1788232870
1774770632
1672665008
1595237575
204181346
1912559642
1676687411
2072338495
1227992871
1047769482
322033739
1235366225
1526108214
1583175659
676582455
725387319
281935731
1101371330
73264846
1592704379
1339099701
128638281
92258136
933639110
1876381869
2066483088
1447797513
908575958
1574098160
949652414
1194658843
383830926
829780130
1912359542
1304848519
1755151655
1125104449
2045909333
365722207
1280729988
1368115979
2089165463
1081646027
374467236
65198733
406150361
836307102
1114903345
1142127818
1314487545
362669972
1340439605
604940804
1808589849
1519611178
1012667884
569151273
662186947
203756058
140701620
882813405
345051686
138639218
153334561
870538016
1540139135
767963728
546012717
1578613404
767739283
897341756
1666051724
1330058382
1600052824
1647463714
1348751390
321133646
932873908
396417002
743702654
638483836
503315549
1965120182
719731127
277353929
263667167
1623483832
2100074007
254263647
591810492
363049901
852541211
1003242478
1372942765
1922966265
1373821321
1647343701
2043815431
1555818080
1992384669
1386909929
1582828857
1273153374
1735279195
1282593380
787789682
1155920933
1842360067
837473133
206286431
1861907249
941370787
61139647
301078802
735114889
1427285958
1123816953
950893566
178743443
1543257674
1837581059
339162911
2066754708
428202320
1547142679
1960739894
1255320772
1876985164
975136371
570218290
1831366666
1761660732
274336666
172794538
1767084377
111309301
149665089
1626382983
209654438
1475364504
241272797
1635380927
1546069381
226331172
874438
2090678332
273621855
549235237
1268432136
380350939
1479315282
1970334347
1057315271
107628431
111811493
1557878421
1045224780
648668582
1293634791
1622707948
1296166320
1898820132
1764291747
917251788
1880080931
572013131
17325505
76505693
257480666
1449571900
840082556
1986283552
595184531
1041343671
124736507
1686837125
1819017670
2103189759
1482490767
1936152217
829581162
1691317465
2035568008
100845788
534066528
175540402
1013782964
1586479408
521552000
423949280
296998261
923885806
970326079
1330614017
119264126
151483923
1035605498
347638400
588623146
98880152
212385505
1779378998
1210326905
1047647967
1798912642
2105765676
1085767079
170584393
837799921
1020263551
1086288746
4715748
1096596370
1916853341
1868853449
730683714
1998581635
1138992171
987085204
1801983333
801648808
1691733705
1068413572
491583446
1445116500
1945118701
348497391
1341750741
477704848
1692027820
1423956519
1479422890
705583372
251616279
1164604273
115705882
998668960
17641218
294992797
1896293621
242176893
1236882912
195299655
1464270540
1466673652
1402700234
1822236840
1130393025
1245809634
673375646
1078364185
1230029174
1070512312
488921156
1313466918
79290919
1314218531
727259404
1492533067
323793108
88870236
109197363
1209014606
1982068886
696123150
1071826309
370477624
1618207507
225852382
964888348
2112110833
251593229
1669711772
1448155718
361108855
142680084
1658219782
2094497925
846061243
617687644
1921382451
772291247
397216792
1778296233
1901751715
1604531254
348396656
1094991975
1960732640
472440962
732802277
2020619222
540894672
1161170042
805927217
142362210
78279578
2125727266
865126307
848978192
1863858227
1234721887
853236407
1192741397
1479545220
371300565
1083417168
474494593
1684441402
62027249
774538900
2018182424
1969622057
767767298
730252900
34608193
946695774
435734658
1756463991
1369883928
89023936
1298914931
79771154
1018748318
940623201
1923450597
1977475686
591141904
1317135207
620093076
46991749
1560309077
1606693777
11064750
1688301570
535681168
216645736
2086634161
1989309477
530862550
660917509
1251508595
339758536
1793115641
1061456249
827850812
2137403858
1152242051
1684562908
1225276685
181465933
337360063
431169525
758469892
1090542629
1679963889
141524867
500393943
180557695
2139638437
388687142
1147941246
956344243
492332324
1457978349
1845582829
442663400
111516420
575278461
448981759
21301579
89437143
1963348186
1410155630
971686892
2120058627
11213781
1972925951
1341637429
61608882
1947697426
1887075259
576772615
663610847
309626037
1471703127
1574558322
1552906897
647344553
314470837
419935505
1911977253
310475148
1481966467
116323328
2042664899
894396730
1286150657
686074748
1583124723
1377885173
1625310945
2035259925
458281032
39417646
2123686471
1835586194
903197754
1845975282
1537018352
428271969
1949008658
1950319348
180826223
116670393
961134846
816950323
1591811729
1803593294
1435276612
1149190984
1653237986
1401434544
1566445715
1091832654
119634761
1252833857
1873036917
1627086190
128613582
463282641
471485410
1528019205
2080468348
194844888
1422478574
1488120949
1763508322
212974927
1589119905
568836229
180212659
1157827883
1471822311
682274934
834521357
415745655
2133737630
589158563
1382899671
1972432652
210707917
244639187
875107267
597941744
1646879733
1537240863
883876211
132464713
656188543
1264895098
383529783
1279603708
792817492
2126175202
394172405
1430532583
682164620
2023401250
1072023074
447357367
912170302
1639496769
51088620
998543718
1240777846
1068882571
1066300794
1737927252
509473092
1163753017
1216738891
573906433
1303870705
1675171007
495139515
1974592613
170297421
1091625907
620732580
1721714156
1792136996
575575125
1948921377
1760512785
1988145359
1379804607
1033331054
367807382
1150679014
2000218026
837475563
316208989
740281107
83992538
1615368511
542233319
1923555586
1348295719
676538265
1743765862
1047523700
1373838122
651660818
1204475520
1762762099
680859008
1159833647
1677085091
819488928
653857214
1869890946
2021786879
610006440
1796328689
1767809135
681306661
21223381
561127888
416007948
2024965690
1416784832
1447245953
1322020898
1000116183
2145339684
1059170564
224517713
1902389377
1550696399
1657412160
1276678992
1997175744
153153970
1179420584
1814803793
956823006
1549155351
1938159498
206973058
1502269
1749533169
1284705268
42237616
77214037
488900943
1214937155
1986723590
1850650186
1571077611
611648841
1437935604
864992294
509463263
1449750042
221785387
920622776
2099191159
193789811
677909444
1315758856
802587425
1130267592
23539328
1830544245
1451504769
977249769
981589034
127898478
1898692513
1435079760
31754777
2064680137
441721670
1883000585
2012749010
429848771
1136987486
717531710
271646922
446910101
853298837
1204531038
1700742472
1027113391
859157766
71476970
970081129
290328979
311468046
2089399516
1460171581
643452241
318881597
1615040948
407646479
2116787355
1169460838
1757907488
1638421699
2103902340
266813654
2076938055
1563139415
1806411225
646245793
1198703026
2040533644
649528092
904720151
722043095
2009833118
1273142297
1748207446
1191094596
1612792366
1502356776
1939274745
1069173604
245261377
269115390
103119598
745325809
1267064929
190622767
1841511014
1903544055
367170785
694740292
33908197
741438081
710234942
200984692
114133625
1819432418
1104032929
1936833539
1012552711
961655969
1989112961
1522364980
1321045441
1340875778
1784157030
1284997612
410286003
1505175085
1224123336
1013952229
694068093
2113736190
854115094
2095201163
94415387
290919784
976347346
1835744887
1380134112
726806662
1750865369
1996461445
1957933954
745129792
566226369
1927524500
97786190
499916694
198976603
35786201
840850300
462348940
1758755159
168223200
2041428637
2109130162
1765727239
1889797409
299581745
861668175
1901613372
53993787
1974133077
98954026
1672418636
822327247
1403485081
1936881140
2137365558
2068397308
1243562224
1000564053
1401565660
1148002162
588710336
2144934545
632888430
1547417653
249699354
670821847
1685799656
2007415792
406182659
838299686
1806793137
1520855027
166344945
1352114652
1526511460
550913227
579278673
355387357
1033212844
1150105725
1398545733
1726687580
76124745
506610271
1364365164
1169072201
905632815
1779096210
1208718041
1362003543
1441212621
1599442719
2035445029
2126588073
1900329323
802363565
445739935
1361480728
1594910892
1686749404
1223785378
812444707
1649799219
1999803458
1446428160
560856692
1147905634
1425897984
1902854042
854107403
162338366
1993403136
1846931729
1787517193
1494479726
377201357
608098199
553531419
2118454370
1662665742
2113122527
1841315457
1176435857
785943200
1099277363
152688570
1773306074
1557480783
829403811
874483662
1592291340
686420273
887011419
2137149240
1863809409
134901920
1498345742
1964452717
1519119333
1014953938
599789967
701986317
1856366101
1828841751
230697086
1077564581
651588642
309131950
958306335
571722527
898251380
1488756803
1469815622
1119470279
1763209483
728125961
125691759
2129541114
1815548129
1508764528
968826346
1100372077
90256748
837811075
731438643
47774743
2066404415
857374946
382167903
372998844
751635664
1433086807
250869427
1249558552
677933652
706862358
1451737423
600719524
2142163399
902284693
1657431816
1772015879
1576801800
18288646
1505805395
1478349340
1082002464
1695858542
686229852
725189532
1543825827
468578915
968338486
1539510120
1754437423
365127782
1629097006
601735030
249356561
1646379738
74364984
429615189
668389384
840080289
924609163
1956688478
1545047073
1260006226
492825416
1047300985
1958300609
1387714840
1439837269
2131274633
1999696065
934522410
633016393
1042134389
1372001715
1484015330
1375497856
1631854292
820342083
1123056509
1313343053
1284745268
1383560633
1308596846
1871459151
1552273415
978035355
259436127
942560476
215763499
819084912
756738501
1508309659
1174611477
2129225375
1193341470
285411374
32959897
1907991413
730031306
1083056652
1437705816
119324229
92704643
1637733740
153501638
633378729
1373959803
649727325
209754070
1179770855
1040179729
374769395
1448665157
1217835888
1353240111
362419867
107728512
1319058818
1498166594
443265168
265658419
422748908
1276367063
1175078502
1533320816
494966513
1184762319
2004069316
1056467319
17046598
852095551
1068487727
883816232
327816246
259179238
1155062785
1483525634
1083596262
527136331
1485663864
1927849687
722233266
624606067
1384266474
519257870
472659125
1201740348
1900038934
732743060
667089000
460768089
1558785174
408808545
721324642
277620203
1060568946
1680689315
1136989245
1351615672
1073585102
890391433
937851801
170878218
1867718851
1090698669
1276324410
726618406
156851786
654067486
1381758541
1359349864
1753656404
1775906313
825822408
175691512
2036588792
897586692
1121050606
647851819
1998469060
442837496
1184775154
1337015928
1982274612
546814632
228115379
2007422996
780724545
1216871394
1161639846
242298669
699846672
1575561792
194054354
2140535488
1485780939
1784873883
614128116
1533820184
19597453
658643982
1612034242
1199671524
1443459959
1031027106
2130098509
7355891
5171680
1921417371
933797247
1603966862
1715934633
2058213982
2077070020
1952581234
1631896750
2143199485
1124687814
1747972200
1601689944
570374497
635878480
1721536387
1048605263
848422419
1316982100
1221741302
2072484685
2053946535
541433608
1888977807
278460686
1763395525
625057578
1372483028
2046689891
175374293
1601714532
408564664
412252262
1923376198
620845004
1976711162
2022895560
655957884
1658562946
970978587
1650548038
762593108
2110173564
1328648698
155760442
1184509013
1670365023
758310413
1653071438
729721204
375542915
1038108478
905781067
107333251
217224985
312613728
1288617999
174149432
1843434857
416663372
1317153181
1251074262
345848627
370685340
557474127
1807446138
377879351
791662339
258974502
128953348
1845120721
909598280
259854146
797786016
251547068
722008541
1694399597
645507568
1605353463
729787680
944218577
988539096
1250372548
1368931117
1180625354
58255589
1865712077
1868887390
2130272214
838287707
687810914
432947040
1662667689
1398695641
1762348765
450427635
223357790
480124587
1944221223
608548158
489807559
795712684
1111192403
1601114060
1574565349
1918784982
761138024
1157332775
264975475
1005924712
700489532
1037965583
419986589
30237362
448946811
149146711
727413454
1030935936
1590345927
1346763869
1273515175
358004513
1941877497
1863391780
1029856523
127878675
1120331398
104690960
2124156759
389853772
65911038
1858215229
182854575
2084534311
608840109
206393723
1943871091
1267285994
1415381860
1498125034
2046885073
1312287728
1779933266
1209931823
1642225781
2134581111
517458443
812841552
535921755
1878992904
328882091
1446843698
1076784324
1218237311
1558072340
661599660
1715397702
2066504886
1984714322
1308479303
1424357374
626145490
944944672
912528276
1520551138
2038378281
899917444
1000138026
2138015793
1732888015
2080673941
1842200635
579011851
1180544188
759064669
1080644306
1430090013
2053009819
1583592921
284237484
1946237556
1113941553
1663495197
475602608
12785779
420954984
549703828
1812335115
1670248928
1229763320
438883429
202272492
1907786264
126978481
28926450
1550876377
1179903843
1156652135
1112555642
1643251373
1356801122
1614985594
1765363678
385723439
1589022373
1460662528
1338769025
279456591
1356006489
1725887890
21232456
1639574783
22872862
1707474864
1854653889
12906923
1612913143
844185042
503635551
882157911
1582843995
1569946380
454260963
54850388
1889008744
1330792028
1819259607
94838687
454459959
910230675
1595699253
2112842710
2051003978
1103820510
1451499556
1804801496
1861479714
916643825
1253952482
241614327
405709294
63934927
1753280957
974025436
2103090781
366431799
1089785403
1414291704
401714580
1302365102
1114625369
1246805923
897715259
1866273062
1350974960
1518155219
332883890
314432072
1167237428
1119326330
285171298
150935139
408014935
856376443
860648238
884630512
895165003
1721161291
527926791
733104833
542153636
1228529953
1940849567
1964734150
1874227867
1086986201
1726225973
1008899452
513249583
811678059
1729724815
741498867
815060837
1497076482
1023153158
1863056250
1373044657
1312704956
633697979
998013673
146220909
389432829
1601246951
1226631818
1894784390
718551664
1103610448
381087908
1206565174
2012733595
903008472
742304934
693738219
1873028382
1678185776
393420525
385669447
1519885704
1359537833
1975583538
1143749697
866140630
1416476203
462989203
1573832808
1341588361
1769259070
665184828
1271954504
417299555
242716230
803350450
1444102629
521244349
1307318476
1105888188
1919301220
2092331400
643661047
1006737134
1398704585
60834270
1792890649
1330260691
52386011
175821892
708768869
1320767158
1431438116
379985791
1242475967
999862029
1457954581
1691761423
1439358380
1154922883
1758219846
1310362445
680067944
1349564321
382424026
1361925404
1577633047
379300376
824635137
310809423
23044883
798183085
214637463
1547732887
1308839524
465787585
715815657
252322087
824554573
1358271612
1571997336
1321923302
1681191171
250614934
1401048983
433984336
520256377
1830394561
1156524879
2089082858
465042518
99516086
1754845409
1627930208
628449800
1391421403
1296500875
2140050748
190505970
1960547726
1206202148
1754682949
1174062785
1931158033
127332289
1307087986
131716060
651840018
1372829050
1565835145
132290042
1763533525
1791506247
1178484569
2107542733
1604700416
1334943747
1217808528
1003071964
2105192963
1448866963
1424483642
1099401326
367880738
1948613152
1329711831
977728162
43985184
587398783
698955799
660039068
1728530313
39650482
1476047924
360539866
148586141
1121712008
575744492
2139987108
153517268
2042209375
970553370
442743714
880195858
756047882
234893808
898202503
434245225
1755600845
1858660563
1739777259
58116741
782872709
1081735635
569928247
863598776
575813093
842889414
1301044666
122966947
1016560603
344421120
1152415448
870573949
451048465
1989895088
436811873
25120515
150968719
2014204890
2084055552
358028540
341767293
826327020
1812133578
1881957480
1745967110
1814232320
2019336950
546492741
325606489
650672045
512174764
1804182525
2125772489
117032586
274136054
501100911
1115075092
515582529
1552342483
974612888
1200531649
2101130571
1411511914
2051237598
2125956002
931329357
1836237404
1031956473
821255801
65705999
599846706
456605310
1102222519
2031560213
1351953141
1207688201
1887410272
2072284380
1314462429
1400457223
1996363018
1047843506
1176161057
212658206
657588483
1223618098
907938285
412722489
225140370
463035227
1910194034
880940851
318607190
134916173
892499223
959545631
926235596
122934175
1427267021
724305970
1357770988
1605105247
46027136
1752903502
1423488498
1172460455
1901809065
1993490731
488045626
775129048
513486080
2090267428
1918987076
1525690742
6187087
1603611292
195570392
162467232
1427624546
963211019
252865859
657072682
1220731163
1385968297
1755126719
637939545
997471650
1923136437
460629744
1195197242
974468537
1192040546
1101274507
525920415
416720941
873277279
838060817
1337330615
510879336
2045337345
401850553
1716801097
110843172
2015010064
173197932
450110861
1508898362
409921835
1441296874
534952871
771687832
1087878104
140562954
185085633
1555870545
1731771436
1717771294
826042307
1749429455
681010707
175624565
1718641330
508446499
519891773
838980346
1828545186
698432637
869953702
1148029177
1162423129
751406775
375696063
1349223682
1703279234
103760139
1456298558
2143297510
1994824330
355187429
1662749567
1778890206
1284147483
1268762068
1028137621
166150859
1047251763
633223322
1657986546
412827801
2136451296
420807010
1960614318
1842530748
1511336602
1300717841
395722103
191046108
1794101821
302467509
488660758
1304422029
1837803937
545845786
1903051674
1298549303
1388798168
1074450555
989825315
1320016661
558814723
1371360854
32400204
1255635033
948175057
1920509784
948237366
115029868
385866645
1088718200
753593390
343939922
717521923
1780223008
2066037242
1154785324
868183432
189932677
875836869
1716337879
479600451
1646591255
1329156260
1287527602
934713251
1678560788
2060710596
540504958
383520670
247534904
804639283
1436544350
592082826
1353751183
250195015
786357501
412002204
1960554602
801893294
547350990
137813500
1168457840
1877173524
1398022255
1381418113
229005260
1975579755
2016438055
375642126
2102985860
560948442
1336375438
363506568
2074768874
1760144708
1029547596
2045452403
1263628843
1780755315
938919417
1328631592
776295172
1003890657
1703070244
2036496565
352508821
528190499
97757551
936442961
730814798
375084530
1791972823
824175226
125805061
392032472
234530322
258895789
1473225002
482820212
908473105
1238167745
305153554
1109050729
510938021
805393121
1958528367
137160425
1895776318
507349284
602226657
239799001
1431922894
390275531
971767717
1813300898
2048157387
1847602454
548642667
180032148
781403476
685602755
1391430726
578750966
1740847467
2025567012
70087869
1092116910
1494279265
1654441180
1053120254
667180937
388766287
747640886
614924338
2126560296
436883136
130837281
2136403692
1954707848
1060628844
2119119052
291089083
800020524
1594549535
1753301978
1055638238
476132585
1523399353
1933722178
240502295
304429390
496745038
1563921606
210675096
622684334
2107511917
2026996750
1045697818
1615442891
1099363710
1456029025
260545037
702962976
1259812165
1149405439
462953450
396367819
818756739
2120336413
355133348
1941629717
1327096507
761434237
1983133756
1154450591
1451632146
1353984938
593393268
940786476
1682521935
963755981
1193312667
752477189
872723459
1666754607
1163293575
734289165
601106626
2000962380
1152741793
1400835425
699979151
450268304
388644122
145362603
247766614
766400433
1178293308
958992644
2137452946
58697640
671258331
155503491
956149519
1894792013
694124522
962505575
762214602
1055000974
566371881
907545564
976285684
1182205771
360732156
895017069
116949013
188035281
1076442712
758537223
154434125
770142450
635505366
754499238
654795446
1372037054
9815274
1292374943
708997606
667382496
888550957
318392968
1753246865
1695668630
379639254
1610200263
1087050571
666623566
941370183
132223414
996707434
649316314
419041219
257880944
564283914
1240388688
1411914046
968812091
1470959146
826378113
84058189
7824530
1920061171
550774548
275051325
1837580749
535911705
1499766334
650668095
253875567
930664026
35693343
1319968960
828231948
2096811556
1702270908
639791063
510347989
1757550163
1600733333
1953625560
1707845314
343110168
978979555
1892655878
1875290202
1142541557
1887386736
2040656741
780310306
2078076900
1878460178
1956173228
1582956448
288075416
1128143301
1602146137
1911044874
1789683419
1197468004
462884831
1013876624
1901253654
639666948
1653884155
1497766723
1957189871
1480825325
1071587876
1706048416
482607373
1485914934
270576929
1109132221
2143395063
2062692604
1391690164
1636442895
450591258
1972154175
1080057460
1135705814
1992317161
2010711129
1081961656
764166181
326591263
717788955
1414321583
1386444945
742261792
1559960709
586045069
2020091766
1265083773
3581730
1988142560
650840545
2005234070
93000190
868916225
984694557
907828826
961995077
68235429
1450863581
1326572074
1600868986
2021556115
858629635
1121703132
862910032
726607472
481104651
42344156
1308216872
129920438
1495581463
736688236
291211048
998166211
1986523799
940874507
824970484
1653836046
1471708308
304310004
122703372
297343092
774301594
2003934909
329296834
1062567601
435558208
399112992
779890646
71725546
181685333
1451784407
1374372272
1274192486
1475067305
2032722592
1915106617
652503389
711439221
1246542176
822062422
1476874985
1907339112
1377582180
1702390786
1065817369
384355150
807433154
1363266054
107324965
904271967
1399865054
583905368
1145521083
1597204770
1516800265
928943374
416177527
1978830844
591914563
989289981
1078883442
1803140185
1158150689
1135839986
532423154
44187766
2144545482
881846668
112301887
1747036616
345719323
1688855732
1396836501
1488696844
2076032746
688873915
659264821
2017087212
627882088
403283214
421420694
1702975051
1340036512
787929240
717791417
1801891117
893057820
1793742261
1061338522
1607696198
1171681446
1980216526
808668610
1908047134
487219500
394687637
959604729
994004701
727103165
1142680286
527725081
983968184
509244592
601207065
968355070
921113080
236179939
1590959720
1096207770
313455524
2033743137
2071202145
1368593701
2060540875
877778333
1609608033
784300657
1850752112
1455939995
1794776971
1323308635
449561874
1581526318
2009765724
770450782
1594030550
234490652
579600108
1880690753
783176531
1485050333
989948612
1034423793
839405818
1716367042
2030258518
414371945
2087487520
1208453427
1175646749
998821581
1865701802
1049597969
280611922
343269015
1895897172
1545726778
1127343944
1130622440
412486046
1672825642
983137893
433377536
1507937107
993456319
877691581
458110153
1786333111
1846195989
62317644
580970637
2034565708
183060879
1291056336
949342409
1843406657
688648183
1029365313
1570632985
741369720
1689107133
621135598
659045202
1982876466
1550053724
117497141
1788248494
1774994778
1540080858
527967455
1593109026
493973866
1118398574
1835958294
1169246412
1748633086
1911870011
87166467
1417529224
18490867
345146939
296327432
1038676130
732977723
1941630263
240676503
1642492581
1678220865
1299765746
2117180077
229052242
827164915
911212134
1638473967
1781745581
1893579889
807809830
1484877151
732133169
1202480720
337023714
1933366971
1888038947
581712523
419662857
2021567602
759745283
2078864134
1303194249
564456004
786381599
1482030528
1424161714
521882485
452942403
1247912854
557649464
2046433197
296942987
1238864302
29208663
151954287
1642022233
2132955014
2046144017
688987700
1532017249
2099891097
1893659027
1915414563
493545953
1652934827
230524854
1370114416
308302574
1931318706
404040352
1232340302
1192400618
1933253217
390173835
1158734482
1149763346
321774161
1503788190
1438442470
1885505844
125530318
380387319
1967098278
253087101
1608828732
1220696266
1580210010
131870576
1004382245
594339235
1698592464
1287711731
873513184
315073223
298382038
1201387140
383026142
1570297784
1578148753
951302025
866590100
1524292312
1684145789
1342889412
1015320065
1972301093
1143266306
1278186725
969969883
547541027
1738409135
402789177
2000592474
212244439
316651541
356225153
1614605984
942037743
1234177859
1188616157
898369987
1641251583
1098087641
1106167527
1115360889
1801690854
447245515
1007053789
1868134751
1363589455
635102644
487036150
1521604326
339039571
1208657364
2064892629
678259162
641094460
1349244328
1033932827
1136095376
1463754597
1460800037
1774174231
2130137772
437562685
1410789520
888424089
1327735180
649715818
1651088892
1230420708
1638167893
480257546
2097749089
306235329
882528408
1444487188
549220182
324946608
692540576
609510621
419687020
637269050
707473498
1302492343
1487098662
1691769698
1723782113
1323706292
711059608
44668473
1950585510
1462760840
353700507
1785760145
1047133753
93493644
677108394
1388593609
1850696630
192328927
826134620
1262405319
655717838
690696359
1287904126
944372997
868633969
424297077
1782795724
1585071554
1391430421
2112296134
1628137036
194883672
1812071078
1987458470
286914632
203665069
1840249866
656608624
34162662
1955487427
1239069263
65454000
909170277
257792875
868244340
2136537129
1804892150
24454679
312910545
1291404786
1012444469
1820482508
852631587
2025309883
178838082
226166582
1993995576
1273889837
669750656
1276510677
1156537395
1994720624
1449846762
2016900694
824414333
60012230
987363597
248886781
196287561
982575444
1174356134
1710797629
1065628865
1214663937
2111961048
1447383914
1509322450
61204087
583738377
2032593285
477935249
1098490695
987116891
1748782135
383718216
2130497065
1951584962
844306649
621830690
2074690912
595135943
1125307824
903663982
1755215164
1418385368
1705166134
1392019091
1604729017
1813066569
1798331539
1673689233
62644805
554777067
2036952875
554051887
1973145247
8172359
1910260048
29853383
631636955
929272952
1793119256
1380901034
524582530
774333346
1884413002
1944025137
288222934
935794963
1662056050
1801574497
1399310387
619296756
825805332
678673978
1140237456
741832875
1998122493
2002910108
1809456677
208994001
96632756
338517719
526475559
1716630731
69828624
830621901
1094178735
462554887
1255024355
622541766
48067000
1892669653
1889697748
1577143504
498346823
571944159
1838400075
1830945233
2105840293
248159047
2028205701
73451051
41234632
1310379867
1316460999
1950531594
822924752
1955981047
260314031
1463185485
1360391085
545729912
868675237
1206200078
1480134877
732777560
1035658609
1687353040
621239635
81046379
356448231
1962045508
521196403
1824873141
1509218493
748425400
111779642
1397719014
1683957373
657321245
457762171
683073907
1469907349
1922483123
605422916
753781073
346534284
685260371
929385823
2056853840
1682975567
121556824
1639139316
458951443
168127146
1917465387
1262345804
1392489896
2076815570
1776828522
1590474416
796791496
986438174
1641304245
1756253808
1441914284
352001238
1887972373
2022011391
2086552969
1035903780
282067208
324719932
583994794
132092455
761369389
1738583499
1139627306
734736423
191851144
781341090
251060298
1287388130
62090611
1270348704
1994022261
808691461
1970859810
1685518423
1101578189
983369142
1264901329
1352178922
1211328881
1493968206
1589334924
632719890
422608718
1946410020
105679002
413195579
154820767
889930885
916950663
557519307
1326767106
1037219007
5251277
957772930
1232231480
181331548
1864187935
928852732
1922885241
229252717
1043925329
1536094548
1384801394
2027309308
1930875111
1950404579
111236060
839391651
1572547896
27470630
124425658
345137978
511850814
153464765
1497282351
261748907
2076899837
1984347280
1900588537
705530083
1630761102
211029260
161325710
206702561
1560249032
708609419
1565065681
214652656
662537353
2104435666
564506737
1643249137
1851640742
255931827
1490082271
2107762642
127883373
487987155
789607657
920335387
1133133011
2141511302
441399288
7163815
198249535
819751638
1626429154
85304943
2046639601
1579978147
2011235437
396255362
1029639185
457374436
1550274913
77511697
1601698128
1546972940
1960158025
986035878
1440728893
24807559
1020107974
2133907317
1687570214
976156515
716763535
6032587
808521640
1507378444
157302792
685026979
1123729622
1622119984
1646766718
1512626264
998908162
1275652289
1407814141
1370319732
1362230315
1584099352
324220111
1858612646
1334792195
1004589367
833450641
43029458
1158278811
697803047
1035589619
166784067
1358193069
736339840
1365763083
1461369340
532314246
2034796295
305682775
1346122540
450529934
1553665649
382921805
756151487
769398901
629642054
1245315489
1515134225
431429116
705681633
1573508627
168239037
1741276765
989406612
980158961
375899284
1898952024
684410856
1421748784
1699144617
363525852
1359703553
922317091
1315868809
1727625038
1743376672
1070831830
1431013001
1694680696
935810883
989083914
1942800439
560424721
99118311
1805109964
1962968050
474041573
1014790382
1949371316
1500082070
284545953
1911909531
535501495
776531279
1265899581
312545721
1484409002
1330473871
415186694
1135466716
21968468
1952027162
1070780487
1616841151
1084193326
579857982
979891603
122705868
7382969
1503129633
444924338
73858235
830878332
1464609587
783109414
881761106
1029719705
1372515266
966660440
1690455114
2063683851
159470507
1818594404
1111906130
496079230
1521111086
619468670
1954363948
668184523
1021172443
744323583
1770700790
1095954191
831133609
1725457168
539101827
1642281063
43450918
2032178161
780636136
118806345
786332616
607216871
1998466579
1765892482
1066249569
1314451136
770086549
1618273480
1415433649
1684259588
843740288
206443515
69304085
873708730
2038484587
1721880061
344266334
1312216019
636438162
853145642
1379089597
517438776
2135161626
1498236534
1458863834
600752491
1069410419
97332002
1559722755
773379036
156618711
83937307
1045987457
55547083
1733805039
142040047
1096454663
658180052
1587387796
1934247020
967892292
1612605724
1914485426
407785687
1826019735
1139354390
1727891785
1087749574
1944477666
1264436979
1494843533
998233243
1673407864
389343652
1990478382
53004445
1103127600
2028087181
34536882
1851526068
1461172635
1837629639
134246397
1230304449
1063987026
2021367826
850114803
993866136
2102595176
538271318
872296756
2023104155
1675616254
1511109844
791693830
1479654900
1748073718
1561782254
609796433
259106926
1772068544
1705923727
332911555
1229844976
493271888
1657072184
199765779
931896216
156366384
926219176
712869475
506056048
110219441
462696487
1693764287
438736
603482941
1747124080
1410869699
1286630480
1615808968
1860682297
1303975001
535053927
528985445
5636448
398765982
1795541925
658879733
1912819124
1465594342
964243337
1641518842
695568988
121163222
501741312
489514633
1907045352
2076634544
1168932731
50001246
389860850
1788256428
2022743467
1593083145
226443632
854670465
257240540
19929415
1099011482
196760835
1186729963
675306860
1388121458
1210993638
2091624677
1975201531
1802851316
54188704
1226482750
1202519896
1823932636
476256365
1315196587
52125332
104685583
393649772
1343325340
1917591912
502072743
1912310759
2041040473
1915466813
1134516382
270879920
1481630648
335826280
1163124246
867050406
1404989817
887148659
673099586
1460116311
1482529342
1838240918
939009013
1597382335
1810058538
1249140805
445144005
1483611183
1307061268
1208421347
801763291
1498231881
693394280
1240423828
1367979866
1416632104
1295201690
1087852592
2097031274
1884148124
290749512
623122259
378503136
868969618
1555120364
813453969
135428492
923197587
2054446906
122225095
533332766
2038857571
1114243868
1896361100
119600053
694818249
1746359368
126176967
1104376326
344794991
410190202
1358609498
298865445
954058463
1388905811
1088441852
1813339123
581020589
23043790
1239337253
2077093669
1847281844
1066997595
1042584866
1235898860
672842872
757960858
558853960
241062214
1117967787
978432949
157806661
2065215969
1443341771
181582938
1848038546
1580299431
737016808
201193812
336140805
736336363
846401923
36797637
313992322
323464494
245994386
1624593922
353647569
1234109325
1419669921
1708674827
403625100
89405131
1885355282
2118174629
1763653167
1481901815
1764620933
1938941974
1969827922
262827194
1109288786
726599037
1875816690
1281508927
1482609971
912961995
839658987
1952622783
112778751
59543906
1481962370
1831567528
847270289
1819324488
1995737630
251906665
1669259207
366260487
1197180183
450252252
1963532454
907202341
282143911
1939760721
1514192027
1850756923
1038652670
1419051315
1287755485
1285854901
300864625
1743166810
2142501870
2088224037
703670994
423474412
798750271
1227573571
919931866
1752800240
2036206323
730631045
241770179
706772337
49529020
607742039
1735746803
622575947
1783526114
2107626488
969005522
1522058389
17633890
188588529
703462844
190607019
907122483
115018290
250142226
1853279446
852296612
1867130314
453004395
397180570
627375072
1214201154
1979127529
276716701
415503252
1291412119
58536870
966026287
5641127
531656915
518123852
802656634
147036712
481635143
1762090691
542569031
496277062
1229051495
1503607814
2100222826
1398227576
507855938
61662735
1106102988
920739517
1381494428
1682755569
1843470355
1989905661
1244289194
1358510852
1592554992
111333775
1209373289
822935610
45155844
2047498708
518674331
272653456
712450416
1254607616
1999168607
1248383649
522348535
150371065
1075001707
1258574676
370804690
1161958743
690825705
640221110
18411537
2140098188
1884892396
662042082
233734057
847341341
2054589582
1672919837
1593236254
1617256718
1473588391
573699326
840610510
1920461148
614253356
607470538
1561912279
243865508
1124662305
1870344158
1331232166
1221674465
1874436924
1604664389
1781290525
847012435
384666904
726880362
13891168
623197562
1710266898
1401080551
612125245
1582331457
435211460
720547707
38018101
1410254392
1651772956
1685029403
821233707
1466470394
1768413464
826310943
1239166632
1311814062
652060704
228135069
1730974409
1652211112
2124062207
2064402643
103886022
307288879
1196328064
1034795453
1687640863
143110490
103668385
250189255
350944357
332586515
2003586166
1246729629
2067798946
161651517
5279389
2007959326
1940568422
1190876146
267401050
1880594798
126212975
344067045
665964367
263821354
221490420
948214503
102560729
643393463
43194766
1609752197
2028209417
1177892019
428076227
1714299854
68188477
1660479629
639180849
1835412274
1668452443
1321964849
271163988
974080133
1518780585
1136830939
678068212
166936867
831444812
2000315149
1757542957
446081582
574776924
1876428700
2125574940
356952307
182041248
1836164324
372161315
1967069035
351285995
1692408859
765520090
739716829
577663762
335246019
1303348627
35846816
1794804872
1221490745
2140665991
232387839
536073881
428733035
1135327905
985092149
1700909119
1110483879
2044558567
1938722199
655951268
1674091406
345639809
504833233
407802677
1175676199
556275560
261889352
142770271
2084422672
286437548
1634245535
213044202
1001444047
139778913
349734230
583836654
302609478
414796071
319061132
1693377397
1261972037
1120395605
1827837413
1239977903
1230406457
407593410
53037702
1510977228
639660291
647234095
882395197
783839866
2102590180
465609812
1965220286
618287099
345431188
1361492614
634519816
946880481
1211417714
906604289
804232679
930807657
347734741
466957784
1328274066
215993714
403676288
1150980982
2106329204
306953496
1567806004
474448336
1348859656
611014642
1314738016
1301151273
70127325
2009590244
534532596
1868491137
1401215673
974614689
1664695635
1674446235
618184922
1365362880
1867197031
1674868906
456838743
799887994
1148200654
491757975
785487526
948889598
1227224369
611100401
1170426166
429694833
732250294
1007536754
1067466556
1291874949
1256150411
1077750570
1298752396
366970293
1844285603
856768587
325187229
1251764506
1031985278
1646392976
1578258607
1422281965
1382191392
762444362
1499030536
795657114
996515107
790517768
1229250905
1378831229
1280122344
769605090
1422131264
861502011
1437320425
503793506
944180711
693126080
145336362
1104895504
706610121
1495430864
1148431310
695457945
906659989
752232780
367440582
477635227
891149611
2041474564
1436018852
2140198672
1220630467
12602931
132028046
956356436
600846125
1482924187
2065241422
1242859732
353597491
1526462526
1496157829
1721697109
1465734938
283083958
190865152
1395628510
1796114248
1264934450
1847921699
1386661956
857832191
67262221
2058083969
720908112
654865735
2071137548
79516558
1339550094
249569258
1407423540
236304492
57418421
2127445913
963687750
134635489
897612718
1895581740
2078562776
1170670954
1070032194
630698759
1523474449
750325608
1108228965
163453336
599044097
2097644153
780897049
660157948
212405403
1873385442
1899728129
550439873
1908456016
66783528
339050115
1982634694
156349768
100418238
782574488
1110810175
1528484159
1073598424
255744819
1655306709
1563933947
169701725
976572491
2017040106
1016562534
749761020
1956934023
438932474
1832633420
798878038
1953626501
1136248861
1785757361
1759821913
249131464
1275575465
1276110544
187984044
492452412
1285316340
1499685292
1337743686
663928678
1092865079
468344917
54886938
1495312684
1881323917
232879290
2003437805
2006510654
2129861147
1030724133
1215480135
179259424
1661584715
461720407
1277620615
2119392214
27328304
1683529792
1154619153
1149377323
293594382
816008539
1594653603
1567428253
785702897
1442512548
1133415878
889546728
1058627451
1869228087
1705250400
596612397
1557610172
360121990
701711718
205823167
621565241
799549495
1344114606
1943088011
669963791
351370136
1963046882
1700192289
1830633265
837450176
1228778641
772996195
1374599886
719169859
1364477279
1050036168
1808069838
1313559185
1681189213
657230926
235832954
100458475
2133723252
5158906
1681472059
1055130371
833649146
509693197
1699055994
710433328
1685647975
2050058949
1830868647
1333260107
1855316513
1883068620
1300366678
622496297
311635827
477765442
1021063811
2039312564
2080005532
227956066
540372726
483184296
946656004
38990035
946568641
1170841320
1359417481
2014150541
1389279463
790532218
1805044728
665048678
404446743
822346022
479920024
1947196984
769369493
754632614
1780752607
1562036657
1363223866
1294411658
1436274760
1123130807
1034559890
961603755
1918792764
970561142
879726371
1670589513
101077293
241275655
1499637197
378943940
208588994
1792430526
1403848781
5709043
770689580
957474576
1672782299
178556965
624672152
1419475231
1280605172
53889970
818484413
118680036
1380838962
809203004
551393941
78952952
2087299670
487491719
1481931816
50138623
393627240
1359524850
371868803
1823826097
2068449013
2111062674
366962120
732367750
994560888
2059226602
871956831
1365602302
1640177363
1761186120
1265680714
1355099018
1209896444
1834211519
1675605143
1027760154
95913653
1807033788
196952302
326024004
670113907
1078805319
357194570
505447950
1234915680
171844568
1758616005
1109829464
780153212
810091219
921555083
39461609
3214815
1722934178
378080241
1050951444
1311976985
1845340270
1136056734
714676998
688934330
637049466
1458664167
1178148783
1541270509
53927452
1802926649
1508398411
1923003199
748547160
1544035759
1414612876
1335057278
1914555418
1185714372
1985593958
2051311548
926049552
52834082
1764381047
518341235
380692002
804371097
690883600
868604354
1332402575
196953643
1165940708
520682965
166731941
1285652548
1040903244
885597028
819114268
739257862
646119476
1400523858
1373802000
25545155
91040934
1504999541
1434850970
733566596
1009724913
668278901
154821642
124033734
1998802293
1428831437
487133634
1961890884
1987436046
1371503343
1560045746
242292463
1044239643
999187076
1290831979
1520281851
1554098730
2044480721
1177536482
1589693971
948062017
1912885
213002180
577967021
1824027595
1356882383
1094406256
654725239
1208861726
557616956
1938830742
928033009
2137044901
1610764926
1949636970
837946132
510939055
1842405880
1228294532
1097888560
1600522451
840859285
956927831
96103379
1699332349
1568563721
926674508
1055152869
714716186
1695026991
1476323706
7097809
1486969180
1776289426
1533160196
404297438
745311018
1218445575
1790576400
1455730076
212927399
786231927
1879110751
288285817
826202078
1802188475
1602860174
1920247155
811940743
1415932576
431588840
1645807592
1409513336
1384157962
1750948069
131117449
726834347
1677743156
1461887812
747967597
2121473512
482876181
1215040192
1510751297
1980897807
816986846
281264498
2016083102
1051508996
2007244960
1865485763
138572403
11853111
1608965899
1565792267
1367796385
868232142
356349010
520271819
1689083814
1671220594
1848003626
936548995
597549168
624933299
1120641008
19447345
1116492371
1940307737
981366506
581687656
1580081174
1620457928
1330784421
16182025
1448773672
590564047
933913470
79874976
2118933488
830339597
694933821
319896157
924262978
1580944576
1512035292
1926332333
315535085
966130347
1960645733
765353844
1182753137
1211960291
910982649
288797930
1602641102
229787959
1455828717
701346319
1094462071
1869547834
40618510
1206213836
1331255909
1445233647
1500434949
246776744
1998836297
692418319
1400772822
600507427
1986829785
970556665
247686530
1630461106
785461836
1626822711
1963626957
1990337624
2058368737
449394088
45974042
66298334
2129724568
693126992
661944690
264592559
1379806980
483756473
487615395
1994662226
1925613624
1606149635
1624051589
1178112900
1679634911
383099535
1133679448
1543047153
512257384
521663556
1613428041
2109538191
957873502
1747589756
1694310931
335986327
1532430805
628756367
2075139010
1449466145
259693056
1003976698
230328979
85405532
967628000
683022891
226966008
1337815911
1302747927
79939819
1184703416
801043150
1414147035
1645365864
1145162546
1447001508
2089658117
1968465374
1064749761
544400697
213737033
1513480674
1595905339
1935879288
608733056
1598610763
766152084
92480480
1573388834
855608509
115914400
776243997
437453263
1196426963
1357995254
1107325506
1459785740
1435527400
2309360
343028901
136722187
175390338
1051379406
963708760
4147106
125351260
1670202106
1612297535
889015390
974899215
1714600038
1205453523
1380801457
2056464732
1575261970
1114035058
1354177350
1308252696
919947433
1698744928
635266677
1874588597
807725387
2123022686
1415948754
2045825385
1780058726
1399754469
1885873632
2100322812
1166377405
998258175
1211919075
1484262451
859596427
1750219203
1645772755
1979985876
882867904
1078029931
313411180
819195222
1993637482
252609043
1993985635
1354333735
1699060527
801445648
1135372723
1793820569
867702263
1968433643
1338733588
1068003946
1555463334
1337400569
609673101
1094938862
1885210119
172843928
830126113
1988328923
1576176068
1854039816
747630757
1949777329
1309849233
2013552355
1315170993
1424313540
471746665
450918203
1560497077
674178023
1434067185
398540366
341561635
1584750007
821707768
281277416
1565652426
858703489
637000224
227357782
111303235
231751889
1637448598
85137666
590611076
1824139416
1807099132
916097200
1165990546
671121145
2006931560
1397166420
1350636627
363710640
1579486342
1777878413
1064046721
1123363103
359541721
2107979714
1664132283
608625655
