1520493500
1511159959
1382768731
1474372143
1360554011
1005802313
1748324158
1789558706
797714667
1413075183
1278413362
1379851197
1041935548
1133579519
1011354684
480038315
623534550
681726664
1877947851
1761545558
1209821667
377576812
205825577
2055369894
1922383274
1385323898
1576434189
2037796795
577538806
1499233836
672244045
1688815027
617205397
736969786
1535188400
178242584
143215740
1998372952
1760107745
71661289
584919048
1623732051
1919713152
2113533763
2136505951
77087172
2080538451
1366391468
105809141
465692014
946554522
627371260
30264874
486804026
162359936
471432937
1251997201
429030604
594762413
1576948525
95951180
944083137
180287480
446665814
863934483
1273492616
1515889722
1922620714
1133430611
1870112986
424820030
765820340
149115379
1095022039
2108921044
1594607343
1312304177
1806161854
1224546309
688465678
1823808299
691338569
1981445984
406290534
1306653306
1450250659
364528243
113296633
362138105
30419975
1782876246
993820832
455380387
330882806
1072279393
1893964756
648178074
1159397652
406967805
2030125337
97170500
1332996512
1994927768
214724359
739252368
1249884814
1786964146
969171190
1152770647
32961091
48191765
1642240069
2024697565
36773613
1112748833
1326968903
1652089718
2029596028
831440197
456574667
947416133
904752704
379144842
423813959
1952539936
856492320
552567625
1002464929
142405263
339098484
785245949
1202040217
130650356
1861507456
498262323
698920917
1149743044
2024942990
1866115998
1381959050
1940565747
936701607
717059911
900750789
2132003950
638429421
1555150561
1980616532
579456962
1928499608
1776254010
2019364435
1076941274
2068799627
856619726
1496133718
1928822501
53701010
86729078
121325872
874730582
406179643
586439997
354929246
2063301893
2052311374
1668003667
555888403
1655311731
1641191658
139567131
601824993
1290109482
122577981
1633245535
17158401
1542488643
1782109151
745083299
755243583
1377568770
1562241996
2085806743
193277829
5779867
1672690172
1797391526
1564329730
1789008920
748491937
1383492011
67166710
610355794
26690044
1553600707
1404774685
1043151388
2146042844
387876157
1655137717
1377560960
1986666677
1896225454
1231896878
230960673
1297228889
434346018
1166284142
1303044287
548188757
1041507437
1606825917
1526726361
1936417771
1096967583
1262340180
1249969261
1833126823
304014741
58372221
1680334811
2141182112
1646849452
1859262822
1797390824
947021
983837585
39994760
1115761630
605081089
625643828
943347375
894418384
1357480708
1217331675
1513368229
1783391994
425081424
1094483539
1183258751
414005831
484716773
2114363969
1618802819
1644710125
1413454793
448488598
1553957044
2113930548
1361838240
1989356832
852140029
1085525844
2002468323
2057007422
846275062
291057275
1857723584
59320748
1621853525
1625839597
1000924814
1619235708
1493012212
428787270
1400772587
600624678
2008925050
952419035
863824757
431294646
5411241
865002303
1464866337
1864241187
78354244
1824693473
1178119995
639643840
1662651035
808792274
1085332986
1111391436
982643380
2108576165
320702143
489138724
68057112
527172976
1054560746
1919015192
1156462647
1612408302
220137049
781366874
1178674552
1132593350
1416024447
1266321938
1322261985
1573763559
423212828
189785615
968819296
1002254858
1867252382
504546585
78428340
1471206233
1148400660
1959333218
985735675
760530478
1354859211
646154266
1154461656
1494626292
1179168647
1755938850
976609856
236600874
1627750495
544889304
1426560994
1796448134
2012274742
1511495185
856668977
1950035254
415841234
1725878821
1254782479
955950657
813061786
679638819
1885779479
1923383052
1267953904
289991205
1571777415
1560405753
290404905
121974719
1561955529
296764970
1410246693
358159505
448432284
374969699
1052208784
1350569212
507212003
1608978958
1826123700
191045105
1637337098
939782231
1118970104
1219051749
909867793
1723714935
1577483512
1392301281
998388279
1374340111
1899478338
662032053
1599259203
56173738
423015851
1965128268
1983129713
1808462949
263539533
1306246939
811997944
998208427
1671373086
1186658740
2078136372
598675224
1101149229
1745788023
2015919733
587349119
1194508667
2005002599
599709284
533849607
1334931315
1433876250
116070924
1174938992
831542535
1715819210
765452940
98709875
1170413673
264745354
1613235800
1354792776
1762656099
1154171538
1158271527
264256065
584805204
1835848891
24422013
1428771732
1441061576
1251680518
1203151829
1609468982
1594108594
45984854
354987882
464583394
115831112
1864553022
492419746
1712238648
2002611323
275409653
61265688
1536965379
1463688722
1623694950
897335620
1977806483
1631768418
1556846180
1725180873
205122889
733501100
798220795
986363228
695081265
1418336275
148012002
1743459148
940387529
1683086392
1733461516
969972401
1089101280
998258292
1752951901
142012981
1463225498
1475531953
503922810
1539266170
1903173776
1258926822
566640825
1139112743
914937364
2116144173
1222810680
1820144274
1967512978
1290503042
1414243849
1471849995
1422380818
1274846746
2058930571
769231043
921834457
31541597
1321316820
1427394392
1741391919
1064126082
76691018
2019759614
440940348
818279878
1589591633
1724546891
1732227852
489659209
1233186334
1560114591
885631666
2075383685
306810538
1947818285
183664776
64810347
1953874627
1626522795
953402004
1805717532
1372175164
2019668626
515409670
668111425
532167749
148794642
1832111837
1318940935
204170709
221074070
1712271530
1365791930
1658081603
896407791
1155149165
74891517
1174779381
1011079455
96907675
277597859
619636527
1469435333
142959681
690514222
936353037
1010650656
169641538
108374498
2123504268
947138497
106841020
874220164
1178624706
983521490
600799625
667797940
1730301742
2076437756
1637748962
517765860
52263210
1261575930
517354269
1865636852
1598883965
576147640
1719121815
1972021868
198613261
2094648359
1635863980
566088277
1122142641
616234656
882705635
1458041012
108078629
1893843186
1928459559
78365604
1772830230
1153226250
618195248
1636581903
744741726
575040062
468585729
890549513
1072294218
1865678134
72860298
1466092745
1176747798
1328201847
758832749
940755780
73113466
1980175501
441888477
1614118503
826498909
793145045
1388793507
1400464369
1655080360
218993124
1796400699
1202450668
103110198
1320788631
453942555
1288541894
776493543
1258898360
1290935571
1522712592
828577236
89358922
2117904847
1305845458
322290588
2056584306
721219194
610289288
1479081181
385371394
951894909
1672752062
645622719
1166370210
971263589
944489283
636007082
309600669
956038627
1462016781
1515314455
936966982
1928004588
2137777833
753060740
10972677
810029057
2047678812
1983196289
1039412993
1512844169
265406428
1378399464
1721370219
181647962
2017176484
1420912938
478589797
1809301846
112542200
1356327363
27387022
722056498
1052975221
1303696591
1863773996
102642514
438810964
930049719
2104135412
1081550544
655157563
1566106628
2094045304
1134820252
736250047
1564513876
810166318
1924571581
1079303035
1144194665
701724696
2088125110
238311110
756813151
720446997
1558489859
1407441427
257832694
1977570500
161057219
1740083946
1165766413
488747281
2118568047
368993919
730747952
1473906269
1902861512
839801580
1435345224
968600398
1357780687
1595677200
1604206705
1481421104
1362103534
865175555
1234647273
1628069894
658401332
1184696117
1210698275
328542514
709194430
192062498
1214391803
1759566524
1164110385
164758195
786717701
1193835842
798210147
1937213237
912484350
1588717181
1675187225
1338823918
1568503140
1004776043
1240804331
974412897
1787267617
410039582
1683791172
336417568
1426319971
1107785505
1215175046
726208329
2074191751
1437019778
43531082
1338007710
534309939
169637505
321760709
642195781
211728259
315549651
774694982
1525012504
1164171610
1889285011
1047584731
2038752938
1086202331
93962950
61862164
1951554776
1004000752
1356629129
75523039
1317219335
137403143
24589530
107875218
1763841023
226241501
643433983
2082645256
1915372387
1084115058
1078146710
1289401570
1909540300
1141404444
706657850
1392166895
507738498
875900088
1001118415
1169495974
214951638
231047675
883026027
1768797392
338948895
1426119654
1752862177
336296514
1678051663
1967400280
2065557483
1741040072
1488843313
694974397
1032715507
1013331230
609695297
1838850277
1106862974
1114690840
875397927
972026863
2096211254
2105749729
468627154
1647966052
1417709714
625571680
1106612782
1862902368
908069668
858451126
1971754369
1787558634
2093708927
1678904804
1449289831
834996069
1830590914
164105354
2093088616
917185824
1431228870
1481442506
1353093427
1211102728
984754656
361393995
18476410
1134901117
540245843
47411545
321333097
1379857473
381890901
268356906
714681795
1658430349
1462929340
1503679548
1401719452
2059527998
1312332357
321117657
1698374829
556055340
1632772737
1617552316
1069317207
1663698843
1790722653
556140238
1835171383
531146955
1249962316
79814153
344106338
134356394
185344531
604672382
24954685
2032480170
2074882864
882238321
910983932
1461323181
1465064424
1353935266
1250422453
1542403099
1217304556
1208539303
603831328
1871084566
1570010023
2093245300
785297133
297339845
856922919
499011837
931258050
112603597
920055205
2131954162
2010177232
1132238302
47022002
852557993
392201489
889006185
1583126017
510260506
2112662304
1626872687
1100628683
231552771
3728052
1998018165
550776802
1653123116
1778235322
810481556
1429520214
103309509
615102991
21205933
2047954110
1332279275
247933143
729745337
1208940836
1204720201
1305131389
330812734
477629327
720566491
1637717063
1987830749
1651675181
1820269006
637288596
1464828424
904495133
1768453508
862313141
1642127058
2005162967
584128947
728927590
1685423839
1386070585
1022422189
2023614696
457887354
1080569390
483994298
797004220
1969885893
2130224381
147789729
818176253
1569365003
1247919916
1720256070
55357531
1747325746
2114328078
552138861
1393830832
671194188
1534050288
1308768413
35955264
456968268
317400284
1248555039
271118738
1033416661
1132336648
909433638
225428453
1547479342
2016981470
1651662088
901872721
1759718226
1458323113
2118342314
1168804476
221286437
816629209
1673412859
326434805
1142851520
1237637619
507784599
1470095664
1510092525
1636798744
1017147275
1691372574
148888238
1369660975
874171960
346041961
1302252280
1601770162
40289360
2129651017
878712445
1457845010
2034265342
1075560710
1373585831
49047496
263184674
1296827914
444076704
341931257
2088101562
77964706
609506446
987087557
2133914716
185305169
1383947228
1334419501
7842527
1577313233
221789620
664275614
1016465178
466794151
1045482633
1365730334
183283140
1972511585
753306576
1375150610
289788794
1889731951
1158671566
2073910953
2095669984
1910225308
2136688268
1305204457
586293983
50377767
939137768
992116564
8371980
301080194
1146772166
1225685302
1308472360
573789862
960133987
890688142
754270916
413452817
1308643018
744823447
501262845
337004125
1634185567
1487828210
2102922341
190806398
1318928024
184710513
1641316610
1687026584
1235902156
63942274
323744368
471063675
433791011
742554678
2083556897
743919292
228289710
513881581
1107862981
1026796145
1817202576
2047971488
251659461
428188040
1225464665
2095422411
60939240
1516249028
801071987
332096245
276464921
430239830
184670901
1923145181
1154646336
1303316
1499810069
769554755
505950796
789891928
812378746
1545937488
1638134610
1613517432
1792452784
1126260386
362434767
953235421
369148533
1615043320
1063928585
416757954
1292734896
1835432567
230780052
1165916555
303514305
1845399703
648969969
1862920895
812150515
2138804141
1141507921
1881981860
741846030
1706661397
1505756535
1296485494
1400587018
862053371
1820905147
1055445571
291266526
8709062
1657134890
1259748966
229911669
1814826787
345987787
147745694
1358063810
1589697193
910762237
1228403402
972304874
730755630
1805808636
183617859
2143996576
838250406
223434370
1244768982
542987919
1875859122
1294655882
152365404
1934465776
878919373
1145828399
511728632
1169618491
929281550
1423556531
549308397
1616896250
324077210
437768604
1062255898
300509624
1680189610
326721017
1390575634
1183661593
402541365
1554885571
1245985756
238154499
682720570
830711134
973100356
824598010
896295340
1727967039
2087147996
248508810
253130745
1664550567
1746052242
2099588829
806691641
1304562317
1243509231
1930190444
11024880
243462297
25083370
2076697042
1461946496
923437133
1164830055
1100779708
56479790
1664405054
1470735695
1995682557
1030515918
446509440
1805824332
1182878142
566979342
1777241377
126663713
1301314003
184842589
253884363
788556709
2057505064
660847990
915385229
1983795802
321782106
1592801421
1382508467
549038254
1686940002
55444500
1993985745
1862475725
1466181740
1259032874
1762812639
51890209
1287996358
1086174369
104456574
605922663
1988020724
988015018
70443609
1129785967
258628832
341366047
62831015
1697674864
371617070
283587437
1364639948
1717358085
130767022
47840028
526796575
61368776
903265771
1943805437
1943243975
1393185930
166147808
498791151
1879722430
390312748
68406474
692662861
606102263
412446749
416126745
1062539000
592809884
577430640
1986992000
1879217660
1413009520
1458026648
134481195
277094113
1028307796
2008078020
1938643216
415053457
1042398437
1252780241
2033225055
1987645153
1694863938
929987568
863904275
421797053
1808358635
776831958
778737834
1342779125
1753207493
1175426969
1406548209
143452062
362490938
617603630
1957892345
644293158
826446461
960847996
2048770598
1544056824
658567147
989964060
2033503589
634549704
1477256333
1811155376
1078145149
1378653051
1344913594
925998557
789464703
1466622134
1570408409
777008102
199490904
1301555202
1066409285
1865023206
42308229
770976409
1255038281
1631667882
1515989221
1605506768
165151818
802626857
1906813354
66566944
447899140
968733088
2024637033
2083823570
926815980
1771993934
1098117714
709939527
1422756277
1786123721
258979961
936756449
569426671
1342916860
1775572306
449864338
645752009
130307774
1612329276
336977151
332166391
1796556815
2043157044
1262854736
370892463
594777073
169388714
738021271
34853581
1005001185
540199792
2044211418
450250774
1536559600
725328591
480409534
1469906329
245953667
889873076
474018514
2018083121
1765661603
808814600
1053863798
1946999848
1584709634
294354205
1611567207
888842230
562938763
787853636
902660840
1624861991
1345887140
1029986171
1656921229
1594281562
1429646595
768745027
2044267431
988553573
1022151466
1909609104
1966367815
308820118
135738752
1200685018
1537635313
1910324757
186780686
852737873
1581671903
1482531685
475141587
763562029
145334766
1138837257
864899780
1101984547
630943785
2140934723
1104180067
503284467
1454836465
1201762551
1003876346
1932502046
2006477254
2031363503
1153767796
2125673910
269659828
1666718648
915086809
2132512077
815775836
355727721
862296676
1733494799
531315358
1118459011
1858467139
763321068
236158944
833522356
1152276715
174289901
1474188542
852975670
1369230101
1502928552
1749750222
2146543252
1873181016
249937359
482545742
1190612365
1730999652
421759970
826909804
143876113
1010350808
383513861
2107082354
1143050088
1084225729
1918647276
1084373517
1881149042
72759472
1538571250
1066310648
393518857
674307447
1766931017
899047498
1171379074
498602879
2060441676
115010392
2115479123
467168457
1363908849
1830588232
1289398734
976552575
1097632602
695457843
292499980
719328822
895405194
840642806
1024064229
910150851
7516724
1236388502
400419867
843660471
1455132847
1791316045
1740029334
180595320
765963783
494834229
1284136394
730147837
778245165
379973776
32971828
691244581
1493177422
1098314162
1187166724
1286075829
318467393
1971784843
223257301
776033773
1105143577
637161941
1136111511
416904901
447108570
671170006
1947989390
290579657
557126985
113614034
1399276403
862569614
198914012
119606289
1865354936
1147347920
177013457
1951809928
1269871337
1334706729
795169115
1362027559
772867374
431549296
389798134
1089625791
1789550061
1919589804
415733980
507950989
61233804
977654964
1677778576
567481959
997374292
1823470948
23480727
1477198721
83153265
23392894
1116280902
126748892
517294358
1957586202
502804407
745078861
401984445
806974155
1566994645
393934886
1262264972
560380752
1692404887
601929859
1685991635
464070644
1848355146
1249022770
764049074
851187331
254757638
682215488
1902435288
1090976233
176034114
65235228
1317971046
311175784
892533636
1683358827
1949340145
2244469
1980630833
1993999463
1056330406
1309863216
1116477570
1719224820
2042003593
802160511
1418150039
1698246209
229380822
1855892678
485757606
123385111
305283976
1017322052
128571980
805263810
1925319415
339315725
1005495556
1851621528
327185308
447240864
2061316277
1310078762
589244401
76376100
382333285
208571655
1346681971
2073784132
380469260
298413863
793270217
65480099
963503235
929271803
1390705407
2026490878
331697307
732005903
1639893995
1172202973
2140922442
1675160408
1063183280
829977334
1712558849
335537952
1200374624
247899166
1767881241
1069231243
1999351997
1145153004
2112864363
1937315781
1740004632
1051638508
848487166
675886026
1986615387
58687357
640447195
1149899473
745665058
1918095688
1383268349
586941270
566479619
1383625821
1395261797
1072024514
588216302
772583404
1198304329
560019130
1620883888
983743644
1209650284
792189441
2109303442
575831691
375099273
1821712907
1730044958
2113119459
214128105
14240799
742244097
153872661
731953684
497654055
126732
886032309
1195123108
1771348759
1866161493
1600105714
1469073717
82206456
1978811002
1674653360
706960760
137754000
2066522885
1408470596
1859605351
1383087280
1888776171
1731746763
1225937299
1497643802
384298287
874296615
714808472
931381516
828285092
394082968
1242732723
1474346861
458173135
1499886323
993170026
269526931
411470826
605354369
336273513
1802091951
1476884229
863268726
461049965
1898112982
980448584
1327614731
1194651993
941433772
590461779
1852128827
300510310
958819503
304591558
1986105112
2110308216
328760605
1077762524
1920621511
1872251531
1941074819
92912434
726688798
137773644
1018365668
1410195366
155882200
78952900
187274114
2079112283
101982323
290870575
147778124
1254932184
1482934695
1825183723
1595632867
942324048
1550168962
1411964812
2136907851
1709183228
417412900
1150172684
1727332395
2065313956
390950677
1305445664
1459322048
513761598
2132475966
233764005
221031780
731728557
136788107
462822969
1980391863
612335274
624180506
2118234087
1740036967
1569755072
1459855904
2113533946
2072746658
2072925809
2129421913
764842994
1596999445
285353590
1914367017
1187044501
1800593311
574084644
1689856596
491766044
919272087
1731893738
1202122327
1230037902
1669628086
728552951
533572193
1329457195
1001057443
1396713464
152627441
966396414
1070905626
1684343551
273948685
765666966
721373112
2006816639
1077952028
1057133262
1101408869
1800733044
180284001
1335700167
449141086
1934988960
479662868
1575431927
985956317
244391663
1622541086
882352219
1640114536
1410048252
277469554
996142536
1394096563
1639361708
902159363
1686627423
534755635
998993400
472825957
605746463
1347461185
815000009
1066705924
2043871637
549120742
49800956
2088898043
675152302
1226891081
1437083013
1694692498
1960768685
1590628530
1175102895
1675386967
190820151
1682786618
2083840385
1463609047
1483749515
1850483730
1156381245
1643632377
952731856
778420844
2079915010
996184312
1897175687
189048073
1934850449
930685947
1632887072
799691872
1187963436
1258220371
1358714536
1870668136
1470436250
2056357200
1632400031
1043785986
1317456456
1968971200
1958902760
1893688326
219591049
804169221
167299033
255012329
1534457342
49558738
885364850
970935304
1338268689
1288529794
1801808811
1147379603
39058587
141115157
433171942
845630489
1911613862
2091160263
1079173508
572046507
1109335372
362795599
1660710292
1739624880
1974809790
2122084785
657548709
1008296261
1356896609
24049856
95730876
1857213518
1183308306
2074628148
1614574945
1053116958
1078597258
2045281891
807829716
1562627263
841383645
1530324384
1508319069
72138718
1766131997
484365869
1496560577
162944086
1216978715
1259251165
1776950224
1685744215
2007836237
1273818955
811843612
1290153011
917234635
21691057
711240900
539773893
2106515060
853938790
1263150446
2017291390
917805
370107638
262227539
1882776589
660791113
254914271
1023763571
715168682
788536581
1202030054
1815019242
438139904
14655018
842579988
1469526875
214855093
735689941
5967953
1042335624
2071107735
874113619
2024379035
771160580
1507863396
1734949926
255107555
1231252479
1069782582
1254983461
66515332
148870721
1681375625
1694747327
841647201
809196338
1795582954
1002884704
1796717465
1601792021
132675646
1958671084
1380210410
1813722965
227579565
1954962024
1395384479
136422904
809980457
377268152
663265079
1042558512
1426467999
425179267
1884014228
1018165520
1055921080
177396530
1683309276
1740708188
1080039500
1681138456
1382487792
951804281
1059844708
83336364
89516167
955082371
63339498
1558856689
431485926
662659709
1632037871
1274724086
1961705790
1121503139
597441689
455343737
972002722
1243772636
1040237991
1136002727
1451637155
1119398732
2092479907
1560494591
1390497674
910085381
1525068707
58515540
132256561
565738717
1382847419
2066670577
1494285694
1202604890
1426237442
313827030
874014077
874097866
294574143
625508897
1344919833
1606081648
2012039729
1318994312
899549047
850690264
1114571896
1474587907
889370352
1324614476
1542428195
1119535751
2051530920
1059761247
573140183
658282988
1685367759
1309325222
1853957016
1771236592
635347572
473739399
242922551
1207410004
1340676609
892635689
84940120
1540078372
1299736919
550700171
1439657759
830254356
673457799
817303728
1251979383
1737506054
1466779177
1298925048
401403647
1265478312
1383110237
73177739
2104138641
1652164155
1364963164
1354739950
842020207
1375745390
2079462329
112405687
173393420
1145119848
1733417530
831135837
889196405
2064565477
1921178445
1477887529
547419994
949788024
349240361
1083037257
380590269
1742392046
304206210
2024270851
1491207734
1524397523
704607208
1727974407
1118594784
362339854
295043005
1131380189
2130163684
904281767
1425988305
1520913021
1115331744
1224731562
1217165724
2081477117
2000766835
1868377123
150666775
976718437
278078759
1597272648
756394551
126556574
336041212
887010230
1512488967
290528393
736745293
8963028
1040648545
397085997
10812641
375173716
930865480
1157569032
1030963409
1739280344
1533425893
65921158
748214033
1891506865
1353888285
1852578959
262723996
1241249218
765626827
1102479163
1498652224
1745824643
1887873951
851902113
984112899
1809932065
805431698
1758859469
438878001
816459203
553447685
879190991
1043027715
236413416
977680245
1888011504
913510382
182565612
285325533
1248004352
1295235973
655321770
19923369
1411901387
1922625291
1557498682
1750179410
1088740522
1307233689
1167847131
1965271706
368197173
1295846120
1111149548
4446822
2109136662
47124668
138405653
701888051
560703993
982044910
973143427
1437230390
26200735
2028891668
1184584016
159710996
1576343058
1478329550
1306286592
2040332091
1607828467
831094704
1619901223
31626203
1432201967
2027487175
668910377
1285825157
1805996624
203228106
549966874
410319966
692996784
1077614559
107493571
1767431167
34791368
946763782
1051002822
1741891309
764433766
1373155110
1591203545
1362005168
112132477
1859706034
1296441390
1858157970
1548793174
1508469496
1132878835
800822006
1485260773
1471586310
1275457525
1439867730
2090873654
1755124537
1236481888
1584782282
988763910
1768272227
377554081
1607883114
982651502
1116051864
942481260
1014520832
1719994042
386055318
545874137
485674132
460977496
1694681294
933179305
1803972997
872434412
1889045779
1014972071
804653634
669649281
238853086
294358826
354561185
327148505
1344313659
547871159
16735711
1479703525
483999060
1125949123
2785589
1210308176
1565635992
2050703765
407328275
1195586869
339455624
1159049034
2031509500
686205938
349827102
453129203
258683389
1794170388
2125993690
1783381977
1552005067
1959164785
373330794
813498080
255899256
264121173
1204468469
439534601
1969315538
426686676
1179472388
2041342737
735538008
426406463
2097060877
1964896823
1439884250
548654513
1383176606
448114203
535576748
279348425
751877923
470653378
1528645510
1381071218
1414598228
2075813046
1823775739
1366349277
1467817021
1709310282
722967956
1954347408
992357867
308122875
981847433
1018815896
373437872
1074187506
717919771
1996224986
996154132
193902759
41807249
588379528
1112037208
1354525855
868347596
965823663
1400279207
89378645
150151561
893453548
2096725468
759763511
656591923
129002303
2005990634
1718319303
68045155
583668983
137815532
377106402
1799092981
1351138765
742245578
1673533214
1905661128
763016461
1568228228
838827596
1642404113
328838127
1125560094
1774516509
445612124
1548211972
1737007401
524847840
2074191649
1864398028
181368809
1777765481
318290687
517532516
723052328
313380366
891093400
919654236
382438294
2060883915
662926088
507659687
121113307
1372473733
171196930
1986613932
1224206907
1256029547
584289161
646957177
119203301
2797177
996345929
1154786839
54932184
486114582
526858640
132176376
58045811
589761502
671624172
1369995661
1422251671
1599417978
988645729
83271668
170738042
549192874
2039960903
536036815
418935819
1799195492
1936739262
1614119984
802008061
1010863638
1768718031
1852429488
1453218419
522297864
1045850913
1463484575
248768582
953497053
211181141
1579520341
903361782
1237571384
82028798
1615377319
1299634730
1360654460
1183626816
2118426741
605740517
1205231787
561693444
1139129441
188554568
536309616
1298632405
2078064794
789731838
1130086200
1015480410
943152854
340554823
1717895034
130832240
1389490782
1177615269
910442776
2140284644
1924264003
687857693
1312026333
2120609738
2101471406
1833414186
669092902
11262076
937626453
217145156
1644788638
542939442
1146437898
2032429319
384380962
132601915
1211501677
1766085892
1859144131
870502358
2120713154
835963681
534724841
1683273647
598988253
1520277677
1661624724
2039221241
865528890
750968324
836892862
1836739620
2111757353
1138109659
76330461
1254255420
1391261990
1537081641
166683269
167005150
1575778887
857054899
2102211113
1364214231
1467008206
728366386
920521729
595391322
1320979934
1335954722
1275875592
1603441630
1972643147
569655082
375504925
1413911186
756046730
1665914915
365115977
1854502526
646747335
777468870
227887392
1361584695
295811862
588707831
685730112
1486575934
675865025
1542453928
899824375
532938999
131828672
1596718187
997513985
226506561
1305782086
1170327960
1329579374
124582070
957640824
989901847
162514082
896118912
1159367992
182785995
232885878
1596894166
1867306016
2064677788
2045694333
119343890
1142313099
457079070
764384353
1660840561
1368470989
1446524131
1343154539
1985223782
1621595010
2119881050
1283463201
364474267
2135014660
224519778
1100054281
1431968389
727086582
887990127
732729228
1698006690
916461053
1422721623
1751541238
242832722
2121987471
135176378
1203412890
1229527120
2116326883
1457542668
574763282
930011083
1347950088
2146640961
766647972
1850712101
1463527186
1225957651
1586108609
1924723015
937152879
1451304435
85532327
659523999
1412201815
806802570
889088294
1479911095
953471074
146282986
53411711
1669756275
34214451
152631894
1533835367
2015759335
1435429458
747442090
1495238956
918611666
1924098328
444122216
819012847
2034992315
1357344195
1735849313
824643087
729962663
1374165929
789496829
410311591
1416883828
2097819786
1283982119
1958778157
295877334
1409691134
1940474071
1202333243
1164554475
1747478541
126963261
1612123242
1269192572
1933978333
386787463
1962393946
853325778
832194950
225281103
1427276495
1085612083
1552058370
694988196
127351542
209277944
1325167168
271568564
1920625349
280388428
450318935
147975955
2052135040
1879180419
167385047
814996906
700834903
1941301524
83305020
1824771903
484410669
1273047093
76873852
1420565404
1750273907
1297578257
638736320
1540907871
991987763
793220777
450642735
778766430
1725851177
1891485508
1464966885
45187764
1904263947
93135252
102944770
1397013612
1412636394
1491716455
2114239455
74137033
438810544
472382982
921092188
1355125808
1445828297
892826670
1707515733
1898577331
1183749855
137369000
1874489139
1754989371
1179173821
423420039
1962394270
404048721
625645141
1241726974
1151359312
288067465
487567069
1659951323
84921349
1722564235
66309907
1799316388
1063961999
2121987263
837547682
27119181
2003270405
2013304213
1362207645
1156022163
181417243
1370976110
1256872232
868627959
842783885
1527084074
454405686
556309594
721787830
476917839
1915635308
297750066
147572541
1874774738
34486052
97756518
1942970350
654112646
619543183
1315392460
747675559
129918494
2027500274
574695996
421143401
1620236256
837591057
2130440017
615736462
922461673
1845545129
485754812
1749832474
158999063
60160534
1991672388
1811874601
1991433366
596271125
1391458654
1839300488
122386442
467867300
1383218276
1018229600
1687770710
94451718
72946293
33586445
1695680519
913475810
876744938
1017715726
89327713
1092977803
1737564016
2061323285
1210380292
1463987035
1719329735
731512637
28764217
791221560
765980438
1993853275
487704799
44722744
693577448
1744449132
1527704300
1652720481
680756167
115877422
1855281570
1967723913
1308155763
379061964
186690641
1086318684
2101685439
1024075953
994013890
1892039548
1966019337
1943057790
1902886471
266476483
424707924
1987589142
889123165
341478052
1342414084
1418429398
1336582139
1181317551
91842613
145168610
544402042
1044036659
464939960
540699547
1816354080
861745405
605924522
1297329452
142474826
488474175
1114318259
339800900
972346678
1075190156
1947202520
1662201054
758698858
1731565056
225326846
1816285755
548252357
498471549
236470268
1425498610
2080422432
504926736
764823131
435674398
874109601
609544305
1156546477
1022858421
2030008220
1563174057
166138503
173062648
1226046245
34325454
355139356
1508852742
1361656118
1783762410
1144698743
213638284
1942430585
338173690
1814872404
2065933719
1313714100
514604562
928406428
1285376650
82737871
1693402270
986562940
274787883
494490242
1064433603
1500464417
1812965335
490696607
1283151331
1243028497
518021590
1115933433
82770495
1774540585
842205897
1655412464
458938552
1577001007
1346907200
843614106
1474671534
530052883
1718229096
1271346064
29085193
1539262663
1245053153
1604745042
1001225046
878336440
1560701102
1380017496
369840137
1727536615
2045084486
235138230
1837487073
447494313
1761948359
771424362
1913829481
980942327
10712906
1991485766
2008528282
2134634355
1503478097
2129202292
1438338718
1729744632
1927199069
1027084459
1363009711
1347879132
1635724957
76540909
448888350
483432389
617086656
1359053818
550319984
2089681956
1086908652
780413781
79729826
798294355
1284595143
837084400
1547051150
1618016839
1238204082
1912469622
488638566
730447858
1400806933
388448565
1127739740
1997081400
1542599381
1697399207
1384859236
21750923
1142378722
932947355
520052753
1347726117
922867950
697597189
2143094940
486807009
1558950200
1676679518
1034485252
346761143
343374214
728504249
1300706383
409842130
1820150833
1256636772
1396750830
1938595152
1130446426
746097975
404766782
698930837
1006399803
433597308
1071082027
1208177740
379365016
1973626491
400499439
1984713724
1940613715
981189024
879189752
2086372930
1280115487
1661821259
162449640
197952689
215514189
831743284
1314978998
1251380035
814561986
1259536249
1940001522
1810632570
310357770
414659142
64511525
1587441431
478008965
21413408
1714510934
1569427574
583359935
1478388430
544013993
450817668
368072158
1796650212
1120569635
130886238
1486524212
602049005
488926344
1334369416
990956276
1147493684
477928549
1193344967
2113672706
1389985583
1267794730
409268124
1351532259
1325678985
933746287
695178333
610105556
1808011723
515747159
1287321329
937844214
949834918
29055762
272045607
32547494
1076718559
1383575420
2020767668
1183509483
121106647
304701411
487624391
932928265
452513206
1269791206
892449355
1842577458
1428586292
1641734776
1186069688
1821083228
1798990084
1254720260
1843400598
1588267566
298436317
1720444587
1109546128
2038115860
1788372005
1792551336
512816689
1394908530
1563878460
597245141
1299475005
785731828
152110435
1859624775
2122057646
1798637060
1768745032
166252563
1593688650
369916757
1721959983
136632884
826787293
284337308
342302654
750091397
1168001817
1737762655
1442123365
260607976
546021382
601658085
720962152
1629973897
1682832935
1275979085
1236883338
474953533
1980655659
969543611
1962986072
1388446724
1690659148
1616595885
690649103
2064061101
1525035080
390280044
1344123691
1859142809
45490170
1499836317
1453217421
1067270807
524193685
405007351
917954887
1159253487
1789400188
227321103
902579463
213049210
1110069184
478822735
499118367
474109678
355522870
382486277
906183725
740498488
2022015540
758178199
340274796
2087826690
148490729
835471317
1328377493
986935380
1301085526
1836512615
75592563
1523214934
44702957
1932052837
2132642818
1946602035
1198539204
410401797
1586212931
1553644570
787078262
1701182831
658754719
378325342
499304342
833122221
1374820853
1495027902
1498597329
522161598
830909506
1883635902
122794911
1086124489
191300076
1423070772
1300503717
1646578799
496827819
1385578719
1887630507
1667219257
820729108
699281456
103696437
1498590257
115744196
209578541
184731840
919776396
254722853
1799597675
1124827291
337412228
1432178400
87246649
455387743
374991428
395677151
1450560220
727336460
1809090045
585448445
875884276
788309441
1788662038
1861288013
1076162557
1143917591
266678912
1757979652
2045652721
114693659
1228666407
1637322244
2122827531
932203239
189549956
1206725894
1176927655
1716308700
1795000143
438934114
888639045
855062654
784912466
819289982
127202477
1223529708
168882009
1961879505
974714668
23161338
1749847622
1462684051
303092476
216218605
151700033
979414787
74091714
1993415890
828548364
927550036
2130183984
299162491
1448735092
1878548021
560046539
1219225623
1666954467
41190652
92586439
163227757
1461143571
1194524782
928958222
135173557
1764810973
165706797
1726680927
1292770835
1060122415
2131971262
1927465363
550167473
1949210396
910054710
1278704379
1801098103
470661646
1296326017
59586790
23342442
160964887
1157514063
1510455359
1825781918
2046360164
411242396
1972204882
1711275225
1955920850
1655151322
1213617583
1228110790
1939709083
1989937596
1078937127
702514131
1624832041
1281887393
2058516211
2077152936
640404491
2095803292
1397487605
9895235
530064133
1771505948
1734121238
1414857652
1941593921
48964925
1040777934
165148274
1501001124
1217022890
299979458
795843417
816467004
2063398444
1215117447
1480818753
894127573
414748116
2011904644
570300732
1340892331
2117932225
1823832822
1029261419
1150594617
516383375
220507406
1431652733
1563056688
348814684
611449397
2050529990
1406027395
901855608
1159903599
1518804472
317983391
613542312
1578433245
1451772544
230310840
995133975
812779868
374860671
506598463
1162375130
951854156
343573347
906094704
1132275486
1543426923
388370210
658420231
14862833
1342002911
1115783955
412609810
587774377
1882248530
698940265
69591010
1148601589
1906313783
149568076
678340635
1176986750
2134136364
1494003093
112051947
1980782649
189543288
1127339558
691207767
1676775244
134820019
848202468
736653745
1219617946
1985459077
2055942483
618470182
1837881837
1846601094
610313676
170903667
3873727
66800965
816393565
1460138168
446838693
49591653
590900029
898422117
1672810329
1280844769
1468199914
622886993
728969826
1121764207
1770895329
1907052777
486926434
1188479234
1416044538
731769477
1665684988
152125290
523195741
1805284822
968672863
445162263
38981412
1569933180
1557709684
1295947771
124903311
1555832244
1765951136
1632981901
1361156830
755779375
749923382
1739961577
2011042255
1667441917
1901769596
1222378772
1556838836
801479080
1282045272
1830893918
1357085744
214046558
579263384
269662688
696617102
888282950
65487579
1749601829
2108989629
2129339379
1517326622
1489760741
389725164
1172168950
1959963367
312177645
538015934
1757567373
1529860360
543940890
410089770
341823610
247451920
710532483
6644211
1491282671
1792381524
1932930487
1179850686
1730891941
155986325
660197915
574452693
1536834316
1330199886
297612918
220875383
624067997
202712221
1434163080
2025602265
1127510347
1327876811
1209786580
1649242302
912944408
1795162490
1175086207
642770862
1157912003
1759742826
583200593
1040830422
157400734
1341180391
392223448
1989134459
547272062
1849398995
2093146027
1908716572
708547533
1370322252
1145735628
1489392164
1441763001
575791865
396054823
1680308809
2025773199
1380594678
45840439
223114116
31999266
1574110041
79229640
1120633005
810255205
236708449
865515223
2004573362
1353195033
349343803
619379093
1383792755
497456543
114140272
56425098
429501502
253756655
1725380078
1647910615
884723426
195945377
1826007216
498876052
667485298
1163040553
572615693
212018776
989398680
556049696
1412240283
1008299734
1519978643
1701935293
1473893565
1785916580
893425870
518638946
1605571280
1632442903
965001758
54063187
1198801902
417987915
338282136
654912385
561715293
1122774079
2034200077
839568261
70545048
1244901661
857309732
1916293800
882916855
848670870
1096135186
392792862
1214333437
1101321324
834254840
443566676
269471806
1339989001
944257496
1922357087
1850991339
661771597
1763213365
1718945427
1078002172
1704238949
350534727
1361591349
3101944
1763998166
1115961304
1262200904
410503012
321978778
658663614
1673342339
1001245126
1547312737
64586229
624985444
47176020
1165263352
1399241816
1689342814
1209047102
1014201287
110637308
2097019182
1626136725
121979508
1396162346
1179786828
819977174
1736373670
1152653302
2127887484
1842137367
1577564644
1157671296
1691263875
13024205
1673949339
800506823
668501495
1138310456
852209214
258863397
1131462960
343497324
1347006600
1684479083
101495387
284510460
1002845917
2072362649
1807649453
1848732740
1334722254
2127294010
1271575731
484713811
1873921724
281135706
1480916168
1995339635
1473108115
402545445
1528467105
352725847
1187856056
1057989150
1810692610
860273377
246179070
1356936184
1458802835
319352717
1800603601
907826709
1373343437
2117451133
1994290037
980564376
896836111
180847905
2103522665
1894813225
1090420173
1559594370
977879525
1846167109
1061507559
909633836
879472515
2021787454
25564184
1938782134
1128614650
1031888598
1567665797
887264751
1920034052
796883060
967656821
175234727
600595554
214674433
271246880
1728134679
1263371766
490463330
1917915296
1912019438
2038183181
608459666
1712500484
318877689
345884095
624835162
1928866692
1634432365
292989807
477850032
1285519310
516546772
1222026606
1687853994
135001983
868133010
122182588
1778078237
395141037
347742227
1648281070
232372439
2099494305
481164692
1981734443
152807796
641201826
1326084746
1353335376
265540321
274936556
500441266
330794292
1469423211
452249024
2059408822
1324290565
461638787
1661813909
598447993
814719953
1261396752
698261356
773335808
590050081
947464049
1854680129
1194385404
553606080
1785953806
396539805
216304376
1058495641
120105369
1280298056
963721243
2131227582
906560487
553681948
1744289947
1136261253
336161381
704861174
1525877951
79607245
249673784
315450565
1801268366
503064158
905611253
314256324
1904546073
1935496558
387127034
216863684
1236947042
1202783552
1578878055
1222388130
1403059688
320921063
282019260
30399961
1641431504
852330025
2128366353
1134366000
959379633
1413490815
1486023916
875012756
501499388
44566072
1134878146
2116240384
773235463
2036521660
1161623821
530881688
1120834740
2033774830
975333894
626783702
1672139202
2015489195
2053456896
1793782235
274613168
1685416560
1238763105
1423071463
1386015817
1681569560
250029629
907152356
1908234705
1643971010
1714378640
2045005341
1204089802
1178438097
1395978264
1377744908
275778147
2104716045
1259757005
534136144
313209470
782289382
11094782
722014141
1652693085
2147434969
1265216010
1449617806
492868328
708941804
749437623
1862215861
1195729309
1032246099
1150679858
396825939
970104596
1970994741
1816227
1119194436
1956549166
1180954760
705446764
149720785
1768433626
1729931032
1830548223
464944265
1501364099
577226919
1325077849
770837545
1347654681
212474671
1793798687
650179256
817540027
472369987
475035987
607387568
1722275838
1433110419
556221875
1902672214
1245802717
699175566
1017719470
1070967851
1306334269
1912146978
1634379780
1665580923
250762267
700175775
2003975417
1785463058
2047991124
973705657
1473983797
1815083534
1986789648
2065064620
2015504699
1865400016
452340428
2054039674
2027867268
704318476
208497923
1696801104
370033464
1865933568
1626140281
21163527
1674238344
697202370
1043440164
1604328646
1560385194
192765105
1603359671
377387972
939771250
1275269645
1992405708
17995307
375008394
1770588323
1735173805
1260969240
866209870
1103989921
333042878
969875135
1712437318
315422088
1028252555
698551724
1615647297
2063578175
1939776618
59947556
917941514
1305079875
372501965
1434976170
346973386
1557300732
1174376486
1405487261
721074938
1933727787
868970359
298854910
643691522
30017152
1799580533
1755543888
454800499
1759198024
1698783320
1879088792
1374500830
1122230852
2078026306
2006549636
1208736591
1437383317
232994121
458139816
473929065
1164039635
473875491
1432481251
1709086239
1415755324
583382893
1187050208
1107617804
1239473673
2048671640
1718030009
1788775792
1504625116
1438352240
1031222709
801911496
2123247702
1056499018
3156018
777138441
1022124230
1550069962
1885433246
1992505720
527104764
1723767630
1655553439
1553179945
1274579515
1858150651
483367251
1071120914
1018162508
1065838690
308213425
2143360971
308114863
962393806
1264779278
1620131300
276924397
1652367148
577309116
157973986
2131996425
330479000
1862926285
1787992792
1648768277
877343104
1742319093
725727391
1530491616
1411483767
1473209229
1482816690
252651725
1849666456
493721012
393355944
255939263
391786901
2103853456
1470275150
1805977904
1473795931
827584690
1457816928
54075745
1104355683
1501258136
580590308
1441357484
857278360
1283978828
1335129636
2045388533
1718629856
569715497
1618698054
1885195327
1822952266
494499773
1421613961
498310490
371925458
795548618
494371614
734138298
1666042067
232618599
775641761
287339620
1764326410
1010681156
426543666
1876544001
286556482
1302321674
1816095797
878272021
1380808354
1826116577
1835273634
1703612233
182795151
51311371
399497737
1941185252
49167935
969186477
1575734566
430358360
706664412
2054837422
1619387420
1522613753
1292173648
1616556984
433465426
1758176712
1178880691
1570601820
1263750631
1381548398
247177039
1861552722
580419539
1643471428
729743436
1297060574
501060507
1598521999
1122631677
1437734221
756842160
241703113
1968334789
772882591
1301448549
1784516122
1454314151
485260095
1870220172
1388964326
595437162
305231341
423319212
297723008
1559393637
2125646524
162111968
1717252860
564687596
1784826423
661845839
1048018465
624673879
547862687
83088195
710841981
286791851
129424720
201653480
947099539
468488424
265545282
1196994723
2095172656
1850319599
2310570
1910101517
907888092
780796173
1746022336
1308515211
2000173419
720252968
817327772
1454731659
1811960499
929240708
1021280826
187432797
1637372247
124153139
1726888604
1236093867
1811243202
813735447
1769421326
1644917399
40680752
1568290965
747199877
1960502128
846551014
510379736
1648691489
1812316176
1359629442
682192319
1200847570
1718589396
332798317
1207460196
2044028182
2033162297
2023468396
1729288266
977351648
216984848
1381071958
1759495970
1200455061
383429213
20180192
1888374586
1821000239
770980306
14127508
429484419
2123610756
1426122211
1645788896
406255677
728996257
1183366278
1976381515
662571329
124895824
81699721
829787842
1463988971
1344508602
1068439695
1945618961
216176034
387516453
1085322920
449337197
1587784709
720968925
828980108
1459062574
561492915
1242751537
908813940
1048134553
1066473655
1023342741
303934102
2077272795
2010836366
2059741157
1793019707
439227923
1639193047
1546910153
669071230
1294286726
770083223
500455475
56699811
445274614
945145637
356602373
1556749841
1306528524
971835832
1741440976
2074707437
2083347186
378233483
2002248376
923896149
875678461
2007847594
1532516211
952193334
719250824
620606301
1963825008
694714571
568441052
1684831022
527708692
1768975026
1526452043
1384679831
657704991
931478956
1175606876
440550221
555619117
1296237297
710100768
596601123
79668057
109963310
935035299
793064349
204707068
786099997
717614462
42229010
217948307
1621474494
523948426
635659388
323094207
673309239
1377285295
649982688
1869150821
1988204869
1350253018
408218964
1311984373
613518942
1736804621
1297702322
1855992008
1099493989
1179973520
968162264
736116131
124169737
684704069
1518715288
303010649
1420308667
48678169
737055555
179413644
1630795082
92952214
137733837
873124755
697923100
801724054
38400925
144219000
971631371
2024006930
164861172
405708568
201902809
1948130841
352823543
2059904621
570993234
892629980
53925466
2013479401
731427581
1436178406
186008235
1102390264
2135985022
214238568
1538614072
1509511336
426519435
483352242
865055391
1443915109
1592178057
710995902
1422914800
284777181
91951042
470894567
1900762240
2003976962
8558405
1994521783
1586839885
1893705006
1939203675
1669122013
393321737
1437743712
1272531105
940069437
1786338757
375188388
1469978311
1539137058
647917883
1642665105
1931203556
1024402063
2013153976
383069164
337086067
1951713715
1589585316
743052395
721250030
814687354
1160423087
116750227
903388677
155501888
309929370
1343990978
441871483
1889522592
1869318559
81382985
2067642014
1595673451
361120383
1865989809
1897500001
457734325
1746831398
1421606943
1021636375
327656201
1288956
581132242
2012191182
1316092348
1788927690
625252296
697788742
598307679
1439730247
231876736
1601133197
1873441358
543212863
985058523
1990520632
815079525
1744392031
1853950492
528894527
690721746
1376643487
240156174
697761910
1970548486
105684044
317631813
1430730404
649383366
1806046129
1633104764
2009089858
1911714142
1131863393
344938526
1056164305
2112503284
867889188
1500195040
1674409432
515095290
908167292
224287883
1001782137
319383741
1693320146
1977180119
1092389807
414440731
947061826
974589555
236874279
870627665
1530906368
197507618
406815415
194112242
879507301
465453567
236756095
272026100
1030678682
2032540641
263152795
1105708517
204521440
788877785
2026252930
662598715
1967438201
1688704472
2002044926
636416456
568775222
942648686
568446664
968141132
1749794718
716609453
1697297855
601076005
1803272376
1849945900
1959485381
1095569953
890073462
100870695
1960900150
1245145460
1530538686
7436996
1877324038
2048030661
1066670357
335163760
872597110
881020770
918475754
78881640
393174131
2039477140
311287677
197965652
264697227
1036802830
981017450
1457216013
1110406028
1658316671
151912406
1488862591
961440187
841581639
545540917
1263035306
470751406
1218035270
1468605109
1184044995
1756761543
796739279
1313216330
1488656247
1213530189
1570206651
1632231767
286772815
788604456
634613402
216032502
13083950
785898041
615245061
1379561700
1843038200
578883156
1788095503
1159873036
1184097101
891069147
1723001050
864056750
290421875
553606648
418213957
1078309932
1873323346
1844829302
1304702915
604503665
1052339864
646936125
83071303
1801922558
448764413
668512360
575794267
79341458
609169057
1334605573
1444558416
205752438
1821815185
868022376
1205617552
1119872610
456598632
132684844
1892060175
980024847
720505874
1140666311
1007322336
2026077274
1561452972
697500361
769376484
1219384850
437612423
1548438705
68889245
1658786398
1592573004
1599657580
2051197216
390664654
1360938553
2037350763
565944873
392428540
1133867145
155641439
1468951369
129113566
2110203122
1495655828
1501092922
560079532
1030212424
456172263
1509725267
2145595752
943577407
537921382
1243194646
2020153615
1104043085
2107736706
657847271
323933530
332726190
89089267
223593688
1671452209
516894849
1562234665
609018015
75043757
158999056
687721834
1466754985
485726408
1428001837
188210060
1889305671
1656671908
754539959
1280879185
1282952711
61895284
256499004
547266650
2118733854
209240075
1446482360
1209282762
117589248
1553070847
684211580
1860878712
272873746
1447501946
61609258
1458272976
354051703
2144840605
1973918941
76479303
550386695
83031696
998438245
404916344
2110628190
1822712362
1576106928
217118688
849848848
670174778
351321156
256846131
843123194
58887280
1707859176
844074072
1377483956
926586859
1533066851
1549651208
582906402
680164192
1704343644
1455119870
307491370
531853283
1766256992
1885814236
153340288
1078451798
56259842
2097606554
511619484
640552299
1753106973
562839723
1464223181
1629185623
1896540981
305338030
88782695
964106773
440181500
833363661
419058456
762679635
153513712
1937561782
949668185
1890234621
549792289
560666420
2123451392
434609509
494625297
215068777
1379775218
194594316
19027892
43890602
767425013
1688708112
702729878
1057962743
162695587
1470772529
860908572
1791893013
1676729722
985980289
518818018
1695763786
1712929041
1548286376
459372100
674242997
1717386853
1911098321
513104376
1245802823
445667154
646581557
776200664
1895392354
821560349
1545866818
1329607102
885181196
576799022
1951690599
1358204297
1857178576
1323390427
232692863
1464557884
1231382065
494632543
1543296215
822438213
1152705228
1137312489
1957767646
633003226
111143689
484470225
1574927976
1770101887
44999293
1862644453
1484517534
1653638821
1608432608
29374946
304461958
1062745196
1503273894
1444601342
1321018667
998998153
568293948
1227429026
1568932457
479615555
1665513440
1304530229
1254248791
1076332183
1015018525
424262676
1147002193
836374908
1511779042
90301086
1274140576
567628097
1443199294
610813547
341590985
1233550866
1082321851
172190108
906600047
1938096025
662804564
2026780237
824428773
1617081024
751296019
1824403239
500163412
1841006997
295257163
470472467
1500995461
57411399
942347119
1256104457
1196635724
1250703949
479420814
1527570694
917817746
1120204454
1833053292
554515228
964074749
2129605179
775142206
129263011
2033692478
1036617056
59056641
1651174797
623304182
1829630329
730292343
1872626647
684744262
1685204921
997930687
2142461724
1832252402
624880134
2087152016
789079108
689647921
105799673
1218236434
748021849
1585031443
1770592769
2048337241
500497786
1042652815
662662311
1671378814
1620466920
510286376
1772662252
973254236
1942298686
510521404
1480400590
1635730404
1101437885
18801129
330148585
1631774750
1681148869
1407885980
1938604091
20966076
1539958624
1445112887
1601020160
1026286684
1487981049
1449552862
905163196
200391003
1110640170
1313010015
690054487
1087025232
485725107
1713236796
219056482
1614296620
1936599686
1661999445
27776119
1054312940
1037597950
1043071030
1427486911
337783288
457679664
594560763
1359387790
1128365340
269986138
988924380
1903737640
2110378272
306205561
2000685913
1105334183
1326999813
1252083702
155667971
1238944756
751957215
1132524416
1318994148
717553139
1832545610
1536989173
1608632460
885793979
745860234
1868372089
1210060473
204576770
499760963
506148010
620536482
1039319960
1199212241
295109866
600445920
1083463946
1913644869
1513204187
921833978
2097527143
2097797885
129319145
1464580747
626129183
1645438431
2122731520
1460690962
1604976646
1592525362
1826290271
1251586902
1380542328
1757724952
1359442052
1922619764
1475336343
796178604
2108960071
715430022
1732431024
1263008180
1597616643
913663218
1434956220
1189472003
942052335
1518909772
216306946
461334638
1294978186
2127676137
1205179866
230888296
1335385909
1513360641
15172236
94176061
933004762
1281717376
590094678
858372840
2008921802
2082426473
1667417996
1277102737
957347237
1977305831
60293338
870552230
1962803570
2052538098
2099849381
2101157524
1098977743
1281597082
197457808
1216852258
1386345794
1706234356
1565533979
1751825514
1382318765
1595813534
111504741
1721737078
337342432
146079727
1981428498
708060019
1488043849
1906878400
514164039
711283348
802690758
707920338
1335682514
1213899398
1230467483
381604826
760396647
1011813515
523222911
578663472
2023506950
1337281846
1405100753
813265168
981535608
389948866
1344249832
1886872202
338954231
821762318
1898459015
1549316364
974561005
2043002425
1252214384
1786067594
1023931349
960193238
1319502863
166158407
1942422334
1184782028
1687968343
1235920707
1960061934
1986649037
182821035
660845889
1076291619
637227633
1817846770
625398900
2035718389
537059054
2142791117
1887094725
1788962263
1528258422
1123146981
2099796420
497701436
929902125
1387931741
2143531048
267897686
1995229382
1958266983
849546756
827199481
56498105
1332514290
1279741577
1024783518
1521397539
2001802113
1081410162
204383620
1294271289
407482647
956414480
1646078193
1513630314
1373273422
698852850
154043287
1583572753
191827336
1290426416
1640202513
1078350548
351782716
1908019284
247677580
693511580
1252111474
246389734
487445891
2079470129
762965322
2131850643
1063400610
1165316720
764201142
1475570937
1473262796
1484758316
1168254535
189579538
160759864
2110742431
3883813
1081423674
