1471053267
1814556257
465599603
1219481706
429485246
762057424
1847043767
196517199
1107231875
995786405
1138801138
2002035513
351552818
2124365425
1958676387
76243824
1652578173
1073085191
1725629816
1665805016
2091650423
1373824180
604331416
724991346
1699116270
534372236
1993243020
1631090683
1203369313
1969414879
1004245451
65038770
55251871
478649803
722004960
764217399
1481741567
977638123
486117690
2131607439
554589238
1258356013
1328507024
510836804
1078720984
2066214850
2135636975
334794153
446532206
242893614
