360746
543048
834923
1105496
1216642
1357021
1517334
1598636
1893700
2099672
2435332
2816936
3145142
3311757
3580078
3786573
4160668
4294649
4615755
4826433
5055829
5180089
5495647
5623023
5717673
5807469
5907805
6260883
6375377
6576271
6801095
7062869
7256858
7474122
7708316
7802065
7846052
7876199
8061329
8360232
8680073
8738728
8868087
9201323
9294728
9596468
9915607
10098957
10426783
10535410
10735391
11194253
11376032
11671085
11836061
12022098
12179813
12263129
12329837
12532951
12786776
12955664
13194319
13378398
13556297
13732174
13936873
14174611
14314894
14606652
14831880
15050101
15370893
15478410
15941198
15949961
16248744
16553689
16713423
16853365
17108166
17359842
17767813
17814051
18094211
18310126
18558017
18670633
18844177
19137620
19310374
19684776
19882667
20204495
20625465
20786655
20941604
21182546
21486049
21623517
21679330
21679767
22128132
22314043
22452254
22514399
22717191
22873257
23238793
23531570
23739790
24091558
24353265
24498660
24775279
24835127
24892425
25133712
25365831
25683482
25804434
26135855
26300840
26316471
26636780
26792172
26936782
27092436
27276317
27540635
27828028
28020731
28303442
28491183
28711642
28799676
28892214
29045745
29400173
29701583
30142017
30444862
30667312
30808118
30920737
31181006
31284793
31325403
31609777
31687651
31784015
31894864
32028664
32157919
32434887
32902764
33190709
33277059
33578954
33863669
34070275
34533955
34738868
35161848
35323929
35652043
35953647
35999205
36200213
36266492
36400193
36708085
36842771
37049058
37420880
37561813
37733908
37911383
38229397
38437122
38501737
38520968
38715770
38912277
39320070
39636709
39809478
39974959
40102450
40246288
40448459
40484037
40571132
40961059
41185311
41233154
41436302
41563179
41698440
41830391
41919397
42287586
42619890
42712245
42777182
42940417
43071400
43303113
43454380
43732579
43861593
44138617
44304527
44495757
44542633
44834228
45106528
45297012
45418708
45722160
45795856
45880439
45959566
46037372
46279124
46601644
46785254
47168654
47396595
47558776
47751647
48100772
48316750
48604836
48843519
49002265
49134829
49382663
49710336
49896942
50164093
50476374
50689317
50844355
51115687
51424912
51599341
51832565
52235726
52537526
52914490
53226563
53383883
53761284
54015095
54116802
54336440
54566127
54808233
54994110
55329871
55515495
55728857
55915817
56090210
56471681
56675967
56905472
57048344
57362063
57542276
57895889
58208066
58441426
58514882
58736133
59033545
59208836
59455489
59637325
59984842
60147753
60308431
60665158
60919264
61091741
61342632
61421957
61693210
61925168
61989868
62258519
62307614
62423192
62583002
62894016
63095596
63306323
63693275
63832944
64095108
64302193
64344296
64641034
64824748
65053019
65169420
65419333
65420879
65544002
65680963
65772076
65922304
66035153
66323946
66577477
66713773
67015708
67271218
67429962
67598297
67929811
68194335
68298224
68527900
68828936
69143126
69411475
69840185
70128435
70319605
70435937
70651476
70880254
71134706
71348325
71419936
71764958
71829546
71895950
72152312
72352728
72627246
73057020
73139507
73377097
73715851
73889406
74083566
74242981
74461219
74735872
74868328
75160283
75336751
75471331
75731009
76011671
76112084
76549113
76716713
76944408
77081941
77151926
77262613
77294825
77533238
77613953
77850633
78072143
78228510
78447727
78639958
78750790
78985647
79244214
79506657
79638690
79858516
80036004
80341941
80532424
80726982
80909032
80965529
81292457
81306313
81642270
81799007
81919917
82117369
82257348
82563120
82819068
83000895
83073243
83128855
83438275
83680359
83797909
84033482
84126300
84242434
84329336
84584587
84611225
84807618
85086381
85112533
85276878
85485158
85711936
85901149
86160731
86507687
86652160
86717388
86886481
86990442
87169325
87270882
87496715
87678833
87946630
88081021
88326819
88679735
89016326
89075060
89301834
89413257
89442755
89683081
89773081
90087022
90357421
90617101
90751929
91002619
91263225
91274432
91446673
91657078
91901517
91916120
91967658
92110199
92485434
92537837
92874733
93049390
93303246
93437972
93756749
94000578
94411417
94655024
94810908
95001890
95251822
95425125
95641870
95808900
96041321
96176273
96374644
96623244
96967728
97134324
97251051
97339553
97465582
97793753
98119831
98226540
98304178
98433303
98611871
98785441
99050745
99227878
99531577
99751599
99937894
100180154
100345521
100554563
100772395
100934074
101372873
101629183
101865424
102016450
102038687
102324447
102492111
102717774
102814872
102857631
103018052
103093666
103399027
103606468
103806409
103924617
104224324
104551486
104937932
105066587
105264829
105329793
105398451
105658904
105784649
105879369
106054295
106293150
106577009
106797975
107120398
107382699
107549443
107767085
108085547
108372504
108400594
108622998
108897408
109119060
109232859
109427397
109697231
109997316
110137234
110268395
110425893
110531499
110715512
110939118
111040393
111248032
111398569
111716059
111833727
112020376
112284821
112486983
112809436
112917588
113037224
113236490
113528982
113705439
114145210
114368454
114771181
114939076
114995434
115161467
115419698
115547819
115742930
115995179
116377973
116698268
117048164
117343493
117532782
117941591
118229284
118520040
118652724
118723077
118962099
119025000
119323358
119396962
119446805
119539418
119857854
120094398
120301535
120756087
120836099
120973453
121405335
121626395
121854818
122116544
122183737
122212562
122573591
122891865
123046402
123283159
123536888
123632258
123829702
123943711
124135313
124362314
124506047
124779115
124992597
125225857
125395071
125494760
125609460
125745326
125917894
126102428
126251539
126333200
126699053
126936053
127122500
127448519
127744667
127897489
128111897
128199290
128352612
128505771
128842803
129087667
129417747
129545633
129746578
129933889
130270395
130587886
130779113
131000084
131123756
131430906
131613786
131753910
132070595
132313424
132597774
132938127
133051774
133265735
133297960
133376506
133496159
133641212
133931733
134144499
134333989
134657046
134783148
135139673
135396730
135516846
135860536
136137193
136322427
136472303
136858969
137328352
137465112
137569649
137913083
138084318
138409370
138664255
138875391
139030938
139043408
139294670
139532228
139773065
140121910
140325082
140564942
140730018
141027518
141343954
141614944
141789424
142011468
142176529
142304622
142581785
142769985
142894517
143269716
143453391
143659326
143874910
143966271
144051473
144394487
144687697
144796315
145101825
145421393
145756680
145973501
146241907
146425468
146612228
146622226
146824578
147218226
147385694
147575496
147826774
148100473
148383776
148504062
148580751
148932338
148970419
149146055
149205222
149409432
149592239
149738297
149978319
150090135
150294256
150359056
150627848
150760797
150925093
151334845
151451521
151582911
151862621
151999298
152154506
152160193
152568199
152714263
152817259
153074580
153333125
153609773
153934906
154448980
154480143
154503491
154783829
155139832
155306061
155410726
155644272
155704399
155910519
155963065
156082720
156340448
156690931
156866128
157015513
157102661
157485264
157615080
157746298
157968106
158137336
158356852
158572986
158650110
158831951
158832401
159011026
159268220
159548316
159656591
160012867
160030901
160311354
160499686
160771756
160855830
161043653
161310659
161564349
161907966
161925337
162383689
162711514
162972020
163170571
163430447
163469109
163626978
163767501
164077718
164166011
164401165
164576615
164839344
165069386
165271957
165434773
165857429
166073929
166150819
166498224
166517186
166761911
166959859
167266929
167457636
167545759
167684398
167868856
167980131
168126110
168512914
168692472
168959403
169203696
169247981
169438594
169737194
169943520
170134341
170435402
170484534
170599403
170769126
171026725
171099663
171269477
171562759
171956484
172208753
172347174
172368925
172600840
172700066
172930950
173009066
173024547
173316869
173422078
173678201
173837833
173926321
174174643
174228859
174473808
174744309
174836410
175239632
175475200
175772790
175837812
176019958
176246549
176379016
176650233
176753072
177097861
177295862
177731441
177974781
177996893
178111689
178468037
178642979
178812586
179111231
179226078
179445765
179512971
179759702
179874714
180055619
180173399
180497685
180590871
180935648
181043142
181184416
181313073
181536003
181594225
181812697
182052970
182148257
182349074
182635326
182893623
183059493
183358966
183719053
183900350
184086782
184246094
184445194
184673566
184922290
185043780
185276842
185308218
185536516
185763072
185866024
186120972
186348375
186684031
186760840
186819437
187025676
187115878
187158617
187369421
187483480
187575404
187707656
187820174
187835367
188142846
188358763
188687153
188778049
189096374
189254288
189594025
189873062
189963563
190182098
190309706
190522053
190782823
190994190
191357932
191745165
191858961
192248398
192484536
192671701
192812431
192905032
192957746
193152194
193364679
193606192
193891533
194069258
194202639
194229291
194348344
194633782
194757999
195103277
195132645
195315039
195631473
195815009
196023916
196111113
196490555
196592453
196721912
196828494
197149126
197388844
197591632
198004521
198208505
198545204
198768566
199006938
199057452
199386669
199501689
199736223
199948502
200139033
200370316
200733689
200893681
201087229
201246109
201527324
201755024
201957838
202216651
202505751
202715009
202829436
203130744
203359142
203740802
204050616
204163063
204383401
204712830
204840731
205162618
205283339
205508300
205717009
205758336
205907901
206082379
206317367
206577369
206760002
207043702
207452625
207617256
207792981
207808949
207941478
208213551
208303123
208507337
208861054
209106764
209417511
209431958
209516195
209827464
210211453
210409069
210605579
210753045
211024294
211177246
211378703
211752932
212028861
212057588
212147134
212317086
212629666
212934454
212996482
213111090
213418490
213577002
214043460
214157963
214459133
214514010
214678345
214878515
214911244
215223230
215457932
215776271
215971831
216031484
216208549
216445687
216647947
216994608
217040481
217228074
217523446
217717424
217950477
218202238
218436627
218650668
218732935
219053125
219132868
219397995
219401002
219631615
219906631
220051231
220357644
220568121
220968838
221149489
221374238
221410870
221674816
222009352
222329098
222518222
222708701
222867483
222993950
223120650
223276550
223486281
223677391
223924526
224203586
224634403
224971421
225031616
225207457
225386226
225689084
225947361
226089816
226330173
226594568
226880360
227098932
227163512
227255725
227457868
227495548
227683044
227940421
228083635
228277915
228615162
228849722
229069318
229205060
229368121
229726756
229756237
229929083
230045575
230172248
230375398
230808812
231049370
231217139
231495614
231585144
231909453
232077309
232293101
232533741
232608960
232791569
233084912
233188615
233270351
233676388
233972669
234073185
234230579
234572749
234788958
235042154
235513717
235724490
236079973
236368709
236587580
236781986
237045525
237461309
237837215
238024271
238327276
238466374
238555764
238698440
238939468
239097629
239246003
239491717
239647594
239870925
240129896
240328382
240606572
240665572
240728490
241024866
241244988
241386648
241651811
241867368
242012452
242191082
242255753
242427901
242624125
242643489
242803097
243171358
243466867
243561157
243860689
244126049
244142253
244286924
244397153
244623992
244825704
245056857
245486507
245745332
245996782
246185277
246390799
246698690
247010866
247364933
247576080
247701374
247891951
248278826
248383375
248560361
248847331
249139548
249223987
249450317
249637257
249857850
250080484
250379915
250663950
250868758
251072787
251268968
251394119
251531736
251865050
251959621
252039524
252178936
252313116
252550795
252744755
252912126
253168834
253328806
253667916
253798555
253885260
254121667
254292822
254657578
254876899
254960979
255319032
255518137
255697781
255970045
256267195
256360406
256589397
256690356
256880200
257001080
257180754
257413940
257634159
257907528
258105520
258186372
258443157
258624942
258824703
259063470
259180229
259295355
259388435
259716299
259877266
260195614
260356953
260577110
260643651
260847851
261011004
261334923
261542334
261718166
262100890
262380042
262599426
262801491
263110485
263301211
263530574
263778412
264119659
264369017
264571926
264656792
264786768
265046010
265354147
265493283
265647801
265898349
266247709
266568192
266618214
266770476
266886876
266987397
267233024
267550772
267603436
267740112
267972933
268252900
268492072
268755557
268963480
269148257
269428519
269664711
269858013
270139387
270302447
270441749
270537713
270820124
270962783
271118962
271314606
271495325
271738882
271874650
272177523
272387525
272515272
272602322
272702785
272860285
273031933
273266631
273505147
273659256
273805994
273963049
274222937
274359213
274604025
274668973
274920650
275117129
275255306
275381321
275582347
275896696
275980747
276204918
276424291
276680115
276845799
277111415
277185350
277373574
277751562
277972466
278231818
278280331
278614068
278799550
278996290
279191372
279350301
279607395
279786467
280252586
280560168
280809573
281100374
281279022
281428819
281540142
281828006
282109247
282302672
282528985
282908412
283204298
283480427
283651009
283760674
284024438
284246562
284328081
284656029
284835780
285156548
285597804
285774395
286019945
286216956
286516564
286863502
287119734
287301013
287543365
287700521
287903612
288000422
288155486
288372309
288676816
288917149
289167092
289547914
289715374
289831720
289901643
290227640
290398195
290512282
290711818
290816648
290958740
291283348
291420289
291425558
291652382
291715040
291886505
292221506
292435028
292683013
292856948
292973902
293235455
293584780
293776390
293932774
294194593
294363653
294553622
294796355
295091308
295246215
295334697
295443493
295578011
295747331
296010407
296222417
296426060
296747309
297038696
297108767
297214095
297506574
297705453
297949862
298087936
298274591
298451634
298701164
298829277
299128696
299271310
299457724
299616778
300056415
300292684
300402799
300578766
300786115
300816254
301087710
301276051
301410562
301654211
301828787
302017198
302151586
302300703
302322976
302578655
302853595
302902231
302962515
303242912
303573765
303766159
303863154
303986877
303992300
304130605
304396796
304777010
304974847
305121603
305290817
305600138
305796206
305955982
306174986
306314262
306540954
306736433
306813784
306827557
306868084
307079464
307214778
307464985
307548788
307722233
307938589
308175986
308389513
308664246
308984527
309312847
309671328
309753004
309992294
310230021
310370413
310675436
310886752
311060855
311216322
311365495
311481039
311566592
311947511
312161875
312255794
312452577
312714579
312785753
312832779
313096945
313329708
313534428
313743595
313843394
314021277
314272658
314690599
314945936
314981580
315110986
315290683
315482019
315732368
315871506
315990022
316122098
316302969
316536528
316754308
316822281
316907077
317110440
317312386
317617754
317793286
318005996
318256653
318449130
318577593
318693606
318938346
319250067
319443714
319521642
319577368
319843694
319876944
319963888
320087693
320313884
320365316
320480232
320558268
320655454
320871498
321001362
321496482
321697096
321828260
322259169
322272081
322394354
322633426
322900971
323201048
323327770
323540271
323809335
323881443
323975557
324168697
324416555
324715047
325070686
325305284
325548546
325734348
325817995
325955008
326257193
326376062
326566474
326755742
326954415
327076751
327200972
327315228
327513854
327578680
327696785
327814776
327974943
328073705
328322043
328621093
328782013
329269194
329396217
329560469
329721414
330011595
330119506
330461941
330649496
330922545
331113914
331178911
331432675
331497285
331840044
332032153
332230552
332385276
332590607
332842921
332934294
333139146
333441754
333591996
333817408
333987873
334312717
334421387
334668408
334704927
334843851
335147352
335387580
335718483
336024435
336303323
336431620
336774150
336879151
337204845
337462858
337731174
337981325
338180330
338196458
338273479
338405912
338726860
338979421
339168707
339438877
339594943
339768056
339913688
339996335
340243715
340553124
340626526
340804473
340954732
341115631
341246442
341454596
341764516
341962169
342162018
342317946
342600369
342940545
343040850
343145319
343354189
343484534
343718876
343921518
343924084
344018215
344154616
344428877
344735313
344977635
345089447
345258871
345561717
345906737
345959434
346211147
346373765
346503259
346766251
346962515
346986991
347036227
347291810
347391311
347606399
347709057
348001368
348199706
348332753
348669734
349061191
349216607
349310158
349476520
349558856
349772676
349866973
350077508
350178609
350423453
350521396
350717422
350983265
351359601
351486908
351691825
351963555
352147730
352254120
352458679
352625651
352804191
352965649
353187326
353532331
353648451
353835766
353941554
354149863
354501703
354694091
354887749
355220019
355542534
355561655
355813964
356018268
356302992
356377301
356475105
356542141
356742577
356947325
357231044
357343895
357597785
357879552
357916462
358298559
358601082
358779814
358897995
359301912
359583164
359924807
360173261
360332192
360446722
360572740
360912853
361121800
361292242
361358691
361502565
361715776
362023746
362083138
362218558
362261134
362406367
362629786
362855746
363016466
363285757
363538908
363835285
364096784
364120132
364256334
364608959
365008477
365107303
365396662
365612816
365820842
366171736
366251755
366589253
366713199
366847713
367022582
367231863
367443844
367580081
367674271
367944053
367959543
368361011
368532453
368673449
368983345
369231607
369602188
369982704
370228578
370400113
370689850
370859459
371098609
371399037
371734806
371984641
372152991
372370452
372434735
372670896
372797860
372864938
372902652
373117725
373312007
373495860
373625106
373804412
374054141
374370223
374556724
374863434
375152249
375441910
375719035
375901718
376185970
376389288
376678759
376775298
376880324
377136159
377351888
377595269
377872707
377943924
378157593
378387468
378592693
378837630
379088197
379416513
379587757
379821061
380140352
380223029
380367316
380471656
380612906
380870612
381052489
381293283
381511045
381592806
381922478
382311424
382625181
382959725
383237241
383407588
383740673
383858283
384296358
384482197
384763223
384985272
385171082
385410391
385666405
385997029
386110654
386282985
386668556
386928490
387020332
387205610
387674365
387815802
388213362
388318722
388619947
388921113
389217610
389366738
389692351
389944661
390129464
390278878
390497808
390813067
390939432
391021183
391074037
391282027
391416715
391597989
391782060
391928559
391965091
392357563
392657817
392784479
392966688
393116560
393350589
393561614
393746301
393903966
393956263
394227174
394567034
394827995
395017052
395124897
395273252
395372729
395548913
395753915
396070250
396081314
396431532
396635155
396750700
396906428
397110476
397363739
397655686
397822730
398132737
398320408
398419826
398629148
399082256
399369827
399411631
399574220
400110459
400384234
400636515
400832093
401012073
401110764
401544551
401814498
402091071
402354389
402497957
402691304
402922474
403038098
403098979
403325053
403435773
403668803
403912083
404062465
404276655
404492351
404768094
404970170
405214242
405349022
405531646
405797973
405831829
406076049
406348110
406598347
406769298
406971307
407109574
407196331
407307954
407567248
407813101
407987770
408328138
408480770
408603844
408807788
408987658
409229634
409389756
409481041
409663949
409860759
410137700
410289069
410571283
410746426
411063341
411298188
411508630
411640917
411854819
412221874
412548290
412779440
413083021
413365569
413596784
413856948
414053546
414337578
414659147
414800959
414980470
415248860
415365513
415535849
415859394
416179115
416408703
416521162
416682605
416724077
416818570
416962377
417143385
417238608
417379372
417708975
417833929
418033308
418264598
418310854
418344567
418515787
418636179
418841280
418970751
419004052
419261606
419477626
419561246
419820511
419912623
419967292
420133138
420297210
420677009
420945729
421204868
421541206
421627999
421653217
421791274
421956746
422253649
422508568
422834915
422909249
423108588
423368976
423436282
423798818
424073650
424429050
424486793
424636860
424765061
424885231
425046905
425240602
425489114
425602744
425936181
426226069
426397290
426532846
426843570
426936784
427195292
427381404
427782591
427804978
427875925
428037020
428260979
428444081
428601755
428929683
429135747
429330921
429755949
430039620
430307426
430409559
430703250
430963481
430973153
431051012
431318046
431330483
431711140
431854081
431981049
431994329
432018512
432221861
432358375
432666126
432799944
433075406
433205759
433402629
433611710
433662883
433879607
434115561
434294527
434532758
434679832
434842006
435056124
435359992
435514804
435770406
436025106
436341137
436588541
436774400
436975717
437271062
437499240
437580922
437907873
438057662
438152469
438588011
438821081
439122122
439308259
439464740
439642128
439977728
440143758
440301660
440701624
440866692
441091049
441202829
441316977
441593428
441651468
442044171
442109154
442223217
442528491
442759276
442906966
443029680
443203562
443553137
443761680
443942442
444121124
444306047
444531342
444713160
444925135
445409794
445485332
445576268
445786232
446023131
446313552
446676663
446952970
447096031
447189991
447492711
447833951
448007619
448255888
448488752
448855830
449068165
449185091
449353055
449709485
450002879
450284809
450598224
450818672
451015980
451248104
451511675
451567158
451875788
451916537
451944688
452166556
452303670
452458204
452567739
452769381
452913168
453330134
453558798
453714878
453937337
454129643
454245796
454295326
454492955
454707636
454831816
454949198
455258870
455485683
455555328
455815459
455910268
455980631
456326386
456436118
456741779
457057139
457262201
457503063
457766306
457877742
458130201
458352096
458521104
458682023
458730243
458862575
459054614
459128211
459175871
459371670
459583453
459930693
460053275
460420981
460488953
460645191
460827242
461156803
461243338
461440493
461673973
462108854
462207232
462327476
462393831
462621997
462708461
463101185
463180526
463409530
463625546
463840669
463967295
464047313
464308931
464720652
465052529
465213725
465491621
465678153
465886114
466126149
466403982
466508803
466734759
466910666
467054992
467231130
467347550
467694125
468079042
468232639
468423084
468543425
468775864
468951051
469199439
469337657
469603282
469623291
469876972
470133164
470408904
470681333
470810984
470996973
471274856
471299274
471601264
471745137
471913520
472172495
472376381
472567499
472928763
473080119
473093489
473393988
473531864
473712941
473954418
474304281
474569363
474767037
475151897
475287377
475501292
475648704
475714908
476061827
476067522
476311192
476508328
476627290
476639658
476785314
476787325
476903109
476964802
477213246
477408781
477537579
477774980
477944626
478191808
478376194
478621446
478789688
478887723
478989306
479216938
479272935
479624965
479806914
480118562
480249985
480378705
480569451
480844644
481050471
481380942
481417589
481655657
481743661
482025921
482316616
482523606
482710937
482801773
483029850
483304443
483404366
483622484
483924663
484122129
484375665
484600708
484615690
484669657
484854787
484905334
485057256
485205627
485419099
485735261
486064950
486416323
486606394
486784741
487025924
487246269
487525852
487801651
488025992
488416825
488645938
488834226
489209585
489434637
489656815
489728737
489953610
490029644
490280018
490759145
490985105
491182489
491380807
491598951
491830541
492180989
492249594
492358390
492434049
492678908
493015404
493149673
493492440
493967703
494110383
494448051
494631035
494858478
495233756
495418844
495785983
496207361
496400146
496510970
496771768
496835160
497073451
497362411
497725223
497960862
498174202
498400096
498613920
498787932
499043431
499194058
499466071
499489865
499586296
499688288
499886322
500096422
500189843
500523733
500935639
501113365
501298912
501518925
501674907
501908233
502195550
502381992
502460056
502599949
502977068
503139835
503338674
503533258
503696420
504051767
504232589
504547026
504743302
504891877
505081330
505280558
505497888
505749771
505810615
506177217
506308815
506765539
506947542
507059420
507352355
507679718
507717042
507933015
508230542
508388164
508419107
508659848
508869251
509089376
509325185
509416246
509619912
509695500
509978458
510157888
510358948
510654707
510808228
511098571
511104599
511304275
511648877
511887810
512208084
512445339
512605858
512878902
513113463
513325029
513583940
513869072
513957095
514346105
514479021
514752572
514941380
515247849
515497680
515659292
515839690
516173445
516474772
516641565
516852171
517147021
517315200
517462333
517638700
517736960
517946453
518156685
518274089
518519461
518711918
518931043
519147506
519348982
519412916
519791140
519969549
520108601
520449158
520572870
520800138
520947916
521293601
521528713
521909337
522227929
522625985
522941353
523056446
523157694
523310918
523520296
523671192
523994111
524143211
524592339
524939879
525062178
525118274
525227024
525413759
525629777
525906781
526148116
526295815
526601858
526766141
527058401
527309534
527478158
527702074
527922738
528120933
528453964
528694912
528843703
529169669
529529496
529899467
530156576
530271291
530462718
530726409
531093280
531273044
531427075
531652123
531801901
532078467
532237456
532423748
532554347
532827268
532969322
533344366
533395213
533537413
533700529
534022367
534319916
534710473
535181378
535443694
535631829
535808989
535993325
536230134
536365647
536548105
536622834
536848153
536917291
537158264
537299380
537498367
537601944
537848844
538100015
538132513
538154581
538261251
538415597
538582489
538934138
539253242
539449394
539660227
539873179
540256969
540399241
540498967
540808289
540877033
541127746
541511667
541675749
541874572
542081229
542277706
542387478
542585777
542694887
542856730
543094364
543318334
543497576
543779540
543855267
543980307
544231250
544266929
544406414
544482713
544547834
544700433
545112295
545348540
545605566
545824023
546029939
546220024
546517955
546571795
546667582
547081878
547371729
547718046
547978581
548209050
548314671
548491425
548816569
549068916
549331849
549464289
549769614
550004766
550026084
550089352
550447431
550579422
550837114
550947344
551189391
551295290
551598442
551925877
552103063
552214340
552425820
552750533
552972476
553258126
553419432
553548661
553845936
554113060
554227627
554375915
554769573
555134130
555214337
555382738
555560391
555752050
555880821
555956018
556141356
556678937
556849483
557110352
557357647
557587122
557632576
557853107
558232600
558506680
558752878
558907344
559298881
559557530
559887964
560211356
560400241
560516631
560727519
561048294
561271801
561438235
561858560
562005160
562325797
562643405
562859177
563103318
563277249
563685060
563861276
563946255
564140917
564376936
564530654
564682390
564933510
565176590
565354184
565729577
565808217
566054475
566215775
566496515
566914004
567170438
567427449
567559411
567582794
567782424
568347879
568584944
568706640
569124649
569208632
569406662
569540893
569743160
569902813
570130383
570324680
570548440
571006077
571119369
571389063
571602204
571799649
572043194
572357156
572439696
572485067
572565160
572576124
572744770
572872161
573068238
573506416
573845422
574044765
574303557
574412347
574693941
574829061
575120341
575430357
575614639
575862895
575868665
576167937
576323542
576444007
576688313
576867446
576982248
577270454
577444331
577649600
577850142
577975254
578165835
578457732
578666161
578762709
578999376
579168504
579341690
579566699
579690263
579945444
580197021
580332300
580650576
580884944
581135816
581452640
581519909
581886038
582145754
582197260
582423810
582532746
582824500
583057620
583282926
583747439
583880546
584080576
584122353
584360912
584525290
584645359
584722407
585109264
585342971
585587859
585798573
586067000
586105259
586261714
586604861
586671543
586874527
587001809
587157015
587264344
587336886
587595409
587640508
587808916
587933635
588033703
588361401
588672034
588771263
588834942
589117029
589223472
589500654
589920767
590158196
590265356
590380782
590671002
590928465
591152755
591454522
591559576
591853794
592205505
592304369
592781962
593076319
593246004
593471976
593553457
593820428
594006418
594286937
594615114
594803662
594841691
594954862
595218285
595340380
595557425
595715263
595909286
595964738
596181062
596310656
596416567
596855495
596873966
597084977
597287145
597549924
597870504
598079161
598115430
598326201
598494177
598768258
598968950
599362894
599703575
599880796
600287216
600497345
600678033
600940750
601044111
601318901
601551745
601870609
602264147
602405491
602587326
602651652
602868168
603240786
603401656
603527745
603750893
603888644
603926403
604183470
604503245
604593414
604910043
605092199
605301474
605470915
605621956
605710329
605836391
606046696
606174728
606513757
606898884
607224987
607639190
607797028
607925096
607987380
608197794
608475064
608700885
608706688
608851830
609147136
609332666
609366667
609673007
609761241
610082167
610281991
610440779
610629273
610697597
610956611
611220024
611395209
611514697
611733802
612016826
612108199
612353671
612657407
612796426
612909620
612985149
613242973
613557369
613791603
613894778
614176049
614530008
614789719
614977147
615109915
615305343
615543668
615841230
616107945
616325282
616333665
616560472
616869329
617143953
617459637
617748858
617971965
618115458
618535909
618589263
618802109
618895367
619187430
619439716
619509969
619738605
619903173
620066399
620194992
620540471
620824061
621154675
621318054
621410506
621474576
621625046
621688859
621883861
622262339
622366685
622645931
622977376
623274033
623577045
623832444
624004085
624264062
624295080
624537382
624687882
624953429
625217754
625264811
625392051
625683605
626047262
626407973
626621785
626960758
627138442
627366752
627504499
627587326
627695737
627926805
628292001
628579263
628860636
629040534
629206970
629387195
629687692
629949095
630409463
630681467
631001274
631210060
631324956
631571820
631740566
632062630
632245864
632455798
632665062
633011522
633206408
633394355
633565525
633746881
634077291
634375415
634637118
634802574
635034955
635418957
635584497
635746607
635835292
636064528
636095977
636448993
636586424
636719130
637022240
637203477
637488687
637725945
637739530
637926541
638236059
638452655
638559321
638809685
639052423
639346854
639494750
639758944
640085219
640250248
640456271
640547244
640948478
641121607
641368874
641502134
641714252
642016108
642171178
642365788
642604846
642938462
643199339
643338648
643447485
643552255
643799019
643989959
644121770
644513246
644751054
645037175
645344256
645459569
645641779
645664669
645879142
646070879
646297191
646413884
646503616
646649643
646849655
647031979
647213795
647298005
647551011
647864871
648024331
648263284
648478974
648692725
648815326
649131828
649285358
649509994
649596098
649745137
649786315
650125286
650403020
650612358
650828714
651095591
651557917
651721945
652066245
652325460
652337719
652595811
652825377
653037411
653229627
653432325
653657335
653795214
654180806
654497276
654705447
654914593
655018069
655221172
655229995
655339971
655623722
655811893
655934081
656198170
656278951
656635042
656994667
657323238
657465536
657548776
657832281
658018554
658141239
658195660
658363804
658681477
658864926
659139875
659404098
659667618
659997807
660268663
660614334
660670475
660922016
661211853
661433545
661703010
661905979
662045430
662167218
662331394
662473061
662581614
662864081
663085409
663108061
663345430
663709503
663862557
664300154
664410103
664605453
664831775
665030018
665274740
665441499
665734608
665762753
665866980
665928380
665997877
666228116
666500869
666533524
666677079
666779725
666887936
667012983
667068438
667256024
667441199
667541744
667641135
667852690
668100041
668301748
668447137
668565846
668653229
668726744
668842311
669034639
669255987
669386737
669635806
669751810
670032844
670210187
670322784
670598035
670684700
670946850
671168519
671380678
671592066
671748721
671878487
672001334
672163102
672368330
672509075
672723437
672950316
673221257
673372035
673754200
673799514
673939478
674097665
674386350
674553394
674739129
675037135
675066002
675148408
675346348
675612820
675804095
675994907
676269737
676426000
676586155
676651474
676829456
677078094
677293455
677316727
677613580
677749589
678226428
678343647
678555567
678639256
678656491
678920974
679026364
679034638
679196497
679397069
679549718
679866658
680251172
680462208
680594575
680957859
681135703
681421891
681493878
681651476
682008037
682190412
682386922
682548986
682733873
682851403
683127053
683370455
683563516
683726346
684013767
684098645
684309269
684551082
684875860
684979807
685011644
685220267
685324291
685427213
685585708
685887177
686105734
686429094
686722668
687027569
687130480
687474389
687625679
687796913
688076525
688270590
688481717
688705628
688990144
689167237
689364643
689590182
689769349
689923611
690052969
690164295
690375093
690422569
690498182
690755187
690884508
691112592
691431879
691640641
692039540
692190796
692422581
692666735
692706607
692740847
692939736
693273217
693329848
693433958
693728344
693911868
694286259
694470882
694729872
694891104
695141325
695249335
695490476
695579354
695645199
695880307
696241870
696464351
696510507
696687147
696985025
697186470
697557105
697930307
698295393
698496711
698633176
698772903
698962341
699165324
699300567
699551425
699689664
699855530
700127627
700248112
700440673
700711642
700949270
701247406
701263821
701348275
701523919
701825927
702248857
702397220
702779932
702971522
703233825
703467062
703806052
703916983
704209890
704407176
704746323
704893363
704941435
705216190
705369763
705593104
705761815
705874243
706021564
706103732
706372325
706472944
706745746
706987576
707118485
707288554
707321596
707451630
707653422
707801693
708100975
708353139
708480655
708625722
708640334
708820528
709068544
709271039
709340089
709431274
709677200
709771243
710065589
710433079
710736435
710905325
711022286
711161514
711599222
711677409
711934786
712243786
712464013
712724023
712966805
713330076
713639008
713694077
713821362
714010454
714293911
714566074
714751173
714993103
715263815
715679955
715948819
716115686
716338477
716724585
717150177
717310465
717534737
717787494
717956875
718102858
718462112
718672747
718884744
719153220
719304851
719359872
719537416
719760514
720019817
720361326
720596623
720745565
720897560
720929775
721058323
721094192
721412928
721549523
721791440
721995640
722132940
722190935
722472127
722748023
722895685
723057967
723144280
723358805
723539730
723677456
723848214
724322250
724569324
724769905
725013051
725160612
725328779
725462866
725709602
725889083
726258154
726468449
726737990
726879505
727163918
727473969
727510996
727703460
727820827
727917105
728124115
728239117
728543245
728801754
729138819
729418711
729662032
729873716
730060432
730472363
730589788
730887538
731231282
731508330
731793419
731899100
732018584
732163059
732385622
732597003
732707323
732977895
733202768
733430614
733726279
733885218
734088136
734404101
734504498
734921018
735033208
735331226
735676641
735972066
736151277
736360074
736547110
736791774
737063640
737068255
737377682
737540413
737743296
737943948
738114378
738357069
738613008
738899314
739086137
739306461
739376116
739680806
739802817
739943107
740232762
740441447
740708364
740946395
741017200
741173790
741274092
741511349
741626313
741732046
742016427
742164896
742234777
742401464
742794725
742897025
743272927
743431887
743508336
743768296
744084947
744233214
744337968
744721787
744786867
744954666
745143767
745419142
745553611
745775409
746041217
746428191
746739688
747164855
747411226
747771713
747908204
748204500
748205934
748321315
748440832
748529969
748780668
748900062
749216058
749300946
749518576
749723657
749837305
750071130
750252512
750456774
750696498
751007273
751112418
751447286
751703026
751858343
752136423
752319585
752535831
752916917
753064262
753384348
753543615
753718871
754050003
754181668
754272630
754338107
754476556
754823399
755171722
755276005
755488743
755917094
756152383
756375591
756825600
757159049
757300807
757569564
757672421
757891328
758024935
758104896
758189083
758432091
758469039
758606312
758837748
758949642
759163901
759475700
759740432
759956599
760123175
760359272
760702508
760726733
760891376
760913831
761049521
761125305
761246414
761310764
761504929
761559472
761749443
761796894
761890970
762001415
762461157
762721646
763222854
763354773
763781638
763926444
764120298
764325915
764603967
764869656
764928550
765149551
765413724
765655164
765836612
766153097
766455130
766498423
766745982
767003696
767080052
767295599
767460920
767751760
768069362
768297070
768431150
768628496
768869692
769140809
769384392
769623912
769887563
770139337
770345799
770584697
770732497
770958867
771139906
771344151
771442671
771669389
771857821
771975122
771987157
772167469
772322318
772483892
772554673
772747217
772929183
773136772
773404906
773487551
773611303
773821300
774143098
774352242
774617384
774774470
775002584
775070461
775269428
775602753
775808430
775826100
775861412
775930953
776103771
776405415
776594755
776814167
777138997
777276647
777557878
777792933
778015535
778351117
778373578
778502565
778857504
779150342
779397269
779644031
779972779
780063791
780370590
780631046
780763752
781057583
781176749
781367568
781373657
781484479
781757894
782104951
782147498
782206246
782248683
782603405
782694037
782891810
782974325
783147728
783212936
783546771
783667423
783924334
784144223
784263027
784374338
784536314
784704588
784902598
784989160
785184846
785453984
785771071
785781423
785958438
786293794
786531364
786604682
786912606
787096802
787252764
787549065
787613173
787766177
788074704
788350155
788747876
788838786
789262492
789449678
789737763
790160806
790346568
790657534
790955146
791179311
791503052
791722480
792084925
792286684
792652833
792751275
793022389
793216993
793315727
793705577
793870289
794063369
794184901
794386204
794479197
794773663
795082391
795276919
795373232
795689462
795756491
796043268
796262550
796390830
796413895
796712665
796949616
797006193
797119340
797231262
797444296
797579502
797826365
797958143
798087299
798322127
798496661
798675770
798981476
799230341
799424196
799570625
799699240
799795419
799968369
800175856
800508804
800635597
800820460
800988923
801213104
801455517
801606461
801904162
801961181
802210733
802355543
802466846
802622498
802907936
803044804
803310569
803612624
803701436
803897418
804102715
804339369
804569414
804812549
805167996
805297097
805653393
806074894
806222282
806451625
806706560
806959419
807100199
807427416
807602471
807919418
807997210
808219753
808546817
808794625
808986632
809296253
809562250
809832397
810413490
810611964
810881129
811274309
811770228
811989960
812196915
812512270
812666411
812896203
813146402
813415792
813473195
813750164
813859138
814272980
814535253
814647022
814834076
815025402
815278619
815506679
815768074
816081970
816213615
816242901
816455749
816780930
816972503
817383057
817528623
817645020
817979462
818290696
818496480
818833540
819220001
819554751
819664464
819978672
820322487
820488920
820845274
820940098
821083870
821445537
821627686
821923204
822116812
822419580
822733497
822860176
823193050
823269580
823550288
823680594
823875393
824039287
824249731
824589577
824783893
824927507
825178798
825547773
825612255
825853543
826021127
826152657
826275518
826525240
826675765
827061995
827203560
827448067
827723537
828042763
828132010
828384007
828785733
828979655
829094482
829229917
829533388
829792094
829938813
830157474
830307603
830567025
830744625
830888953
831106545
831510775
831651815
831861544
831989516
832258088
832491157
832830495
832903876
833013939
833129915
833388821
833636670
833929695
834220828
834336957
834559578
834809173
835080728
835362193
835519176
835615500
835784313
835817778
836055593
836220726
836380306
836570952
836852319
836981553
837309572
837582976
837761183
837993833
838114930
838303491
838614353
838729585
838901433
839080392
839367224
839666377
839742977
839914790
839997064
840094879
840121288
840326699
840416331
840532608
840886807
841082327
841248199
841570590
841651470
841826282
841932871
842057144
842163726
842626301
842681533
842962375
843051878
843328117
843394925
843459086
843703820
843954270
844195341
844491892
844649478
844823676
845096458
845241356
845441661
845580285
845921809
846192009
846360743
846505846
846736005
847004676
847269466
847511452
847619989
847853022
848035669
848242045
848324622
848570725
848847934
849055387
849408910
849731759
850008517
850244456
850587663
850799004
851029213
851385649
851537408
851682612
852012240
852260599
852360330
852596482
852878003
852899268
853140373
853499288
853772612
853959352
854134033
854248294
854284257
854355071
854578792
854758207
854864684
855140984
855530843
855670687
856020945
856220487
856397237
856514829
856638297
856823182
857103141
857360100
857601568
858087142
858413836
858694705
858901530
859145426
859369840
859662564
859961151
859985018
860331042
860412042
860596794
860751815
860878259
861203024
861439001
861721411
861811151
861978395
862034512
862038425
862321255
862607201
862849257
863252283
863532304
863795724
864115174
864262025
864643839
864783518
865008365
865199256
865541515
865666723
865862124
865933192
866095884
866377848
866570370
866914176
867038535
867276283
867557642
867786074
868078712
868277263
868373547
868554354
868819475
869043143
869248740
869490258
869629907
869844598
870165905
870453929
870724284
870897731
871156938
871374925
871518341
871714928
871868433
872198113
872422872
872554572
872708520
872809336
872958203
873276685
873474519
873674467
873851790
874022239
874312581
874317948
874392909
874512131
874677959
874871065
875225528
875457548
875844080
876088312
876319516
876329395
876436212
876710801
876750315
876898315
877029205
877089775
877198586
877517591
877772695
878104160
878223615
878377800
878465496
878666527
879010339
879356916
879666167
879802476
880090181
880289592
880456359
880710777
880878918
880982129
881107670
881239089
881377602
881588713
881746431
881794436
881899810
882236579
882316662
882583450
882906449
883075916
883165891
883387170
883538213
883734158
884109762
884223335
884487141
884704697
884939796
885183222
885196186
885430601
885622309
885771624
885941514
886194576
886556700
886853737
886967792
887280979
887599394
887858327
887951989
888212496
888406698
888517723
888593809
888812198
889096114
889129961
889218787
889434986
889727457
889986009
890171751
890283018
890586817
890801284
891045103
891427656
891694198
891936099
892024229
892277056
892522967
892722704
892780552
893058225
893223104
893478108
893725288
894021192
894228936
894712984
894937562
895293592
895472717
895658184
895855831
896027693
896256217
896380342
896579191
896773110
897065669
897308548
897385377
897673470
897888282
898170700
898360607
898498121
898703787
898880980
899024428
899239146
899439181
899710140
899888692
900110026
900168095
900358929
900552719
900619327
900859547
900977762
901313688
901450241
901784536
901873673
901894358
902291884
902494370
902614284
902786031
903097754
903393007
903640813
903918571
904229965
904379212
904540891
905006421
905199704
905552960
905698285
905901729
906017894
906087919
906116273
906498962
906780113
906998642
907460527
907719215
907901336
907924555
907957941
908042658
908045715
908317044
908519941
908716520
909110049
909319682
909399492
909541721
909640266
909665221
909900107
910026716
910299344
910689623
910902787
911049767
911256364
911414861
911706050
911784264
911838525
911947168
912261635
912404316
912834759
913035943
913473162
913624266
914037861
914169836
914545493
914831251
915074345
915207105
915423394
915557655
915777537
915950668
916068575
916174529
916402361
916673978
916962844
917106121
917263840
917442618
917502464
917739372
917922080
918302075
918585603
918710310
918851903
919077544
919249747
919339775
919788889
919910608
920175374
920544091
920801141
921136310
921400947
921577001
921802524
922069496
922120100
922398510
922559828
922882200
923100578
923376018
923571191
923779632
924025847
924275709
924500128
924728166
924944051
925256280
925555850
925822479
925937303
926236899
926332587
926644928
926897850
927202975
927273188
927519426
927803138
928130519
928201936
928400225
928525086
928637073
928692929
928965962
929127385
929249674
929346311
929518861
929712593
929757358
930149215
930321586
930676763
930708007
930810500
931097121
931274442
931401316
931559753
931622443
931836891
932064066
932297422
932538823
932757585
933022016
933168613
933381700
933633879
933650076
933816694
933871031
934007717
934271494
934718151
934871974
935105258
935334560
935574268
935772497
935969645
936270944
936498648
936632655
936665900
936962318
937352984
937625010
937876741
938068585
938384855
938531256
938847347
939014213
939369268
939618248
939873308
939992407
940183107
940278288
940504717
940815725
940945438
941243795
941467969
941627940
941947916
942010592
942164328
942339529
942537358
942650115
942974183
943146352
943331681
943422713
943865928
944240423
944463826
944538757
944778601
945024920
945281372
945481948
945824203
946003758
946198589
946349196
946672222
946832241
946966310
947154780
947384860
947541018
947819952
948009507
948146864
948517504
948789005
948990573
949238664
949408226
949686502
949917433
950308573
950480675
950770190
950871459
951079103
951460619
951895718
952123218
952393334
952610626
952937593
953097252
953167298
953288545
953614985
953766759
953812892
954004832
954254671
954486056
954691667
954880257
955050105
955226451
955508583
955572482
955784049
955800479
956046356
956066251
956241804
956443365
956707261
956838395
957064260
957401499
957725829
957940398
958180484
958486291
958722170
958756142
959097573
959156422
959201684
959447076
959670944
959793496
960020679
960060086
960395734
960467382
960692180
960886146
961015562
961238116
961294676
961543887
961707051
961892651
962070275
962309483
962374085
962654769
962898569
963151887
963394647
963621274
963790964
964170429
964390342
964589302
964837406
965094086
965295342
965390916
965568226
965825943
966127929
966333445
966650057
966857430
967003195
967097350
967331179
967474767
967574728
967638502
967735429
968098620
968238350
968461241
968521390
968623654
968843417
969107056
969319819
969639112
969967485
970299066
970619840
970810709
971064776
971273977
971557607
971599096
971852555
972148165
972237423
972358102
972723351
972916369
973149769
973601752
973786515
974021549
974154295
974393553
974483189
974627919
974802268
974938212
975126003
975304724
975409324
975758749
976075843
976181835
976469146
976816297
977135582
977300794
977557360
977881244
978141154
978303832
978516513
978589690
978702580
978889762
979123573
979354749
979674456
979759570
979883256
980135542
980448661
980595621
980840211
981185658
981596618
981827640
981927815
982279276
982549616
982653437
982769805
982822471
983096004
983308457
983435334
983605532
983765271
983918248
983990911
984216368
984226406
984496937
984663903
984925112
985168491
985469087
985713035
985869060
986226906
986399450
986756218
986927552
987190426
987612638
987891081
987996718
988238090
988418728
988784079
988863598
989066631
989234166
989430131
989705475
989974822
990143211
990213476
990471101
990755830
990918415
991128963
991357481
991500947
991884288
991947060
992371051
992592180
992605668
993011633
993159570
993257279
993367089
993501574
993690543
993929616
994055788
994210763
994431537
994621369
994726953
994825165
995107197
995266539
995352422
995567793
995764227
995947657
996113369
996390614
996585323
996755717
996799996
996926349
997199228
997431316
997613478
997952342
998174903
998512872
998665764
998822512
999150825
999381196
999507480
999713228
999867476
999996507
1000280147
1000320840
1000472154
1000652671
1000858673
1001180770
1001341252
1001626621
1001824870
1002042327
1002158783
1002351516
1002628891
1002785656
1002984260
1003245276
1003392975
1003617052
1003683996
1003850542
1004243354
1004347740
1004617281
1004850427
1004997380
1005110084
1005186075
1005422621
1005532677
1005643476
1005824869
1005898764
1006018743
1006320365
1006581246
1006941030
1007052579
1007360240
1007548449
1007808584
1008107149
1008258128
1008446830
1008529954
1008940497
1009123786
1009266284
1009522646
1009644129
1009801277
1009811753
1010167059
1010570118
1010839690
1010974389
1011294890
1011550019
1011775547
1012094537
1012394732
1012555107
1012828650
1012939784
1013096249
1013178770
1013408209
1013658215
1013959574
1014145973
1014315608
1014512494
1014773748
1015112950
1015230123
1015386738
1015634234
1015710297
1015840762
1015976535
1016167823
1016418564
1016590920
1016783805
1017035077
1017259400
1017368112
1017545447
1017687079
1017912346
1018103910
1018249967
1018590908
1018948091
1019149437
1019368272
1019587322
1019937122
1020050283
1020238338
1020499115
1020684716
1020714198
1020892637
1021123509
1021303468
1021590778
1021725432
1022020248
1022278412
1022391901
1022617568
1022875735
1023183953
1023270589
1023383979
1023486717
1023751671
1023823200
1023948846
1024210002
1024444895
1024693707
1024991189
1025234924
1025424588
1025684701
1025805706
1026076323
1026255483
1026390763
1026530504
1026679285
1026965499
1027234844
1027475582
1027675779
1027799841
1027857621
1028052055
1028376984
1028464427
1028840647
1028952900
1029032431
1029189499
1029426690
1029442063
1029714522
1029752820
1029863423
1030302564
1030441396
1030769106
1031001924
1031221587
1031605039
1031765368
