1583207571
2145735101
799784502
1137574768
1538882336
872122159
1698303770
401069222
1466305381
1583092089
494572760
548841450
1909317984
762517502
285983838
2137012104
254079093
1873200661
500238720
855206756
1545175676
517657010
1772607838
2088450223
1771083249
509444787
421021921
1258521413
1505013071
1947313353
1161906532
289176231
486080886
2134208001
887147887
2108853392
1486891336
819790830
718944158
1711843126
1492412500
750250357
488740256
570172702
1355871914
2124627765
932727131
1789222044
2038346702
1199530128
1330635309
32992486
1448859335
543033179
1576142926
366052052
242044247
1996931102
1188592721
43872055
1810996292
1017256200
768494793
1192954067
41431765
1538823538
1923318792
993358842
872235865
741937166
1053732867
1043794374
1949913824
1804260780
1198245457
1057110258
936694285
1852465832
1679689298
1589729877
1587753219
789859572
315792236
962925309
428736637
179340478
54255985
250117604
2106577402
1168684477
1731808541
1850472274
640133397
37171997
1029577403
1797981134
1848176626
2074638341
277415142
912223426
1658388693
35645121
354510189
1223380138
1644852941
382800017
2117222992
671442168
1501009805
1244229645
1482811623
356431752
1461733466
1224417331
1858918690
1273888187
352657440
838318607
1479860971
83703602
627067040
2052268806
1843492776
2105485865
1888878788
1641592254
1595691484
1186353005
1453437460
1354354605
1552266477
1830044667
266447680
847473981
1605216000
1993374263
603107805
43589273
1234413312
598115526
300793133
971915031
67403966
2042098952
518867991
538638658
1315307827
1695770421
1264904245
1375289730
410676448
396490259
2091681804
240030058
2032253526
1607856209
390767191
1615449503
1111274194
1091127684
723707004
1953063008
95828736
1051189435
299671072
1431581365
209266144
1118394048
1353913302
1408290360
1121784774
1780469230
1519586034
993038714
351993723
1667009962
285999228
1899594004
8534913
369173375
1196465472
1131929420
53526900
1843608538
1902713091
306795616
1226691980
395512927
1140022992
235278706
2058625087
70765029
2037900399
1858664463
1873313796
2012431381
1855407863
1629384797
1686959409
1236623514
893640315
1951545313
670247430
1056559109
1509661408
1041175275
948451522
1962276417
128555983
1057483423
1867215347
283287725
1016862149
605061536
1646003404
837600219
1274164807
1459915098
2138409902
1787960037
875485491
1841201644
1920048841
1751261799
408420658
1741450929
1579462364
233408796
710419786
69667178
189696536
2056638488
173376912
1066450441
1463487778
155219103
1350883579
621566236
1286971960
1668062625
1623180883
1890579156
1345998955
850912979
368884295
815218866
288963850
1127121771
1187826846
1887508429
1735237919
1908183672
1818068614
1565952450
1796691219
1702502107
373783561
51815992
964047980
1185735910
600820381
1342737166
509131703
447911823
2119282394
742788388
1946378881
708312912
560366406
1733026755
1112298367
1657597087
1731566156
987816106
211764429
464164869
792364364
301227702
1188516435
1593944542
451377867
1403826477
110681156
117359532
653438411
1096875431
1345555392
1267205399
754485302
642157209
724877210
287549061
1015667316
2010131583
903136051
1646224210
1406939676
784276389
1936544133
1385303468
943958470
357506195
1867384380
2043430414
1619043327
324830483
581664510
367194199
2078344022
1551976416
1546653388
2144182406
1079742867
1317982445
906036608
1371330837
1078290439
857545806
435793270
24089839
2032945919
1774457287
1401766215
1259157262
232655442
1620758256
89340849
1845533109
1423186202
375990785
1372947346
371365703
188460671
3299136
300815891
2077099715
2126897583
1862548228
1056567522
182240733
1517310698
31822436
1451302551
850201273
598610873
452312194
63956792
835180358
1591844926
1895009901
8079064
171247669
924048295
1947024311
1460333658
899094933
1784750524
1152515477
1562714707
1232100109
1507106712
633258668
817701901
2115300789
2038121845
1131008382
1141538984
1768457617
2004534176
174450544
1318604380
1195149482
1410213003
1970536055
1889865689
596821451
261142017
1269007199
494423503
1221762261
408490868
1366517432
1063323274
281154239
1127302002
2139296349
81802677
1483860782
1809185334
690548130
1278531135
1289978285
641086299
615823897
489873498
1503706249
1179481260
1895740161
522511776
2003440460
2122722326
2093545804
1234177360
1294222036
146193087
1124562508
1697403575
535750927
186834735
1408958201
39782314
1650909781
1385451692
2026840545
706985263
975888993
532184485
1253484972
1437586492
325477101
1302232900
1710849611
576657559
336503274
1485796390
765931197
1052501980
222234969
1890358311
541855102
1356564125
2086533833
1709272918
1438345612
1978623396
1963497581
133032456
1482690071
955660627
1339278809
1823647752
1781322436
1057219885
2052733529
564377836
282699422
1355111789
2121473774
1047558018
859185050
47562964
510284262
1403825770
10565829
323751040
1246431767
800469949
1959168268
784133112
543110071
659770859
524016807
1608664900
76644571
565793699
85900067
1666339129
486918026
1441798379
1090520076
1179252691
1704650622
1627249487
65301555
1890236602
566432118
1645248310
1132676513
1963588583
1205004859
1326714960
987339800
1982871136
943039277
2113115947
423514178
969422623
226214536
1681946085
1241807737
946020369
1234957625
424517116
100927026
1635495226
1285088343
1896812865
1303706375
1592495093
649373760
1566785515
344506463
1215276121
67769169
653456840
762643131
1367627448
40742465
1336780942
936819104
271634241
410771482
1379080528
932204829
1382592965
1129798613
1213750028
707568120
1000177559
661818770
1451585633
360776313
1091385740
963666289
1661588062
1835227602
1601298465
1649696272
1792627317
36552745
537760700
58698913
227010958
1469568324
667498251
452479142
1072834104
2072418256
223843721
1087451468
1491667962
1366697806
690827295
1994266210
814962120
1840085659
1404891623
298490612
925052305
1512224026
1307324171
1574233992
1360956149
242705536
422866892
1668081140
1474923284
123638075
781167007
745873626
799355778
1286810496
1832102001
259514562
1693069910
254017264
1181452812
2054340818
1418612065
1464006374
514477457
2089063724
1855738492
1922571615
996120869
1617763556
387021563
1421172358
1229453225
520853917
1878021182
550419164
1510207649
411109055
535322469
1823158785
1976925238
99371606
1750252067
1518161953
1972991318
411195786
2142716588
1089923070
2039139321
2057956023
680708296
1180312469
221731199
1549922088
231603722
1694676336
1953126709
791916149
274593561
8688776
1842259703
48561526
1459761197
1185565908
1724581359
2024581859
522266262
2113113714
45928827
510843786
998488438
1414874481
1381603885
810070059
1681957775
1602692153
616976620
794701555
1974239287
2025794199
989512247
15927956
129494376
1190810473
2037531530
615416061
585923828
1165636322
538350809
705964987
1431455445
1787948923
1524635705
2081373164
185798307
1507434359
787915166
359349211
1775046174
50705680
1246773439
690556989
1230411499
1016120131
2063566614
126915335
1515511132
1103136053
498658307
1347076586
630939240
2062791233
2024739088
810949228
1810789050
1144309919
1793050703
400973220
1536868580
1902549170
1281875680
1910150546
830234804
1939995374
680643983
1611126297
1084989855
623426147
909349274
1522848665
741508698
1867013611
414322576
243927341
806168456
273160684
2143584852
163301502
1399345038
27776203
1274583105
1383017794
1622458754
757778414
1377828968
2110819925
903527745
939976555
1918519796
1214359154
1187017375
1874516562
1014634415
959401614
932132282
2115956115
825411997
1174553553
1708025447
786566030
2112609990
286004017
1151868110
510288438
1651077393
1095296173
10145042
1235354080
1338854732
257982500
714880040
976379566
1844070729
1289520591
1566900169
263601810
2124126754
1756329057
643941250
857226753
1626082460
2045228730
1706880233
642561335
326443433
967021378
389974250
444098592
2090610951
462321384
997837887
1174538986
676582407
100513207
722301182
161695013
803863144
1741323026
1941642060
1206812051
1028598626
1273512844
1105925935
1216960658
1313445054
1158863462
66380162
70284067
89041442
1818522790
878317057
1595376790
1466447467
1003758544
203963524
83996884
615899443
723941956
403697481
404780360
1240091250
2120080180
210318442
100940395
1152581184
500535359
347878509
458241004
1164747448
1233804975
1005770746
538171768
704176632
205846092
1396299431
373744171
773960262
67515355
531276015
1586056339
768458317
14340406
247248706
1939316060
377737093
2042346761
873734198
1266425502
209140912
435811366
1353437147
1493731776
1773502080
1552438918
1763045931
1160783367
1949117526
316903901
1694050976
353437119
726188837
1392499672
1813052128
662416388
467384437
1948636662
501785236
1177748781
524712836
1369675008
879422038
9649110
1763583622
1766614567
190213065
1567397001
1332658701
1116834744
114100418
692591113
1358634117
1529334654
1521378211
664699962
684414934
458311860
643320521
761684912
655060780
597738405
702884123
1214594002
1456281299
1879242978
841985475
2038420906
2060744763
2041346591
820247801
58766669
256732187
1456863915
953801723
1074805729
1933505714
295086475
1106799129
1485348944
887937577
105632562
1511725292
2022213768
1278438165
1601610974
1123595687
1330228588
191333144
74222481
1661498757
1064145754
847583655
1866746026
1710102370
1640563033
865647334
2092004897
657804390
928481503
913599663
1604441180
288733660
864735293
1124508081
1712020400
1962673696
1463734696
1831992501
974105463
338264759
1012474085
216974844
168366282
1644373369
1394874768
501945541
618594011
1988207337
929544200
418172650
969110258
1346345893
12541691
2131280042
1087921666
1707077368
106048393
1299459714
215207399
1926587533
1115955735
342516532
1848324159
2098593599
1242635699
41278441
1782163682
1163356939
535235615
797234290
836441599
1633097767
983801980
44766634
1387592660
1460122924
1114785428
1718552568
109064713
1806097006
1086963908
2015243249
1874447530
2128140396
332757636
252001050
147806911
1656077155
63781269
1521111754
1237464202
68269565
834566086
1735109422
704590685
192693543
2146783074
894139495
1013173525
43286272
1491567673
358208462
1606364471
663101164
1357042506
2033662807
1177388453
1357512905
1231573770
163001619
722825468
1207819578
632376915
467119311
770891918
1901213982
2062984172
506634714
1159245815
835361317
1398428849
1726048996
650745950
507196025
1080265311
1855788546
1243274570
1747998103
746062078
803047119
530492702
1302276161
910318827
2146505900
1501155122
1350835596
740530049
513837863
1122490768
367719188
155602020
990875257
1374341192
1118109264
474829161
1078429226
1452699760
841858304
1166254885
425414607
397797564
1057667779
780816401
1584667635
739287478
