3921387
5627404
5632355
9238892
12584878
12610667
15173655
16712557
19084152
20604452
22156790
25587337
27413620
30461915
32839298
33638210
36087855
39362495
42694313
44474679
47121392
47799123
51729847
53718846
53803346
55431602
56784310
58567182
61673655
61756819
64042576
65296668
68853600
70384593
73541065
76112564
79008163
81195997
85428716
87482312
89152606
91048904
92653340
93716022
94691002
96489716
98615384
101942877
105413323
107699471
109472183
111885436
114578222
115078416
116953367
120541387
124637455
127948743
129269121
132004120
136797144
138492552
140831181
142813748
145087804
147412754
151248925
152680555
152993018
153784206
154940086
159084602
161220354
162646106
165175427
167242368
168599705
171455626
173713499
175586993
177158575
177612472
179104594
181773132
182423325
185085450
187752445
190964619
194307372
198160360
200247059
203793977
203832412
205470807
206670286
208165168
212096003
213073111
214684993
218396891
221462821
224100748
226675541
229029095
232912669
236265631
238767089
241773367
244653908
247634317
247895135
250152941
253629561
254818527
255626026
257198966
259798735
264379964
267136578
268868894
271421476
274948255
276955546
277329128
279792787
284644216
288139581
291038727
292163418
294880223
297805783
299586691
300765100
301220077
301297245
302835069
304993183
307693899
308417135
312783184
317387915
321835063
324585353
327976599
329937280
332316042
334859571
337730596
339454894
340601208
343457900
344078474
346088179
347885674
349802893
352320614
355228582
356732007
359259401
362330099
363844033
365249934
366451085
370813459
373504837
375229830
378126755
380755263
383274550
384586755
386837635
388585843
389953262
392547633
396207267
400409496
403329383
403618489
407528244
410299572
412808824
414273165
415770143
418764716
419271191
421344307
424817619
425674028
427802716
429717906
433203095
434433336
435288057
437936763
440588867
443602206
447500766
449555016
452313218
455008536
457018231
460505854
462061012
466503410
467029166
471045039
471661615
474653810
476251470
477370387
478407107
478860864
479166457
479766072
482719725
482943486
483668029
486565862
489090868
490673012
492461987
494557180
498724445
499882804
502204529
505296416
506988781
509869176
512106031
512347215
513801581
516984054
520223316
523205493
525644300
527276247
528508934
530381831
532358209
535199236
537405594
538829757
541375367
542501465
545278493
548217928
551147306
552851038
553625765
555243980
557986575
559232593
561974962
562731409
565627547
567882264
568273886
571343287
572154657
572863826
574669636
576233917
578148246
581858085
586776136
589189526
591666599
593444183
594078347
596661866
599148833
601204165
603510968
604870162
609252990
610507812
613997573
619400738
623448742
625444835
625943476
627313888
628771568
632051358
633498506
633820165
635154192
636951160
639250449
640280288
643517740
645333506
647190792
649174650
651370165
653742862
656399318
658978967
659701852
661923865
663127313
664994050
665945628
667811504
670841055
672394916
674091753
676321432
677926296
680003652
681951588
682908220
686147725
688857642
692048706
692806371
694627219
697170303
699662475
700886456
702707420
705794337
709840745
712917706
714672289
715824512
717880794
720494163
721588344
723119952
725194589
726398333
727968160
731227540
732660671
735307403
738903759
739942645
742709456
745081627
747418766
749071426
752456027
753416171
754879705
757393207
759647616
761935283
763396061
765268870
768393768
769121625
770545029
774552009
778475396
782973451
785192918
785807817
787148273
791030361
793257050
795446054
797520278
797765545
797846748
800923658
803876865
807419213
809951449
812050257
814510629
817665382
820100212
820693041
822327199
823761136
826931454
828458218
828944348
830158844
832771843
834661393
837665333
838811211
840746421
841994639
844873727
846513409
848840279
851212767
852400464
854257355
856325494
858981156
862150321
864311441
865280573
866520758
867394230
870025114
872208445
875706331
876692150
877813633
881071155
881970137
883023884
885793037
889063904
892215443
893963297
894253336
895431723
897138942
901148457
903238996
906156584
907897564
909983505
912741311
916460118
918716285
921294390
924063276
927030468
929350123
931044144
932726224
935459248
938371496
941627974
944205458
946371165
946428314
947105938
947551377
949453538
951706127
954154283
955617105
957202599
959555454
959726583
961376965
961792946
962757128
964217184
966191658
967849014
970637816
973410022
975182978
978256251
978641438
981119863
981727884
984156805
987520867
988096547
988935306
990212046
991929857
994544510
997109948
998686234
1001984690
1003110659
1005732611
1007535871
1011002049
1014664577
1015767473
1017552189
1019561483
1022261352
1025042675
1026498072
1030967909
1032308539
1032787563
1034557503
1037345944
1039210149
1041017913
1041597803
1043013205
1045620350
1047180365
1048809700
1051399196
1054241709
1056284888
1059864272
1061582405
1063808132
1065661591
1068446014
1070862001
1072630643
1076532133
1079480895
1082466396
1083546841
1086128375
1089322531
1091315129
1094059593
1096764090
1099430609
1101347387
1105031553
1107059373
1107715333
1108778537
1110464362
1113771751
1115699223
1117195181
1119661218
1121607093
1124122576
1125239615
1127103397
1128451994
1131889245
1133953400
1135515549
1137177333
1138944415
1141942551
1142710427
1145193557
1148405038
1150246243
1153171455
1157918383
1160153601
1160988069
1163482670
1166221146
1169503606
1169800839
1172388263
1174302616
1177690997
1178654772
1180717175
1183460316
1185960252
1187575183
1188555165
1191954981
1195233658
1195289409
1198142930
1200463011
1200870963
1204112901
1206790922
1208416683
1208552183
1211176590
1211917119
1212845740
1215354573
1216573736
1218166648
1219798755
1222984819
1226380087
1228182196
1230541957
1230568279
1232478159
1235248227
1238226253
1240536558
1243410349
1244523053
1245608255
1246655136
1250354124
1254446420
1254996768
1258282795
1260691178
1264160043
1266527668
1267849704
1270557660
1273978695
1277150658
1280621498
1283765583
1285460751
1287109514
1288233831
1290326517
1291346784
1294426400
1297862525
1301280385
1304271294
1304583046
1304744536
1306834960
1310317473
1311883752
1314479914
1318439085
1320712480
1322414756
1324119850
1326841048
1327543384
1328079267
1330520343
1331851748
1332227661
1334678797
1336557332
1338798700
1340720828
1341868727
1344230377
1345518608
1346805560
1348996396
1351629473
1354385921
1356785579
1358516506
1361006072
1363738042
1366254629
1370249545
1372685603
1375557059
1378331552
1380002292
1381738596
1384749261
1384946687
1387656934
1389660018
1392545258
1393907267
1397946315
1400040457
1401503112
1403312103
1405936035
1409365778
1409562987
1412376836
1414268165
1416999796
1419598715
1421938953
1423964226
1426715819
1429973514
1433602376
1435903935
1439791936
1441911631
1444935497
1449033213
1450580684
1451759017
1454601158
1456362580
1458685919
1460766965
1462289835
1462778194
1464488267
1466059631
1467648423
1469105187
1470703335
1473558844
1476590124
1479236923
1480414585
1483991484
1486025342
1489127160
1492444352
1494604981
1496600588
1500285820
1502261185
1503706488
1508063548
1509321718
1510885687
1513170520
1513825278
1516728789
1518496299
1521905660
1523957539
1525586788
1530527311
1531923609
1534930655
1537522125
1538577930
1539503733
1541560720
1542496966
1542852999
1544808038
1548928022
1550004038
1551928515
1553428530
1556092602
1559826152
1562589292
1566376493
1567967011
1571054575
1573725793
1576215835
1577306563
1577847253
1580012498
1583288219
1584983766
1586371186
1590186800
1592732483
1594243958
1595028294
1598387291
1601213883
1602726038
1604404259
1607132152
1609356163
1610583462
1611689057
1612628584
1616252356
1617936589
1619706868
1624220534
1626406798
1630009909
1631330227
1634158773
1636753262
1637553477
1638215926
1640391886
1643084726
1646238404
1648060865
1648259253
1650869781
1651973999
1654278050
1656601269
1657982638
1660249836
1663203259
1665436444
1667337500
1669858641
1672750321
1674025124
1677636962
1680054709
1684082256
1685843782
1688200961
1689099897
1692805601
1695154384
1700026467
1702909503
1706845988
1709248434
1713529866
1715503565
1718730317
1720483167
1723002187
1724650518
1726014612
1728710411
1729877322
1732088741
1734397206
1734977291
1737269732
1739838961
1742362947
1742703885
1745363232
1745807747
1747343363
1749969562
1751896370
1753369177
1754381937
1755494955
1758260981
1759567381
1761178284
1761289970
1764083085
1766530042
1769339487
1770864978
1774685877
1775388722
1777576190
1779414410
1781951954
1782847199
1785939916
1788502786
1788751116
1790236497
1792059609
1793753089
1794730146
1797037894
1800171844
1801720062
1803811025
1806467944
1809853057
1811964326
1815809011
1816199306
1817281882
1819279534
1821431895
1823983417
1824326894
1828960942
1830990473
1832238337
1833657990
1835558935
1836713818
1839359680
1842457095
1844567027
1848709607
1850156475
1852173580
1855094283
1857140176
1859990943
1861764941
1864378478
1864742043
1865188292
1869855364
1870180070
1871528658
1874736705
1878125789
1879922234
1880864454
1881696980
1882317722
1884146262
1887618530
1889469398
1890642331
1892827723
1893830125
1896045951
1898856065
1901243215
1905060518
1908008145
1911026595
1913137398
1914568782
1918686122
1919997797
1921932815
1923384570
1924649940
1928221808
1931613230
1934088276
1937823882
1942421691
1944127971
1946395792
1947018153
1947732069
1951735825
1954907177
1955761793
1959599087
1963973087
1966628701
1970650531
1971723607
1975135687
1978381104
1979211835
1981309043
1983087964
1985797960
1987799859
1989396085
1990314611
1992112562
1995795719
1998727991
1999439575
2002316160
2004600963
2006587841
2009006573
2010729508
2012398966
2014920546
2017096860
2018971996
2020497918
2020901529
2023971487
2026642024
2030721212
2035173235
2035664676
2039953898
2040530190
2042787644
2046639415
2049371934
2050342184
2051659047
2052476219
2056736286
2059481156
2060420000
2061797009
2065005348
2065770667
2068517755
2069914721
2072109123
2073767304
2077343394
2078545974
2081497231
2084433510
2085472537
2088548828
2090879038
2092903665
2095073695
2097895560
2099063939
2100885870
2104604213
2106851272
2110172831
2111575271
2116128788
2116787613
2119976121
2122498365
2125135117
2127294290
2128051971
2133077731
2133989556
2137240987
2140595909
2141190121
2142247245
2143132091
2144077591
2144557476
2146374074
-2146582577
-2144677303
-2143909853
-2141423456
-2139290329
-2137189959
-2132768944
-2130552086
-2130205584
-2128871368
-2126827323
-2124863175
