1475477879
1411385522
681376367
306424552
178571766
1352076959
1863276841
1350157184
1612084
197534565
115155647
500771270
1842208486
899284289
2032660006
1925626022
440785129
169040267
1931448644
1331778568
349894363
1752600035
543599567
292558606
858432711
2106245626
1747041875
1951591401
1005309688
1559673850
1993961298
1204717400
540053742
142461331
234930309
887251391
944152942
960360355
1861883457
501671904
131149236
129575553
654447349
177978680
1181742532
1980115175
1771399376
1563527672
1920113631
413240185
802612095
408448670
1054095632
77550326
122489876
1469306672
606759141
1846331130
1696786690
740689941
1987321403
298696557
588086341
1030839952
1256698675
1069865612
1882177950
1364385497
1847903809
1665452434
1290866428
2002340314
463836771
1363246594
1893062903
175477891
1410642030
1746575764
858324341
594885322
1281810307
818242234
1925437039
283412547
1080455841
1664237517
547714766
1451135063
1876691284
1756109529
409834351
1353855012
2127706508
423133185
391494214
329192433
313819272
1767221393
1712036254
1172527692
610210033
577856670
234436990
373427906
431763459
1924969820
456403239
1630819899
560264166
1798472188
2140848827
75155183
1124488475
962883903
1907803896
811730441
1965597970
210211228
1156494113
1883595990
1401330648
1793792522
1686328061
797693866
562188013
2032020843
502083833
830947408
1704559412
321792661
1367713384
1726195243
2048912387
20296445
1679912427
441685485
2082277722
864891394
1568586220
1233158899
1813280561
1794133716
340193604
1385800764
1893375978
578310911
2030326781
801728261
1602544614
1258434456
938338865
1208037634
203647027
35089154
1106263825
1099746362
1583603299
1817960797
905939458
307918464
245348216
1232527757
1017645025
830090889
944591867
1812779234
857433703
1957066927
896721708
2085035881
80102312
1297249601
1823654739
960165582
1894179765
1046266500
1140086069
1104915948
483286626
465847371
967398562
1739369203
92776226
1077119790
1700718635
347536949
1890840846
176764266
1187690994
906076045
1386352900
1263485781
1140296602
1083168876
1864277996
217643388
12179292
1331168385
1431617302
1230932571
38547515
1432187653
1366524095
2095538616
1526477648
716886688
1053431475
1741130652
1447820351
446116347
1120733452
356667631
1392062154
2035695331
1058592536
262914991
1561970564
1718947350
304776281
2005177548
940574109
1460622766
172798886
2015833508
1503256540
161326119
2084573806
1521657622
1775605420
1740357135
1636824604
131061829
1859917133
1078914121
1567632791
1144411883
1856697387
903259389
1351559393
1981473623
178458188
1320065312
1150793951
9329156
2046671842
103796891
1498401079
753657048
459924480
378478362
1802868309
2070332918
849557354
1722932084
1993539977
1312011840
1483277957
295068594
160875850
340750700
1189037165
83662782
821914526
2032380353
1362848037
726865066
1255147665
518339951
482870505
1412471449
1918687970
1981425545
769980064
2070783822
1785599166
1659061920
852973421
938012495
1787113124
1343075069
2132495717
1489108917
275072615
707853946
228267867
1291842195
98380882
366696445
970048470
718192641
233431141
950152338
1553278244
2136757700
1708417470
92110885
2015999112
1065828251
2063192595
1790826457
1367094926
1721977384
1251675996
1053831175
1560810112
1077226106
2122384781
780212182
2049863409
1649202227
160766593
1260891251
2125546870
683067483
920729074
313708013
1187430260
540493504
2044790693
1251903408
132926997
1627843591
1220955555
1191003804
1113984853
527885908
845937825
1872762562
1313747512
1234930321
240143489
413319867
1717644318
1539224671
187419377
483675812
1869525294
801634967
951825970
1027729593
1420067312
476013179
221774323
2033322381
501694455
938466175
1926334555
381623779
792632251
1685679533
1536887078
563917869
572345733
1475847353
847755495
151504798
807562115
949969313
550781547
1192387310
838389499
2097143040
1817918526
2080666794
357718685
1489322993
858010695
68112181
633869297
1813510554
1124897678
967765599
1791304175
737814364
1809562654
57392287
934404781
1446372757
445113094
31535600
880110131
1846077200
470239353
916014662
1714871402
1952395530
618762261
1796362668
2016228403
901581282
451877697
1355060220
1097017749
1368451164
342910895
2027306554
666765582
623431057
554013697
134248333
1567714826
747836279
372133000
915765210
1903620721
65624585
2080145959
1027568126
1556088155
344251667
329805142
512862120
97073887
637934748
651853634
528523474
2115602185
260989423
2078802706
585900250
1848440297
1487424328
1929990469
641012545
1534169800
1002776600
1994168119
1342392831
578179190
411537397
896947394
1518503808
139912383
1861238305
1861276161
891022911
518826236
344513461
1425927984
1453887486
108769733
1652097643
1217581231
166426271
1452568516
1907122693
628820262
644685986
299191205
1970639452
1872298946
1698171708
2050805545
1812446216
754159772
1259701264
351538522
2136596905
378311995
1248042124
771890137
1260991440
1182466864
286308579
693407571
310147470
469915360
1498862754
1813384466
786511766
277086302
622343921
1586176943
1715200017
105592950
98627689
2092874982
2081355007
846848967
1781275788
508205698
1831970628
1709524488
1765900517
412971127
665656407
1201366891
2037367741
1650937358
1551901826
859188766
36770935
2070816827
1224461270
590302702
1888206729
353859338
501731247
1681412102
224249879
1653667896
977576672
743183574
1121599790
1523697886
1324436090
48452111
166772889
734931016
576060734
1032564426
625141092
810243556
202968989
2100903880
2068941803
98966614
124933735
1193559508
1682631069
909491112
1468647960
1006710853
184314451
1704854687
118543548
1744766368
2139015495
931043113
1871860859
1163424858
1390444466
924472818
2087451845
1283845562
1157251846
1844527381
1638162458
1281576157
1381690565
209193455
1115393142
1610722259
1534313980
1144771088
323535960
260450535
1568919648
1471522635
1419148910
1065385469
818956035
1400401645
1528198623
1253075987
941764787
253563402
1536832820
1667177706
518290928
494656755
408495588
1264696510
54250631
1887380419
873713274
514633264
1202227919
206200345
11831653
1613945413
768988287
1890716640
747150940
1640152711
767755051
171169097
397494380
1842019145
924552281
1105426394
563794591
529155080
1710253892
356004512
1958778187
1732948973
1103090732
1013941120
946290164
1258727536
1768685400
58009516
551775199
1079338006
1041144234
1527607601
1176062772
484432730
287252701
1165894572
1841461454
721563050
1237528925
1682123292
1985091747
784624776
352050114
1319081939
883140811
337474257
1381537771
1211139719
2023734062
2090642971
310906803
1781433221
1816813519
1413733431
136878931
719543813
1742842287
27778773
423487828
673532056
2037340255
1954539335
1179577390
142958526
1024938022
1908169822
184993666
846120852
102574794
825425009
1021646577
1507111594
1907739391
2097405308
1119193239
1197523955
148798569
372444516
1758225704
477650389
2084686416
514634840
1778728869
1158058081
1967838943
589675348
903521978
601979037
210410777
757668031
876695991
603783932
1411327833
1598162228
232710953
478814959
1535337604
1018526302
1381759765
2009117076
967763405
532774397
278065872
881018253
89616164
1660869381
1759001726
91190764
1041949756
74058469
1043267621
1768036938
989248567
216150245
395063405
1092499959
995804657
1371089320
2146693366
213810251
586655462
1566429393
1054918742
84151323
700849857
1482276546
799127469
630390855
4897154
1995300992
500429287
484146033
2087336522
95251379
141462670
1844434120
668838086
514642121
664937546
1257978882
1528400694
156396857
1236537078
1234266728
1961522969
1521541093
127685983
1002902283
146915959
799998360
1160203931
856417300
1179631562
54502319
894392068
1866074937
691375754
699094741
403750096
1113345868
502213204
949001191
985766990
2003497197
1916207798
1977811190
1754858943
416326752
1034880409
1291308138
1647077071
101455481
539993676
2142697539
769642926
727158452
341576489
1970364283
1748327376
570908769
1201875942
1288249224
1261530685
359202044
2001226362
2024230909
189628821
24615323
1359597737
965366352
475029412
1406695808
69483566
514464694
1618650270
1801457614
358572932
1369701163
2053626359
150105
422509906
1370848654
963650785
799242134
777254001
1093022184
1054614115
1625577905
410694299
846868429
528231187
853219518
497757105
797139419
1523439728
1758717447
631378856
1485157983
1919829470
1053770371
1945585938
226654232
1069885246
2074147432
1005329989
293679379
440168233
1064437720
394054442
2070976949
261742282
572042934
1568338340
807417303
1842051413
1331512220
950779546
1828413963
1464694056
485961701
851628451
1572385534
2027938940
1978983653
1648080205
339519734
2049699784
444239928
1009144330
1738332538
651959218
1013875512
1737975224
1705038096
1747498162
652697480
909421003
728764193
126949958
1176451789
1021637146
846241273
1141654476
1232079741
61288002
332392683
1728477439
1670435023
9951163
1743229585
1000855568
470812626
1457190517
147467569
1220469600
654253978
790201902
1960826684
98824408
235650708
1864607315
1303961072
43906278
1409207035
498441872
809281565
1075757844
1709590627
217342454
4016900
859078214
456014963
1922489032
1448889178
1039110800
12446896
1115416802
1244867693
584594098
1844569972
1547803847
1408929630
1275327281
975202813
2096159045
1519699084
1183563027
1432147361
1268327879
420270353
1751904822
1485309471
225123127
1600719462
391920973
445020946
1746695566
373328418
139077496
1339188863
382170105
83155935
1081683327
900649613
1588056489
1407543101
746368684
606220372
414335288
1820866560
1240182594
1689371085
128447667
1093396053
1148455069
884764906
1452694600
526418226
1567768807
2020263359
843834765
1858174171
806151284
932367837
332211562
943245184
245750459
1539958464
652375717
1609778691
383897842
860585310
218937096
1480661720
791508037
242939103
724593969
2040543494
1160369586
1320683116
967917814
2052449610
728035716
1210059809
2904178
1449387866
1272509545
1506527516
907971505
1500532039
863795250
943743159
1898766580
1803731707
1129812520
88297170
1125557153
1701355490
280308997
1512854345
557266890
1916857510
1170589846
1397580421
75672664
725861138
1979734251
456641838
1270451668
1970047512
2136973111
1688662270
483056593
610578414
1592129099
483124401
715107066
855942226
288828586
1656402200
1752866228
303756527
657958472
720423245
609090927
906333656
1947836388
1752536065
2022563470
1629962289
1907691007
319879153
1219516656
612618476
252981623
1889598840
2019852059
183431601
862362565
1574352701
2099863045
979281367
1320025296
2041824268
1861807998
137868687
1293137003
170187715
63932733
1223880993
931905906
1009449315
1100411525
727983694
64571516
