3769
1761
4877
817
498
1477
2187
2284
3267
1978
1753
3695
1896
2074
4254
680
1558
4144
237
2195
1706
13
1914
3602
4709
2327
2902
176
2591
3249
2935
4208
1628
3926
1304
2475
4823
1495
4184
3237
1804
4065
1425
3047
2455
559
2307
406
2500
978
2571
1276
44
258
3850
3596
281
2839
4340
1981
948
1354
3085
2095
1514
4628
1393
3050
4605
1985
1772
502
4007
695
584
1881
3097
3761
4964
4728
2313
3419
3241
2958
2810
4297
3936
2946
205
888
1367
639
334
1553
3355
4909
977
1102
3344
2152
2499
4738
379
794
1645
905
4256
3034
1083
1632
1095
1096
2507
1819
650
4899
1937
610
1273
4625
2216
2695
3054
4891
2450
2454
2725
3243
1360
3265
3619
1114
2669
3271
4448
4754
612
2961
4126
4885
1891
2705
3345
1457
1535
3783
4017
2664
47
1073
4578
2832
3652
1813
3739
1885
2407
727
1124
4842
1026
3007
3615
4087
3749
4797
4963
3952
3611
4078
4504
3731
1262
1068
2903
1696
2218
1274
2530
2509
4290
229
2968
4903
2161
2383
781
4627
654
773
2292
4755
4077
623
698
1260
2398
3448
3313
1403
