1628607941
1090024962
772989228
1012330980
271455807
1697579810
370967553
660680701
672365444
955211273
915235844
1857589786
771823007
796915084
1605333230
385395969
144717498
720003933
464635217
2096247656
1880170513
856210194
495864275
452379911
54234121
1232371662
322374294
1932809560
779913049
1757874830
673202360
685638638
325282662
1485687570
2051682806
1503912047
825945005
1389456741
1203644523
1700312112
1069041754
1119194635
388228215
1916570475
1199167477
774325959
2143881914
1792301087
538917436
426475014
172634176
841132165
618178059
1598194411
992298679
974850858
1131406456
971317240
1710705371
501832366
1445243643
16248406
522401522
1337969431
526329546
1230263233
1480481651
1005728466
1381411652
30618898
33447874
2127735112
2054657411
1790707562
1856458006
799749401
598906644
884705784
507258236
1794237432
152091075
1928335976
941271284
1141917219
1611304591
642643433
475204281
1231873917
1129716156
1979529432
1813411999
863305801
642133512
1761234702
1881372308
1926117253
1267665141
1406555843
1145385032
1446768865
443490885
1586485277
1340801769
1136738395
284704900
1757655897
1605345543
297811320
1621361855
1317439380
914051735
1441337376
882917202
951155767
1424159507
1683403031
1651671007
1425143549
1922920382
920451092
316109403
1394239651
176400390
1122709888
960084802
1722481195
967488002
1965037004
887432427
1206617292
65447194
677354607
1800802294
1272766073
193211589
545834107
1406286049
1415456012
157893997
913378523
1089930426
180572687
1915856240
892139051
2117773039
1902444839
1918989376
461932596
1352700481
1225126686
1200689578
1435006210
1614202583
602503051
1486802740
410784676
41463663
717129504
798989727
976358528
495804335
1505097872
597020811
2095395152
748823961
718723611
1577400890
1393859261
595558429
1015716279
594411884
1079100822
302361801
1359693277
162247530
1069615533
1352605340
930664685
1649161247
36987982
2013941752
108978494
558517856
34484317
1312915893
1900238790
1683080781
840500747
920525138
443438947
1743712207
534486069
2017357894
958346948
1156180801
1833117017
454035061
1294886646
414042667
1315717685
885860798
1372780687
2048785961
1048200190
643581105
1883441521
213947370
997070906
661661278
701564219
80338004
1617549370
950777160
1459372626
528369093
358848056
922787705
1703552391
1990805365
1788453385
1768405423
1940231782
800350455
381951870
1879760820
735391258
2102874078
1822648413
1550010315
301280000
638238076
214455287
1640782662
1659425478
192464582
1793793638
616187445
671583551
1413144659
477579621
759468089
2131009991
1198176387
1941860556
1395142774
869605710
1359206844
1714007206
451522214
713434882
418246352
459324144
477561675
195967389
686009211
425183985
749865212
1774663496
90733320
422077489
398946529
1827329579
1405040402
271024919
1195592762
1807901586
74860648
2138219810
1804819737
1822100413
1539421194
600776388
909672496
2065339460
346142288
466793686
1533780421
983896869
31239722
411177916
2089799618
2042809452
440220290
1954635287
127015656
1750990973
1886489534
1094495520
326179108
2082673921
2021067617
330431655
1387330298
407511659
885890001
1365482665
1855866398
2000130086
1591726643
1628562055
1225811745
626133341
1145154674
1003254761
1459514440
130462822
1941792095
760685870
264985465
1817786060
1102981363
2086929806
1758770511
527151095
1436715695
1264833231
1369757517
1942189178
217890852
994553505
1146359598
1590817785
1692713359
505581462
1379815770
823514037
1549832860
1573291968
1147184245
320792502
1604916555
1642175209
1200649234
629167252
1054206192
1398767209
1483742341
791069665
425785172
730938536
1420239318
1992111414
1662677497
980506161
1805231058
799643097
2024808827
535468654
2143404347
173205768
1710688530
1509003782
335985695
611674852
1825865780
1076098256
1092145478
2112206845
823395416
1662993778
454415557
384476022
902374612
1500990618
1319749039
535168469
540084967
2009517528
1201646315
956264042
679296979
677408791
344599329
1216889176
849965859
256603063
821064142
780102725
177742603
404189256
1482888056
596867994
55453932
105640932
1109771003
1558477431
929254390
845970985
1507183105
540256055
415112168
1784082641
2059556496
2093328026
2039707123
1405759473
1487589309
1419542421
1552299452
1824803787
1651016574
712591795
1674163329
180563535
1154228125
803870758
661772371
1432905269
315393993
1780960110
1942328705
842025392
2066463431
1431049125
1435821077
1333152463
739219653
2116586852
1918978936
1350825845
1440185551
1881703254
1018709552
8765171
2094316379
221281879
1284562890
379074367
2090547198
964914760
737283795
55720916
545285185
1750979954
264072448
2078007333
1320294799
1134035092
1263669101
493342654
1395908677
1206875531
1173709058
1835292154
1831359980
1898996380
1185677554
1486022491
1010140291
268073057
613074781
1359521417
1622023412
1122580558
648557078
243793642
1956030121
488530400
1507367806
1028329178
213702200
1563281505
392412559
1859664775
419978554
1003780954
1158161141
980805740
487564601
1448725397
470370390
350743656
1123026887
1133991629
80695219
686882426
1502623147
2098062324
1391151078
1698427932
1441570615
1505720865
272706123
74730297
1341706165
1533262869
1976094843
521345483
605933056
512897640
1994998836
727522581
160216110
1146015317
772139860
1491092090
77451371
2040499998
1938502148
353018873
241680609
890688541
616592626
2077921862
348069075
1630307689
788467126
2043078278
1191599305
1165548833
1791656790
1148745126
2109658086
1392917336
1724121317
1516314455
1606855765
1167855261
1823691846
1397396138
1035794658
1136360229
620877582
356418117
692325797
27724440
589808519
1934336576
468414936
198790773
1439864785
1246128543
193846474
1868758818
269699364
1750741355
486854637
1365754260
1204627760
917433199
22708233
1257856407
1560969125
1513179788
2117853075
377736890
199883215
1833883322
863484952
1551448539
396898904
1171588763
1911881940
1955819851
855290673
1606031549
869879904
1215386013
346420108
1225262701
314197895
506519824
353235969
269322802
46586681
1787542422
1922644688
419353581
1039885208
143259008
557322822
2062492811
2009728560
1236811465
157158200
119941988
1229607236
395358460
710534572
1424465715
1528691267
974279106
1264066968
477179058
1239798106
1459221516
1067358658
366638290
1937841187
961528281
970173126
222590100
1870834042
749164708
1569294390
16863367
124391536
2133131886
233734619
364060126
1080339545
129578339
646781722
1601168173
1338050560
464266284
462616178
794995392
1442351611
1512425680
1480832802
2126848152
492721177
1383822407
1009588968
134927875
239036407
693275805
1552133603
894362839
2041529010
699974592
987994778
690375755
2138915254
885829862
598161429
814023025
1442988725
1628853917
1279072297
1594445140
1488654516
417185648
1736538066
710980266
1813729343
893811507
255529912
523449654
986561725
1834575596
211387092
1303739581
1171368158
2031274334
1846761772
1934618018
2058540080
799108659
291796154
290484512
2023213009
635701701
1892742763
1207846692
657722431
1232916361
1498908995
625138629
2096015948
304596248
876984733
1813002849
417499437
1023343579
600522384
895309909
686119857
2090892115
1003829102
244978008
1151004302
1750877699
617119590
1065373557
937806294
273515258
1019369801
533035171
2112042890
1932031489
2147013993
201776130
1898963269
1832357981
1304982430
570259636
1335056153
1226605633
1410507618
2050037846
1770254711
521069779
367584284
917002010
240754759
220232921
389703546
1242747778
194861336
992486912
695613431
54812603
1238103665
704023241
988939644
1496034964
104757830
604298512
1015405091
1901893145
1171703174
344206138
1750014230
1718460880
1974400721
691314171
772884886
1164594831
796574279
1985382594
592531480
1712777720
430781564
1727780545
791664521
374910867
1290433160
1302265500
1179765938
895769990
670312762
1775060653
1844571575
1358895859
2050522476
444908530
212111290
432089582
1318481777
776150420
864476317
679968538
1491583915
1883815701
1302653668
1723398367
1083155002
518308629
1366700472
508923977
835600335
861438144
394656519
1771142528
839713182
765871575
164992457
698608096
635154034
1947035482
190851678
1360030133
2030984922
397308623
1384395539
2024544148
1802829441
812968498
840219332
865258328
438325403
1183880313
1804903323
1255048888
2067106172
1444875459
2076202998
356176258
1611706179
449239580
1026451303
2093965174
939987891
529529327
966111701
1670969793
949901602
937060105
1364189887
232605205
1268880521
1603389254
605626017
1138074977
1866809020
726010330
33154159
632751154
564381365
2000904254
1708541246
1275074214
40351497
2076220340
476951554
2045057544
546668668
308386169
751357810
1338496525
909515696
1463551879
1179035656
1503410090
2034553848
1474784260
1926308900
1283817360
869641546
847640906
1633174608
628989509
571406163
63068308
2142120350
941094880
1919401893
1041708353
2136596526
168454497
1422259468
1492644552
487919564
29034923
1521626622
406755129
780719286
2034155551
721691696
171545708
262152827
1939630805
222959429
494189000
76165886
426372729
1037985953
428030130
627942298
1469327808
1849811548
608519567
1291125344
754476678
2064005971
1174568824
224898427
1225097862
410749528
1390078074
621676213
1485089205
848067209
1780668550
810425618
2039290939
501232318
282785019
375262874
572791311
899023388
708564686
1857782836
1572974125
14549958
1625139540
1844169134
243577719
930286516
117353388
1971200985
988548390
514674331
695213772
503457489
1578151147
2141869836
1298123302
1270738523
1715183782
1358821785
640475382
1821129319
502071745
1554586161
2019144235
1418236340
832323627
1624126605
1578642671
137342099
105374445
736672195
1736827861
930908611
32667754
2068542712
353163423
1517203323
2030833719
897272115
1344862888
40647303
1579366549
884914764
984015348
221937034
1638799751
101700355
82768082
1475482210
1844176788
1151670829
1505273388
1048534952
946374683
1671391496
456428139
621720662
1529864526
154506416
2146943241
1146305412
14413773
1846803627
324724916
571091531
1476418527
129314974
2116981788
814721482
1168631887
1985609507
2084717914
1357979463
792966369
169500594
1038054908
1925223533
1345449583
325962171
279500209
1042751923
1031874213
698395350
971409806
191913182
762260821
2115358226
130733562
2108091805
2062935416
151889514
1816608060
1006275154
1982214082
1092259414
1094761631
967425776
1605936353
948448893
1005744704
2049835007
1253931345
1424842119
381195636
630107068
1582335198
939715345
569527256
791133022
4982712
1255073722
1959232758
1241187956
2026137388
1281039450
1577625232
1827609194
507558917
1017545299
1722839949
1699530795
264744062
1584180991
661469053
1316792800
26586082
1272661065
2140987595
93848278
2068404674
1652332631
1324897150
569670525
1143233235
312469093
2120539819
260594572
1061856610
1366981293
1151819387
1291650114
1682955124
138570626
799225045
396332232
1199697022
213553533
1661461160
255558323
450484413
2050003150
1819454422
1231679653
2146373683
401139124
1203130304
1595862291
1381467968
1619133959
584155242
308417313
1613118169
1813432818
1488806475
423782312
1297841767
2113498559
390594228
1683770458
313920830
1105436363
1665348314
449856253
906590648
1754080664
101664130
628318931
1236153326
266460929
9497928
594444827
325648914
1219024520
1955934603
1234122159
216753260
494498763
589443064
56486094
1986789103
1383648534
1658482866
465465076
1584251511
1906856210
1443435291
647270886
440283042
900733338
516406594
1807498698
1956556104
270686638
1435752425
2109541746
823299224
2103081088
1110917425
639310009
34272464
1718717356
952188900
438503174
675516568
443220613
1594827103
1403881454
230061820
2111272075
1739623450
162952182
1413179909
416851192
191508694
384169845
1053697266
2110844281
333063265
476989848
775492632
1211720186
1651231753
2080805248
840790099
1178410906
1400759963
1014217606
463951912
1844271294
620485654
1394221214
2001477753
1732825153
1649679857
1721696729
408598243
1745524169
1883767302
1355741700
797544376
6223157
1580081690
418293614
313211284
2103094066
2122770953
1567420359
1995067550
377458925
517185171
952262692
1375677277
1876627683
421185213
1195330336
1163737908
1031657172
84509157
46294812
1576778364
1146178773
1238365286
2146160294
1270669884
2126944133
1297061091
175924471
238059911
312730455
1939129396
575651990
2099409011
997192975
394377707
668917275
800258225
399052616
1235709826
949746958
1950281166
1584619313
1831457826
1826367726
129945349
725369432
517419794
411635789
941616318
252893086
485447354
1570630680
1745890215
655060299
1024823891
765221109
191143790
847937082
1110539310
701637829
189585176
1118638133
1614070429
798437961
1820873985
1867474267
1148790146
230339809
91311216
1441796798
223362674
222897774
1032281814
188526089
51339653
1304983897
1037480612
1920361566
1392279740
1109272749
751001030
1764748350
1034263568
1873471584
637975999
1061905570
83552275
1591859119
1890318178
431346470
463238469
1742550951
842168362
54989669
1087291894
1146144703
860943159
1703422304
2014724306
1792674466
2109797349
1343162647
1999666702
1748030732
715309067
1874724154
1369582894
1832822986
713677
1218852601
1492912496
2076802531
1304846623
145707256
1760367320
507952085
1123556566
194801502
1557615065
1823819000
1602339692
162305805
981789597
1277793792
785645392
1510913516
493744370
2133138334
560298728
348919391
341570001
704774213
877512740
701061080
247398283
718197770
1928914880
1529683591
274229138
1527353508
1731840534
1778175021
2073694433
1910479763
1674429341
389198862
970851849
1997572190
2051575554
1595300869
1661490649
460029172
1459623649
928414897
350098602
1882929716
2106122528
460165837
671017028
284355208
1111987688
1230304158
563816560
1512962220
1193917505
1066890885
341261852
414666893
1381983817
211019188
1357744932
250645580
126953233
1448118269
1923794115
1152888673
1378438165
767833542
695552661
233976285
930935893
1292798745
2035197000
810433991
428949268
216000728
516354015
901193896
1350724652
996873998
1800186530
210244387
81160204
298154592
1346363046
551065788
367123792
1622666914
852909812
91216313
75400699
2060548230
231693401
2065725733
490935892
2016288879
1263484106
950307057
970505050
1006069859
497106801
329866806
1150273252
1095298847
397088600
1203054486
1268040538
1945825861
1312245425
1158432704
1405143306
1526563249
1014867135
114988561
697536296
814372329
1696471141
80004952
789795429
1436572594
1136144713
1657299122
1454787370
823862975
1930095013
118797972
935005553
678010245
850557610
1450023399
51432512
327831594
47107473
1691383118
1187388100
78187675
1371255615
731823235
1216636166
1419796925
2032970899
345812959
260569676
1373299643
789622096
1203869176
929571598
1371218814
1346298786
1363586404
746609811
1928227643
1706307151
1874081948
277050408
2147316262
565807995
855647741
592632829
1311725892
1665559063
1011348968
222311324
1485202270
804677608
1365745928
1241816583
1851980305
1318626863
1791582387
1855528812
139506178
1314356987
946232170
693427335
1959403568
1264190727
1261328251
921286037
1165718114
774723664
1376564678
1034245872
2027478207
635074872
1201870492
1919187276
1121783420
770565200
599141058
1367845772
1536491439
1954603206
1599034006
1167368258
367102531
1428753258
1558039881
446994626
28073989
1932609630
1884052042
552609761
30740442
675800410
975982276
1129457231
1483992083
1199593114
1390756157
1948209806
2128331737
1942198373
661163359
550352526
2132836803
2066800441
307892692
188648679
2046288262
388030616
1460906570
2142175154
1722453708
1293459049
2105477014
1677703940
916397853
882720525
916039669
768142600
938309882
2133400575
1538314605
1076882872
1770019337
2065355047
975147089
978151480
1353961066
49919675
1219943396
113672143
389712679
74960850
1930961685
1252592259
763444682
1422907271
340566889
608344911
2028339977
2065610438
1088949239
1546368515
520836765
2009222326
2821772
247211705
594603569
1715213251
721592559
1479743215
930222453
1546964295
1502269502
1504516678
1844453713
480706004
403187831
36441302
1818828855
76063776
825807379
1628978475
371535249
1932080270
495888332
2086665185
10683994
2055177045
1601545856
55724759
1771748553
1131669327
274610477
1780680211
1609496871
443383648
251200284
609386546
1155020226
1705911425
1292495387
328739978
916097018
1610035816
1016218338
1292865758
156084344
657060054
1693327768
1625315517
768085119
985204604
1862201453
621675639
1035534938
762119819
1941802599
136924605
1535828725
2144644567
1689278523
1139080148
1675987592
224017575
1575329105
1672577398
515533422
1342288923
324608747
1813929541
700884500
719885882
406026078
309714412
1267518732
1079921560
389805950
678915797
2064573505
913635744
1564641304
1205758592
1059754053
1054684036
374613400
2541958
461656774
1364955070
1566411723
73325867
629927200
164482113
630282175
107792537
1500715532
203803457
26944967
1520440255
1980821621
614159004
1820282267
1834176966
314532203
221911011
1260322460
1650947371
1751474993
2055226121
366124596
2065828733
909605745
1067069863
730360412
202455733
1684109967
1519052010
292782647
1303116333
501701146
1843209242
1807193820
756195647
884494431
653262279
1186965041
909870459
374229784
640807314
1379025394
1469645444
224731970
1950919829
333186257
746710407
561511436
819454576
982579128
1559942745
1139302123
1811442929
1494206762
1586427949
68798154
1125743711
863885511
1011850222
1753574495
261636707
1430337774
1064730175
1844790681
1836523924
15591549
874752781
1154632245
2044988318
1120773811
635945165
367079280
206460942
207479607
937225559
487189719
1816591804
1914006578
261922399
1828289594
1055570133
1559993494
654671756
1857185471
1589921667
288681090
1982136374
462934290
428705596
633660862
1448164033
1212668090
1654185124
1719901793
1295234961
1305818247
1805185056
1338309522
1070802344
985475624
1989372152
2106728043
1110557411
1819675353
195817768
582581497
158846414
1321437497
1858038723
612387168
679279391
977361465
672917509
1317529884
2121894102
1424601904
1201699571
430202466
626469102
1826903820
450415025
470590884
438541760
1489241252
668642912
1872505140
707428853
1000552488
879296945
1944882432
1473861158
1953386938
1908749067
2013344891
459836946
87577366
1514797397
909247645
636876667
987268715
419694176
1931019264
635991197
425885774
832718580
228498219
381330508
1819217604
1994774902
1425692396
1011462569
1640220541
1607632179
2109353694
1008674176
718276384
316873803
650146315
25178946
416371649
789697084
1657314218
16423834
1700672624
1127952650
1686467081
89054893
1958064107
501413640
1995370886
1268324339
1101186163
743229254
922527159
722828717
656820924
214906520
804336298
1131617794
1334760957
2078695230
161869894
1526141882
1380795176
1584645429
1829870032
895224981
1791871284
1215034649
1152594826
956144457
369654933
1921968053
1958373493
1193045783
1064916941
978244649
1540932152
226503433
534706972
1834597047
767245593
1963800266
27293011
418681386
1902238247
1303413538
858621895
958112227
1342370170
837344268
70383456
2060071553
2130847379
1255473781
1848351953
545546028
2094989533
1923573651
2096891362
853569918
1274890837
2052326368
596220392
1157222927
1189705285
1977246642
1754354519
621688732
1918726699
139830137
2005483630
212229844
770597561
798864788
704978192
1815491774
1393684214
2053172176
177305523
1890909641
1932647298
1892834942
797897585
887923570
451860470
251226927
1516132668
1422389900
1855946857
569910542
373770799
1499083823
1621538064
1122119899
638485759
1163340607
898402813
1067132544
2085474448
702095512
1844916488
1951085137
141475236
591611859
1876254667
803885029
1774883246
1617520312
1952568262
2144213131
654625989
1602898240
675264164
111918955
1985666228
62467141
1072284821
1790932283
1132113710
2058021064
959067866
1583615386
295367966
2032028127
1886360671
972644365
808126749
2145621817
783460994
321224339
446532349
863895119
1550061554
1944353766
531620482
756687913
328971186
1696340817
994179889
1337969098
2108365373
2384936
41200448
1691946298
509283012
1451995881
1232754604
101216558
732401299
518816238
611092330
1752134997
400114833
2056569803
1102198709
563751233
1804151526
228739402
3007366
752927728
495722679
1605717248
1118261282
802613751
1242923532
504487563
1137987789
1710287946
213147603
1251641195
1277481884
1233250730
4519422
152707963
1328130408
523918507
1957175751
326665995
1597151966
1073561697
372029971
492121242
28802228
1809487271
1647496180
700236853
2137593078
316715787
1305402697
367140454
42058622
1508010329
775124864
126913755
2050686850
1625728707
1502174332
1695904405
1112267848
1867965098
901965714
943742409
1109780212
164379659
1073560748
309634391
1416155009
53466249
38406032
37561316
416968398
1835110930
1365683515
1929530006
1496832976
1163989297
1813115239
1191994731
881680870
514273776
947860012
2122287927
411978314
1033587048
704019395
1092375352
29526691
7709159
2065880677
1407715927
292522679
1896977340
218386513
1896923646
469914429
332144801
756114925
588067472
798267344
1009818566
1458276868
1237191561
353054208
1183025270
692367406
685108020
107193219
1037334888
776985421
2074531843
590333321
1271028389
1551159859
927446414
1679362861
1982476304
740244577
644992811
1421014279
1982788247
92506347
1646146086
1191351262
1946801653
1496850807
812396957
