1492214456
539930372
1217468867
960916210
1003472486
782824355
1737942498
1045483108
1701722866
539338967
1098285733
2011477869
1131693487
1867412986
1845666816
424549468
618857793
1791310205
562497083
1188713473
1137652233
1131246085
500612454
617580703
1226472232
489150384
1656078970
1763387391
2030135858
1316947830
1722808334
1687552673
2000394097
831537834
1847165107
45476878
591304915
988374174
530047212
1525665353
1703982449
1648709734
1372653261
319439460
77531068
253900982
206893359
609214510
584800326
2084652005
2642061
269588234
866163498
1330982418
1981946750
492601819
1562483226
631090021
406040783
1464584219
1779692803
621243503
106086716
1612070411
1854030687
1338295979
699783883
1241552388
1389543446
475079462
2097680326
2010649837
1530694162
630289722
1808126803
262593478
1731994462
6691702
498910641
51509344
1152940281
1101442202
2001324561
576884527
806640957
2135315133
1057775631
348033080
570228455
1499952785
1140579019
1990887716
872711874
2123340991
1387966376
112543351
1319151093
1293449068
1749923489
1078400474
144146149
1904823773
1990252099
286890900
904000200
903085111
1914713419
200953111
1496382920
178449759
784640988
1648935607
137653199
370774272
400805468
507720309
1243336693
1354690475
1283427309
499549690
103762052
1105338136
2136406659
1154260383
1684814244
1925347466
1043958439
399143593
2087372968
1732350801
1756855495
154725010
840139251
704849257
249434679
1445875074
276378504
1488915520
853251016
2031841757
1612817966
374071189
1003415555
1453248245
2009628476
1454149756
1715999491
1100000
533869830
1011988094
1002084844
1427089253
500801508
350702813
1123574796
503761424
362893788
831635956
408638348
1284754277
534413035
512318141
774729682
350577969
1883627509
112266349
1489181559
802883580
1481611846
20319802
1396207584
2112436122
1074648516
731350332
695892091
1572200161
2115652532
1439288433
1406576536
270593140
1505343525
1453259483
861306593
555788990
382253052
1280731588
38995320
1050567931
1989426589
1783569698
1770735019
460786544
750544435
1433735189
1363323990
906799291
1579358621
1799325580
1126155222
1250990661
1582595830
1528212744
1783719077
645635539
879620030
1373164409
1401427351
1940383292
1944630186
924575812
926086576
793938229
175664900
1640870502
164309408
386709576
922865088
907911602
359556828
813324003
86807837
860164150
87610969
801283981
1172104692
2028926908
1868048615
888187443
1502747041
1070480748
1783977769
1699530145
317080459
1870779791
170927917
538228236
2077229393
257433966
1916744108
2097679051
679011218
1945569624
49856735
1075764518
823482713
260338883
309625595
1133800007
634365988
1019404938
825993803
1700010574
992352911
835715925
310162665
1441703552
984952738
1894733847
2022815257
514207903
250164404
589887152
815504194
620445012
740250617
564442802
2002945674
1100063689
1978974639
1236019264
374536461
1164158035
612585954
1212274450
2062624441
1814722637
498426071
862092182
1360489929
415681792
1062180891
678222897
778734555
1030273982
1835907624
1123500195
1262340784
475918606
1603813040
430274953
474676864
283497729
116074889
763403771
1556467704
743876259
1990403638
1140965717
1326410705
542874765
342659598
1184039700
2068271630
1380138136
1738587916
1205762774
667393746
106314924
2027444530
637051523
1407633115
1075994294
847149210
409731211
1589535135
984209847
503220762
1686500421
836123393
1755251193
6281363
86025847
336365232
1113391710
2000953558
61095923
2139598621
944347345
283851316
104441950
1535891990
1910040541
1572109729
223031052
1884675332
1252757340
1614230916
1553178631
1228864189
1230003783
756416542
407004975
1946707207
288755629
700821140
1967358843
820190122
544122047
4115098
514075741
2100847409
1093471752
765037758
1165568836
218148157
125760953
361147727
2059012923
1597664389
13606178
1360271848
2069127343
1466953325
2036195133
1121139100
1751944013
399701058
857639525
1575422399
1819636746
115762704
849699620
1935342927
396290364
1016731936
1824670249
1040722174
456284901
1656898578
1067769688
1876747741
770693393
2073287315
196148220
607368358
2138658389
1877519034
332774936
749259686
209211511
706852356
508964571
355096901
2022318380
1596710890
1117646385
125183284
1212242172
1024633885
1042042230
1048042033
1758373442
525231710
978395973
1101390458
38398543
943107579
1012517487
1949262028
2101100207
39321321
797040136
439119894
773180547
729444987
2143446171
262828991
96892941
1200722365
936590461
889250449
1541309003
791720815
865975103
1039636032
210526906
1360854945
1755091517
2089699739
1168063291
13488872
1898195539
356880206
92891155
1438505786
651151535
1547971409
743755277
1694165099
1451421378
87578865
11708602
2097678917
850626385
436414329
82492121
1267021373
237540008
1723119485
1015669457
97079000
1528964077
784515778
174994778
1565460122
471507346
340752589
1330569276
1545779366
689855204
1299012103
88094512
470216951
1580573889
221076361
1494772963
1583808057
1034866534
1234124170
1965005336
252348229
123234150
817929826
1363006700
2104671800
152130487
1175843898
1308899893
544828207
2090566375
577845075
93973252
1725147296
1937176940
2130487023
501489738
1226689368
1591096088
1490858719
1246795415
2092142605
77195691
526562218
1000059901
2037336223
835809923
1157282647
618654227
152855280
278791534
1747544280
223475222
1368736604
2108317344
1511213075
1835385129
1472859351
1842171328
1909844110
114410173
837652642
1980032028
269710517
1965221643
861880234
937497597
252982219
913382334
2034014077
634368790
1047396459
962905263
678569193
715715094
1138253242
289372872
1699468851
1434090333
1716811052
102668041
1787164401
654346954
1740302063
760490921
2119946117
1553952947
800454391
731589972
1151762998
35983854
1624064167
993373843
1030643692
1329665804
2098248473
248524618
553291400
1352375462
1858304010
1433608794
957250270
2044548815
247670629
1677454183
1749168208
1928935849
1022364010
665368244
333074440
1723259155
925473147
1331080489
1138098641
1140707712
1680792451
2085103223
733272210
836086755
494261763
2009111378
710689897
1687342790
746349243
1922972125
539216992
1080045178
2110595057
1265966628
285796815
1130270313
949349473
1957580994
838795086
51201415
970586049
1324141987
551388500
582850535
1419776495
2124215524
1043736177
1116788586
1704886969
1245112279
1761486116
152214930
1668305993
1736602658
689046874
268669044
1223989803
154357510
886051716
880690380
1555488508
496927422
1995834195
1382477611
248021682
657854462
1849131027
1546630731
2028303234
772138394
189212833
226924675
263932786
113078344
1240011018
1050605141
105938043
2047026302
364741570
1704457253
1316607322
570655861
1701076094
891421957
1973897459
713245776
436532910
236523691
1488290402
1364479573
2076985754
1114490500
1921019808
1141344601
892496920
1099943905
1347128527
2016502587
1752324584
1387508559
1465342499
867516806
1345483948
317348614
1690830444
1114380858
1401543302
690835575
2063071299
1211930277
1307987024
1617026824
2115076049
914309738
521665907
1074163676
938842935
1198483619
2009352036
1793102027
1168791453
1653694755
2010503873
750205041
627701979
864104404
1907402756
336329058
479506877
1302886463
1331255777
1811871355
1121539830
1493755691
1558436674
137661012
1619400357
515396700
2054816477
1305523153
1471733372
1761476220
2096307822
546011608
733461139
391406360
948352918
312645661
2041845448
805917889
959482960
354412312
2000710864
267260243
92361996
682692888
326011103
1856191058
712479338
625231473
948252400
396931439
1261780116
1491518161
1612614321
1805089579
295358008
807212465
921531406
837544339
1251853601
406470631
519975513
346583337
305681009
1312413783
1873283091
1744677347
1890686077
460491210
1143959898
1596595788
1633244229
1480154071
1777180398
84716233
927457422
946034941
592467937
479088375
1055015070
1704608723
1590561755
1463055151
879532179
282209622
2057076743
486196267
209205601
838393442
204808350
941876930
270038630
2018846268
1679335694
1143104975
606141100
2115715148
1936995526
1815043120
1105328058
2140971752
82135713
582647018
880945175
1833740619
540890348
381107050
903626588
213428900
1500891158
956626406
1615135221
245968971
1704794611
384574434
1232658036
1762336014
940059565
1023978191
700678801
890943402
1126180935
404331214
1994491330
850897493
291209679
422622610
1405346675
2011703672
1559320352
2092974435
2128518883
679646074
440478801
1445710398
1403488923
819461048
509444030
199791385
1862258059
1412379280
1598449073
1157929285
957505474
201784477
1053422764
1815555053
56318153
680479485
1314057301
76298683
179276189
1085564621
1976213758
7050906
416906312
1033118134
12178896
1733270422
123245339
1365523873
866439061
621978335
782279050
1842503046
47811103
1299251692
2122578084
1020850530
808163927
525681595
1389855021
906604359
2097669861
937329975
176168281
1485130637
310575481
1089271219
1217539112
1482768934
2082966197
813604243
1654630489
540517135
1492560567
1567010059
979303692
1781134307
652429382
487306494
991709687
501176458
11618456
687688712
1720217924
471291150
1865204157
813154711
1008003334
661494414
968993196
2037686580
1606478423
973107531
1178282984
1892739040
11286543
267547103
880439247
629009817
1049450275
274292622
65485183
767567100
1257026199
204936629
1238986597
1733227268
1969472801
448174687
283192932
1306198256
683082332
1916176375
1766045342
859081283
1662179749
399187991
1977490145
119621861
698338454
636844415
1384332465
1661583719
1017590557
1550998305
947470062
1763692900
2101471032
1968862808
865286434
1805419011
2040771151
7787065
1764136297
357646488
1563031085
1472682498
1181229821
153665386
318876573
1155965104
1949534045
477487247
86012061
2102725548
58742810
1815293172
521011265
1558623909
712165182
901478777
808914471
1420984953
1789553753
1881963577
567811987
253092172
214979625
1722692583
413047847
768086460
1141776613
1231430483
1267200064
1991285547
816489766
957055756
1407859439
1650457915
270861171
1610722080
1401921938
13018200
292420711
1169168127
352649999
1966429550
636466561
967017854
693003436
452158140
1452204680
704239351
1623134862
1659509696
995416985
1674734477
1348013517
1714031186
2074134991
1863771021
427229744
1871032013
1144435853
1158431728
1883086218
558271847
1659230570
14328061
1912914608
238845602
963401914
314151179
1698083349
1681151195
693428405
198297956
1470816773
409078016
1902879047
1716021062
2028200058
765182047
364016243
2020509443
913520798
1669733785
1091614564
198699848
1471935966
841445045
855255058
994416250
586940071
1709075025
462441357
687691836
1502486720
1301433843
284495082
1484091661
1884965188
2067615613
1564570823
1112247823
1225196090
1791980479
1148858748
1114668770
139915219
66518055
1435252703
1919297455
2144249663
834452883
326526644
713249089
2146097452
37081671
15316656
1435048269
1786014172
1173436666
1064837416
1804592338
1501540577
157225739
881002331
1083037339
1493023352
1666733009
471630936
1838607330
840565888
1179177743
1100723085
1385627919
1720504597
711644295
224040430
986194077
909232334
505558693
1335156670
1286315550
1010058895
1995872860
743020797
2096275285
782124811
1561261582
1475746415
1521145217
11310553
696657317
664768836
1011763385
1033531954
748104127
1351144297
488716146
1749058885
1553524742
2143612522
2125933598
2139530295
221011613
607353602
1269336815
233142202
335371446
2096783169
1351875001
850182985
1428484672
601966936
865805302
135570941
230549694
816696580
1321237731
1290522383
1118746419
358854037
654557639
161103851
2033287993
2042330778
2062884435
2110772717
2103042354
1994024235
601027877
1345287610
2044798357
1576559571
2051305063
121328190
1996306794
1909406487
327356052
676620605
18023377
436373671
1466414939
375844760
1926535867
1372745505
2138281116
1736378143
837586108
183808124
11769743
1520220173
349877753
520406295
1986347524
1800652836
826028604
205134174
2074977220
2125703526
981409318
1033649174
597658647
1849514605
1931213188
241133383
777785695
1710273127
16358586
672165315
1080602850
1465397938
1304286043
173913942
680028325
479336464
1151061467
37459340
345591155
356976007
1372765276
125623065
89014013
1340752600
262276260
1616723945
724859931
287647897
639477040
814332869
1332672817
1502540785
1579448162
764125598
873298604
1483463664
1692607189
1874716026
1224971692
1958863497
1340715985
566269688
1134811324
1111456557
1057416922
928332417
289767100
349683972
1476090723
810502925
1048522208
238655178
1908932512
2137968271
1632068817
117615173
889071481
1143965439
1030969329
1214575966
1764548762
410380802
2056724668
293926627
2087597479
2861367
475414858
532708568
978334349
1005597984
1759616496
502364790
1174445044
228476075
751841030
1379795905
1977576400
1143868252
1641139396
733882569
193676567
1292658714
856659782
1523714685
742142093
637138579
1552129199
1275994918
485758138
2022280524
1648983913
734616712
1506900734
772035144
1812201098
1060646288
382227387
2020749396
51339858
1899600313
1397590960
510138093
2121723601
2016316418
490562662
1336544975
1168350886
486647684
781296066
390450460
1553762273
1233995698
880524987
489361189
2123721994
1466894898
239631142
940681431
596515899
1404296274
1781871789
1028771781
739073640
1564288552
590650591
500288717
1957451967
1928285515
598179425
368369258
642998826
1430481192
661087041
1294579094
1037528818
1750704897
1179389547
217290586
1178031229
1036475272
212982324
900713715
1177175864
1202966548
412495380
294235298
405083280
990353790
281042289
1319773457
428981017
1478426267
591421846
2102678877
1657610962
1312076885
1718747330
1408195524
2142820224
221922664
181015645
1654007020
1550501686
1303182262
622641222
1682482638
1625499382
164218184
1273400647
568756797
1641070450
1559244514
865040554
827458071
1433273323
1017916994
2092837605
1511651079
1585804603
476059125
1841473392
326472948
449966829
478391509
805496759
1909436169
1431813258
1451426594
1363735339
725560162
1260193007
1310146364
1442391667
447889232
485824985
303905786
229669825
1139074633
2046771587
487682731
2058733119
1125621103
1814728806
638995111
1797649063
1770130875
1151473951
509708432
133332722
1934487238
1033435247
901723946
315259688
404818996
1873010524
388236244
1006208342
276953021
1657134452
1504618659
1632457374
257003993
1622166833
1519885850
1447655272
1875653383
1385292920
721940103
226115767
816308155
391056188
1027843324
229806230
143757538
1463663168
1822552553
294506416
1579301651
1117864953
2064957267
986588671
1845812819
1011255697
656608947
1866484893
269584517
803683848
30743149
1020357302
70636652
2088958325
986109163
328765343
1354895198
264699499
2030370646
2111601663
632999816
889828214
723694065
1354206251
1992385752
1986851525
465096722
520533392
597831307
1233809889
1054769597
418228553
1430159187
79668123
146894046
998854097
838359588
853710341
1995835427
1602937298
748745115
1459580566
285475188
1569274396
1875866635
1624655473
1589137936
1090170033
1813270054
659245247
1132870213
773937917
1247129157
1811354936
1197080267
1423748387
1331999316
144935105
39051710
493744242
2133281373
216084016
663712055
1374366454
321485231
958642475
1258481030
913987115
2057912491
1779961134
289663245
1956664013
1541085482
1212969643
289063868
236062667
1004113806
1307294795
2099414052
1722498649
51454564
810958419
289693754
982904100
1201812147
972003874
222701483
912639137
1220898532
128352214
1548173782
102166143
173785677
363571215
1577406827
1117524539
1696166748
429877195
259602334
320262353
1322039900
1649500272
91148551
1477904784
700103399
69463529
723871257
2003851783
781347305
1834816744
2142005564
461007643
1218677324
1766380361
1443871882
1611119930
276859461
1881986199
2015385891
992462250
1888791354
1523297447
89772590
587484923
1847885391
1656085090
615697772
1240936091
1044733836
1594422433
11414394
1031045512
842611116
60916529
1113864611
213303840
65436805
1296705013
236382047
341649684
242798607
943377451
802789741
1904339835
523611666
1097129415
948229256
1884620803
668511344
1790269691
607623625
1495364930
16638476
214173144
531361432
233677610
1826451542
1970733582
373402192
1338335643
662821749
1427375823
259670895
1145724435
1381202703
1982655186
290584182
1267305088
535686584
2129330804
1091453027
778493750
257497332
328540152
1935623881
72747516
697163755
350623215
514942857
1923988545
1111972520
1426439603
1625672239
2043439724
1344534541
299148301
805072107
933260881
749114455
584752631
556255018
1091739327
1096691274
1319806843
1927920592
191991350
1828422905
1662160570
249246996
1030537910
1141278772
1393757448
1513841657
2140297394
1239033230
1703219253
1459174757
1941349156
237739017
1771771367
1899589344
2018802362
1112219744
2000263970
1627694314
971902510
1109277681
512737770
1080925432
870393267
741404742
2089381632
1908153613
421456779
415320383
986071495
2124516082
1390832565
838445021
1574234186
1657634066
1361190084
843624365
1504211287
1560559348
947643339
2106220751
1656053443
666821461
180364661
757368994
1811831249
1425808865
1709151793
1324438286
1270123438
1239596686
1709742986
2104845933
1326300179
1237993621
164376724
571184150
313686029
181124878
919560066
235325320
432579289
264528168
1380549205
1592491568
910357225
1985327106
1843436719
1986834903
1608776963
2122954792
720912582
1567408043
1416335241
1526216877
1402769780
142702056
1825521619
456712673
1895437162
1157829155
491465656
1622705583
1921785733
572561971
1587941676
592098198
1219946553
108042684
1314127363
1286527554
1050616873
245100121
324336084
1347922118
685805529
1437658214
1927359480
1756694904
1113954427
1443350119
139075506
279752810
1496687077
654688536
386984041
74635136
1471445412
521887249
522913808
674521651
312781098
1118979862
1844189606
379405025
845642018
1124230137
807952857
953785294
563124197
127018284
604276678
719173051
1225815300
1629269223
1823004635
287868449
1645708293
1834557682
869438174
41295626
1887811628
591990544
1394862854
1402143373
693939054
1139305992
289108295
458683364
1281360523
2046322001
1462097067
274563115
771145780
231122265
1707668956
855382199
127490407
1642445426
1721069758
1205418257
1153662172
677864537
1597759033
1342550670
496869271
1139842149
527773716
2050021260
1317109918
1032819785
1044490493
1730273355
1430123973
842438533
1467486885
1840022373
2108781477
901994863
1664545800
1299995627
1813504683
740874714
149137866
737302302
727675724
340437600
184509117
1552483271
1377911638
771423826
1314398847
1650998580
1150666338
1241091896
1176243265
1889422287
975831910
510132230
1362581410
1367094620
1901713767
612960478
1883861433
1165268686
759471435
812275068
1820585010
1245184455
1899266764
216899651
252574863
557807531
1009148553
86258657
1211198864
1629830240
1214680887
1203281313
29492398
1085659812
1521519604
1154808397
1459518912
2032587786
1007326652
1597040573
1438277313
201201298
1727205876
72926464
1796343209
411890148
1116017700
1198557990
1566470775
1175643689
1444564162
525281449
62156624
508053126
2026099497
695462262
1494407361
634800438
2128108713
900076955
144566305
1690419011
1542296247
312971406
352420370
430394849
2046515781
904258327
1567796006
729523047
2051210797
186759643
1458070685
1542439403
385961670
1278968455
304501581
1078008184
85059737
1297379733
1396159131
2025769966
1805317166
819845822
1931425189
1414075511
683397375
111502844
552114306
1915055266
305020302
655051579
1578288033
827435293
1324396178
687365787
1200980814
1386866707
1015654221
142366564
112457043
509135648
1918829817
1775852423
192736955
851908333
1427722080
2009627085
1080867761
859271789
1916420235
345201823
121093000
827315
34526610
1188700016
1887140564
503588973
1595431570
1361105099
1930169781
840243201
2064450493
1160694516
2112719924
1958870338
164087180
1921166654
770028229
187108815
1124613647
71327721
1796196588
427877640
803119460
1135291573
874319869
133560494
2100083526
789878279
1041112059
1991539990
2028222397
583612087
743807138
999822090
1018922227
1418695796
2090540161
1831221565
303415335
123825877
316460094
40246120
1559183291
2059842812
1083748349
881326341
367488103
1346497513
1343405276
941227431
521780112
2083549017
1373287573
726402292
260226227
1795004248
780475719
1931568193
38489083
237923434
993833806
570913736
1369644019
255603794
830854990
817443208
16050262
1661911421
2137233999
306444217
55690241
1691094798
1025911298
1527177451
504763401
541152135
1671724834
1749423034
874637801
2080527376
1419726838
604295216
1822920404
1545495143
1034512627
317503671
2091790889
77008741
1817292158
1438019769
18074885
87768105
1250763470
1819232982
658009330
667538403
1755547376
1907974337
95303612
2011830335
1413944804
1113525944
392993380
1463552619
1663581925
1206414494
2017080622
488774343
1281371078
1257307830
661141205
1116596521
865672312
224753662
1739782367
950829001
151632040
825559078
1934020363
2053837520
38312325
1929334571
1587878886
185855608
2077191583
293580949
328522876
273931743
1440299243
1133011017
2139815212
510850158
121459427
1122706187
304736661
1058030560
505472202
810769556
901573036
2078189810
183683597
578069836
1946877424
1482258598
843175109
598393253
1051069620
566917171
1404803162
1071346964
102126235
1491544460
270662721
918047404
873408547
1650595467
1466431717
1275465048
827936344
