1506179
3100286
3432294
4012286
4250962
5182655
6281187
7890809
8837995
9808504
9929486
10921460
11721027
12673758
13855471
14184030
15756698
17279847
18243415
19591578
21570310
21916603
22948777
23741075
25117593
26087304
26449990
27453757
28508116
30324827
30755374
31030569
32157741
33840993
35578636
36701971
37332234
38568394
39967302
40341482
41738811
42551838
43754620
45015609
46380482
47256696
49087624
49624856
50575509
51526354
51744203
53005539
54829440
55081494
56337498
56796034
57475344
58957838
59590157
60826859
62167525
63353964
64429054
65284688
66254315
68223257
69829005
71116620
73122791
75258768
76134401
76817283
76887105
78115804
79107475
79621128
80961241
81596261
83025906
83289525
84901416
86035442
87097481
88759706
90149833
90653431
91589513
91721302
92423817
93289807
94972632
95587708
97294162
97767624
99060385
99496657
101030600
101951164
102969735
103681848
105513448
106437223
107675927
108919671
109760685
111600547
112805559
113744784
115309467
116383781
117371091
117490789
118403067
119000390
120180769
121280860
122766512
124172861
124985642
126743878
129256171
130253858
130933299
132629253
132742989
134540300
135936601
137342120
139404675
141049077
143527528
144116506
145333272
146326502
147194788
148783181
150097814
151227935
153390771
154645788
155335117
156124064
157561312
157799800
158537288
160025996
160999451
161994402
163214274
165550131
165715177
166435457
167497206
168376779
169509021
170939554
171360909
171594651
171623669
172839970
173616470
174454977
176048863
176948321
177798178
178507138
179833409
180796505
182202932
182578894
183035657
183360057
184899276
185885122
186783272
188050054
188219383
189764237
190221606
191341959
192880784
193918388
194589651
195966964
196785770
198575665
201020321
203002377
203594596
204986508
206092719
207586015
209883112
211510359
211745020
213013962
213554185
214904783
216451863
218113373
219341966
221209584
222157623
222759398
223806986
225067733
226436516
226989815
227483922
228321438
229532221
230663664
232109086
232970338
233249324
234735868
235318470
236945666
237596661
237790072
238963478
240679873
241777556
243975894
245975914
247160168
247984617
249359616
249956183
251067223
252320438
253435822
255285400
256984765
258896326
259618946
260302429
261746028
262868325
263800087
263851254
265097558
266670476
268207978
268902730
270389129
270718028
271421507
272492961
273095349
273625729
274211803
275240433
275796358
275956956
276614333
277017271
278320763
279049803
280377226
281507623
282808399
283782337
284766493
286154234
287376222
287643016
289136274
290064238
291531268
292411131
293643128
295454482
296655319
296825042
297978135
299080785
300669131
301754988
303766547
304851643
306233284
307767897
309070300
310400296
310835586
312032386
313111539
314212525
314764531
316066205
316871115
318081604
318703930
319413750
321287605
322910681
323421199
324559750
325804476
328075905
329318926
330378356
331324202
332534280
334248194
335266365
337317076
338625197
339100118
340822715
341779263
341936770
344268884
345103177
345811147
346688037
348419959
349826767
350762567
351436772
352950313
353681807
354222527
355279748
356668087
357610604
358533237
358753134
360023402
361248353
362210469
363188193
364817504
366604986
368849851
369894957
370509371
370955114
371713617
373143803
373705585
374697380
375413048
376688918
377367682
378350920
379601222
381183190
381894741
382317219
383821609
384448258
384881747
385558873
387262827
388106919
388900872
389140944
390087782
391438436
392395903
393656954
394505338
395991425
397819386
398886561
400635406
400979437
402454263
404538201
406108452
407057527
408522282
409835078
410638322
411522653
412314782
413275204
414216302
415806471
416176586
417049423
418935098
419504547
420163725
420698215
422319760
422721330
424238977
425476961
426012673
426215701
426822706
427421867
428442324
429565997
430868338
432240996
432480070
433500526
434736404
435672933
436343442
437364530
438671505
439131658
440427436
441172916
442161413
443169362
444523654
445219546
446728215
447756176
448282124
450412551
451642887
452535206
454639137
456145885
457735307
458725449
459616802
460902103
462115515
462698804
463476570
465314252
466573582
468119390
469417754
470842250
471384010
472575881
473287060
474385553
475012251
476637807
478207911
480063459
480899072
481593038
482370061
483644446
485324718
485593923
485918407
487267192
488328274
489174965
490495832
491724634
493054264
493698663
495431228
495992291
496931887
497442515
498392559
498845789
499541722
500114883
501216221
502433660
503752658
504742227
505932365
507889631
508498218
509914441
510162405
511103737
511456208
512379652
513115337
515240942
515345675
516231864
517981419
518943571
520180012
521024046
522272468
523823509
525413148
526091520
526843252
527785184
528800457
529499342
529936626
532765919
532990188
533859795
535933510
536992735
538201627
539453795
541209592
542715020
544175440
544792312
545449700
545867548
546576113
547630373
548445018
548913144
549249962
550178028
551221539
552055088
553068083
554103964
554785293
555374345
556285405
557999966
559935843
560658729
560896095
561292251
562451825
563526032
565325169
566599007
566804186
568141388
569501722
570743022
572421780
573993852
575131333
575837220
577312213
578662860
579964780
581035107
582153020
582595741
583420967
584629534
585961176
586681043
587568338
588793689
589983049
590466856
591187796
591797273
591912116
592474572
593978549
594195385
595254342
596114131
597314367
597666967
598997462
600075996
601475492
601872920
603039446
604628773
606039292
607359303
608533393
608934746
610572932
610960399
611285688
611978364
613538879
615394127
617069911
618420959
619447315
620103796
621023325
622353409
623830084
624424913
625926990
627260256
628590568
628948937
630319601
630781929
632440590
633546859
634295479
635592299
637047920
638403690
638714014
640150510
641944972
643904126
645284430
646427474
646944434
649329855
649835653
650037140
650545779
651233077
652949942
653852584
654649656
655470973
656573083
658460616
659722550
661024709
661790199
662885076
663333325
665095995
666362321
667028156
668519110
669539016
671683617
672526310
673302437
674223184
675686521
677226578
678515206
678909974
680284962
682153722
683709229
685173945
686610524
688909323
689970954
691953057
693667834
694221569
695302982
696758496
697991607
699001868
699898904
701014380
702162747
704310532
704836814
705118340
706238427
707484642
710396995
710936229
711995897
712916983
713479208
714571817
716033749
716741146
717679617
717974471
719237354
720750447
721705888
723126233
724087261
725362268
725711898
727770571
728480685
729694067
731084840
732632145
734093248
734757816
735728733
736751193
737740002
738660830
740172206
740943609
742014781
742872354
743629000
745124800
745323758
746510351
747121362
748575142
750028857
750840344
752267739
752952167
753483122
754599635
756116529
757705258
758230185
759204830
759996821
760646104
761770989
763340939
763853950
765250797
765863660
766011508
766836593
768815471
769901159
770073980
770114722
771367959
772622393
774310264
774884294
776330339
776670172
778187395
779852686
780872881
782665127
782803194
783662857
784878838
786040741
787341734
787742499
788589202
789596411
791440244
792776394
794518933
795068094
795475587
796104243
797058390
797498725
798455203
799809173
800889133
801793330
803186746
804179076
804825424
805561981
806785241
807777015
808954007
810063099
811782844
812924909
813820235
814127234
814974852
816481969
817102041
818666557
819572079
820791306
821940462
823027153
823231081
824236486
825150047
826265297
827148932
828438015
828924902
829627161
830997028
832747140
833793345
835677641
836647080
838371982
838970790
839860483
840716622
842845948
844126464
844825010
845426172
846390557
847837195
849280478
850245761
851268668
852292547
852852242
853582583
854755768
855492448
856579552
858018903
859050662
859315237
860910897
861994551
863654461
865171538
866733118
867553330
868366563
869313477
871179390
872144752
872982833
873561635
874373795
875929104
876886666
877709494
878379972
878975285
879703889
881295541
882570659
883994268
885520099
886026440
886989471
887387995
888334871
889404815
891249674
892276869
894293314
894637259
896111827
896940908
897481942
899170299
900736659
901603495
903094724
903698702
904019421
905025156
905763071
906907651
907356508
909308192
910089461
911393581
912695923
913943563
915524436
915866812
917358308
918379092
918976192
920303591
922778554
924058711
924679251
925235837
926573053
927712713
928426804
929052084
930916145
931573976
933598776
934862567
936001927
937099338
938320059
939012723
940903732
942227743
943033322
943601891
945086671
946142234
946427981
947935813
948579128
949152196
949850802
950499201
951838584
952926062
954155416
955817461
957037140
959004531
959971059
960268955
960709894
962075022
962996816
963737318
964278410
966343615
967976245
968814785
969984868
970947859
972826615
974201080
974686337
975611585
976145770
977685361
978221623
979798323
980708558
981057972
982833873
983929202
985615128
985998701
986442488
987426201
989611670
990831418
992105294
992839331
994148369
994675462
996257402
996662129
998733438
1000248549
1000994565
1002225073
1003080052
1004124621
1005484790
1007536133
1008972542
1009565490
1010420009
1011264985
1012037202
1012524780
1013462405
1014453220
1014654090
1016545325
1017220198
1018143334
1019261910
1020050383
1021753800
1022840088
1023457467
1023477838
1023750814
1024798221
1025855372
1025868956
1027176957
1027899701
1029229354
1029967609
1031321337
1032282520
1033682349
1034889294
1036849115
1038450510
1039720745
1041261149
1043112991
1043607874
1044050450
1044062412
1044909363
1045542188
1047060885
1047745167
1048657403
1049685929
1051568603
1052119987
1052723320
1053753679
1054960190
1056856724
1057283151
1058067343
1059673195
1061714740
1063242091
1063505970
1064381313
1064879172
1066435988
1067313360
1069075986
1070042238
1070938348
1073189534
1074040656
1075124537
1076464569
1077686266
1078556023
1080174081
1081283749
1081907744
1082596380
1083332671
1084511764
1085572415
1086850325
1087807763
1088666331
1089670286
1090829322
1092800545
1094187522
1095514338
1096783847
1097450055
1098778562
1099658037
1101096945
1101862543
1103479536
1103580786
1104199644
1106329991
1107728300
1108977511
1110334681
1111250491
1112252326
1114026665
1115203761
1116676700
1118184678
1119307946
1120640774
1121797347
1123643583
1125893929
1127153144
1128091932
1129059268
1131619767
1132232447
1134205967
1134923891
1135740558
1137182631
1138186395
1139000457
1139726770
1141410121
1143938995
1145235902
1146743630
1147859092
1149441010
1150599337
1151203157
1151694456
1152894802
1153567929
1154817609
1155776845
1157523743
1157829563
1159233747
1159585573
1161351925
1162500140
1163904908
1164829697
1167030857
1168029216
1170357008
1172581327
1173816096
1174538276
1174760571
1176393393
1177500226
1178731649
1179658649
1180783130
1182172853
1183970598
1185090185
1186201569
1186810061
1187555361
1189259725
1191252712
1192243333
1193679816
1194577082
1196027176
1196488825
1196900784
1198574471
1198807461
1200534878
1201347360
1202078960
1203192614
1203722883
1204807296
1206621021
1207450444
1208577202
1209094976
1210345802
1210549783
1212073722
1213062870
1213229269
1213847388
1214699161
1215410369
1216669207
1217796803
1218636695
1219459338
1221117147
1221656001
1222854054
1224323836
1225308059
1226746470
1227153496
1227902954
1228820519
1229731645
1230439518
1231991444
1233336093
1234185323
1234592294
1235978467
1237749059
1238878732
1240019685
1240517861
1241007182
1241443194
1242396397
1243026736
1243750817
1244879319
1246589309
1247821207
1248469493
1249086067
1250332263
1250706287
1252056195
1253300646
1253305086
1254340791
1254930690
1254993489
1255465303
1256835040
1258112772
1258785792
1259546529
1261522196
1262430250
1264141841
1264317636
1264779944
1266620178
1266736416
1268006939
1268667011
1269399345
1269796089
1271929850
1272546647
1273853994
1274553486
1275560788
1275803579
1276712408
1277855987
1279940069
1280373500
1281128323
1282048629
1283157168
1284612435
1285821129
1287212906
1289565722
1291400224
1292823038
1293353610
1295377304
1296678175
1297774971
1298507798
1299406259
1300698920
1301881617
1303136639
1303949413
1306033527
1306386997
1307148248
1307432701
1308603766
1309305362
1310693098
1312573720
1313625526
1315246272
1316192230
1317109994
1318412696
1319722354
1319976033
1320652933
1321350586
1322810511
1323562148
1325200049
1326218560
1326492553
1327328688
1327858367
1329032313
1331423426
1332565299
1333951891
1335466008
1336774477
1337824666
1338520375
1339173912
1340359656
1342357976
1344162373
1345407196
1346537109
1348581564
1349127272
1349349832
1350962379
1351906128
1352773547
1354717493
1355591847
1356857376
1358067643
1358938953
1359978632
1360868135
1362321373
1364143157
1364527607
1365703554
1367463566
1368433895
1369640901
1370485887
1370994816
1372346554
1374247273
1375035212
1376625459
1377698209
1378237389
1379363757
1380627166
1382140979
1384146080
1384689303
1385255068
1385901517
1387688889
1388023609
1389374353
1389792885
1390639722
1390975584
1392405675
1393515814
1394062898
1394304808
1395745748
1396932216
1398367597
1399814480
1400662308
1400865932
1402004096
1402816762
1403881131
1405208788
1406183889
1407547481
1408756561
1409829182
1410906984
1411647318
1412255307
1413834601
1415627091
1415995124
1416672505
1417170845
1418041600
1419893343
1420804493
1422252632
1422301652
1424381458
1425988059
1426565955
1427803530
1428152588
1429234886
1430053542
1431313344
1432346395
1434063570
1434809706
1436394159
1437431522
1438331319
1438520408
1438532413
1440819725
1441928700
1442523391
1443640497
1444438515
1445186337
1446686661
1447534906
1448599690
1450264138
1450786019
1451575981
1452251133
1453840830
1454761596
1454978109
1456225028
1457046351
1458380834
1459596044
1460115333
1461012735
1462120586
1463007546
1464376511
1464827804
1465078974
1466079850
1467107550
1468793013
1469266414
1469845329
1470227272
1471483406
1473445142
1474174583
1475557479
1477456935
1478232024
1479522538
1481001038
1481829881
1482597657
1484475060
1484492486
1484988075
1485441034
1485992149
1487166004
1488008780
1489192173
1489938556
1490687702
1491590333
1493157508
1493741580
1495861486
1496098849
1497984955
1498339565
1499263717
1500131419
1501565370
1502846523
1503540189
1504500648
1505407585
1507620993
1508504260
1509606540
1510577079
1511805309
1512742820
1513794171
1515715377
1516073003
1517286333
1518511721
1518620339
1520419802
1521356744
1522853405
1524295709
1525747443
1526618787
1527243446
1527689866
1528942922
1530775494
1531345721
1532041660
1533242324
1533596064
1534822886
1535948643
1536826026
1537913933
1538415041
1539231082
1541047907
1541888384
1542725038
1543015344
1544262075
1545220158
1546978811
1548331949
1550039382
1551244417
1552415033
1553692618
1555422901
1556829748
1558178635
1559042825
1560085596
1561666722
1562926271
1563471811
1565476776
1566786933
1567809700
1568845913
1569835121
1570232888
1571415190
1571924420
1572792292
1574294710
1576606796
1576790550
1577735746
1578820068
1580269809
1580668818
1582608899
1582905079
1583629605
1584049192
1585170085
1585639442
1587357765
1588216476
1589516797
1590453561
1591380748
1592009622
1592895988
1593856500
1594583079
1594718395
1596028771
1597189582
1598445954
1598739912
1599758906
1601103297
1601582658
1602926967
1603824160
1605413380
1605925840
1607546478
1608604753
1609687291
1611132477
1612300076
1613372738
1613917746
1615277439
1616056549
1617534264
1618618206
1619564380
1621080501
1621675970
1623480688
1625025763
1625809586
1627263082
1628307557
1629136839
1629986276
1630421103
1631711696
1633127735
1633408987
1634764798
1635721733
1637155334
1638426509
1638861238
1639815269
1641372552
1642155828
1642643841
1643774874
1644920773
1644929877
1645009432
1646750642
1648142992
1648554478
1649465796
1650231431
1650447899
1651067981
1651175330
1651674966
1652788815
1653882479
1655218251
1656952207
1658178463
1659558684
1661190294
1661783494
1663095075
1664488680
1665482688
1666856008
1667956441
1669256172
1671000431
1671265536
1672291802
1673232125
1674289515
1674962597
1675879888
1677908910
1678275131
1679623532
1680933940
1682454839
1682852861
1684240019
1684930510
1685785263
1686672211
1686898781
1687933646
1689294890
1690429434
1691761628
1692667788
1692925456
1693280869
1694438459
1695125640
1695667551
1696358067
1697564671
1698651423
1700204395
1702170006
1703561762
1704484282
1704901204
1706322152
1708461661
1708861697
1709489486
1710663636
1711354856
1712349489
1713694049
1714606543
1716197712
1717380359
1718062190
1719226992
1720636703
1721902956
1723386961
1724479474
1725786057
1727169907
1727971346
1729112345
1730006797
1731908336
1733348179
1734045443
1735614056
1736514195
1736953677
1737461229
1739165766
1740971457
1742254805
1743615981
1744230914
1745468370
1747043030
1747790828
1747940116
1749271106
1749926392
1750341055
1751359408
1752777840
1753778939
1754134307
1755008905
1755680301
1756848525
1757684809
1758906493
1760360527
1760833499
1761629447
1762691889
1763896094
1765456102
1765939668
1767433721
1768560168
1770794651
1773172830
1774479347
1775693891
1776497625
1777705888
1778512964
1779780539
1781877125
1782689682
1783404410
1784024545
1785664765
1786712718
1787631514
1788020578
1789753215
1790109066
1791036853
1792444730
1793697149
1795254155
1795704356
1797481250
1798871652
1799733785
1801779746
1801785755
1804239489
1805238877
1806101777
1807890106
1809261406
1810413932
1811322020
1812277872
1813804416
1814038910
1815592772
1816738166
1818717009
1820604389
1821141347
1822560589
1824250305
1824715718
1825464654
1827207312
1828458414
1830353002
1831861578
1832907339
1834143329
1835313250
1835456247
1836385174
1837978549
1839328503
1840274905
1841250001
1842388240
1843279826
1844513734
1845611378
1847066743
1847326474
1848497724
1849375868
1851541226
1852077126
1853092404
1854788927
1855765082
1856089772
1857127211
1858689037
1859379562
1859806973
1861645498
1861904104
1863600183
1864596006
1865616025
1867625874
1867726311
1868669031
1869556744
1870778052
1873366005
1874765429
1877002393
1878095084
1878786848
1880163107
1881681918
1883246582
1884374057
1886151691
1887536691
1888352694
1890108196
1891225489
1891684610
1892625146
1893350821
1894500173
1895187124
1896717627
1897507269
1898259574
1900300574
1901226401
1902702011
1904545813
1905514358
1907192310
1908526118
1910656823
1910873445
1912182306
1913574941
1915513710
1917687150
1917879137
1918906849
1919452484
1921021674
1922456921
1923448631
1923830468
1924464579
1926013540
1926290707
1927333229
1927925953
1929095063
1930129114
1930867753
1931621170
1932619587
1933082692
1934261856
1935862505
1936831954
1938015566
1938786148
1940134572
1941285065
1942268475
1943780509
1944950849
1946163946
1947748413
1948971610
1951036899
1951937388
1953994114
1954136322
1954756713
1955399682
1956356454
1957270151
1958687161
1959393673
1960959984
1962993288
1963773592
1964392219
1966058742
1968211387
1968737402
1970537941
1970979875
1971392222
1972501273
1973926913
1974985864
1975946633
1977907750
1979643989
1980219895
1981422240
1982550101
1984076562
1984999248
1986396276
1986552796
1986998203
1987559617
1988118529
1988182600
1988828251
1989096399
1990480682
1992014267
1992568510
1993422565
1995219172
1996335531
1997466373
1997927700
1998973372
2000046826
2000935840
2001519669
2003240161
2004056911
2005642311
2006238269
2007447546
2008598700
2009366484
2011708114
2012211543
2013659968
2014382176
2015027657
2016411858
2017973647
2018751820
2019388219
2019918817
2020250915
2021986717
2023637530
2024118030
2025988510
2027086975
2028422197
2029736785
2030536909
2031271221
2032563820
2033853629
2035686117
2035766828
2036483212
2037559342
2038536320
2039984177
2040552212
2041349154
2042821896
2044510183
2045663335
2048079056
2050453377
2051129281
2051913762
2053300214
2054192148
2055824415
2056051674
2057017163
2058829970
2059302015
2059618981
2059965837
2061348218
2062076860
2062878944
2063750114
2064441819
2065778619
2068581458
2069560236
2071679043
2073420693
2073785874
2075032231
2076416702
2077358883
2078144185
2078885496
2079811892
2081696956
2084339397
2085642766
2086860534
2086899856
2088498467
2090325463
2092227261
2093186077
2094208177
2095642457
2096275810
2097516971
2098239274
2099746945
2100665493
2101522599
2102822127
2104614805
2105356967
2105406331
2105929217
2106845923
2107309857
2108957373
2110464948
2111647322
2112163377
2112170428
2112656693
2113180474
2115142326
2115976324
2116656312
2117783919
2117810666
2118850760
2119973476
2121563218
2122545094
2124402433
2125548522
2125874564
2126690787
2127855226
2129366542
2130333634
2130859845
2132043346
2133376517
2134282844
2134822561
2136649314
2138018625
2139396718
2140183898
2140860885
2142225411
2143260035
2143531943
2145142205
2146803589
2147207405
-2146302363
-2145779984
-2144769817
-2144230916
-2143275782
-2142054801
-2140716033
-2139491028
-2138658191
-2137905576
-2137134837
