6506519
12569216
18923771
23078374
23354927
29237410
33198071
37582257
40016885
44233094
47761703
51865525
54709926
62237729
63762364
72948036
76096313
78089505
85475656
90562725
95248426
102349625
107355378
108426770
112433021
116696839
119417031
125691471
127775273
134003507
138866596
141862889
145710269
150464887
157746123
164557019
166847105
174519485
178038785
182248727
188410054
196495827
200104758
200582851
206663108
211154951
217833858
222038991
228308149
235878158
237163958
239852467
241144448
243338585
252937938
256822820
258517537
263365770
268914625
272282481
276250790
282562871
284604447
292229927
297217699
302123133
306018066
309144847
311297206
316896966
320447559
325181605
327320773
330237540
334737686
341047143
343790025
346731607
349811473
355211300
361862289
367475566
371755055
375367404
378022678
383300416
386605521
389760359
392234055
397753804
401085099
409694014
415296103
417858524
422166934
428273219
430832721
436436725
440154424
445561307
449531329
453481082
454950900
458626361
464561601
470422957
472645907
478208270
482211184
486345174
487289373
491333859
495515077
502653912
504150381
509853340
512565436
517009655
519911186
523065638
533565026
535846262
537010445
542414079
543325796
547776310
554481927
557464341
563539405
565266876
567941609
575242617
577725720
579505859
585357381
590706335
596354768
606762987
613582615
617004125
619488089
620419173
627837223
633079572
636924956
642987297
643777432
644387954
648434757
650867517
659482071
663693561
668823558
675072893
680860497
686917178
693227811
698888398
705285734
709619624
716830343
719058391
723082709
727067537
728305192
731711066
736141457
743110305
747326046
750528493
754688422
759458799
763963381
766430329
769802758
772007719
776761488
782495051
785937405
788922652
794697357
800157934
804765228
805311631
808048101
812660872
816044655
822885892
829642368
834491746
838841827
840207383
843981796
849383160
850184490
855176750
859226038
862564707
869141061
869840687
877288803
883983388
887479379
890329532
895743654
897413852
902770292
905739833
912061446
912479776
917914505
924121876
932542800
935065693
940446720
941999616
945689549
948476758
951805653
957989276
960035791
961597351
965291968
969286255
972406750
974132431
984897444
989614940
993663568
997915257
1000542189
1005178454
1009683965
1013186123
1014555941
1015772441
1018512665
1020725437
1022401288
1024901433
1028695638
1035935552
1036855258
1042941880
1044701245
1052866741
1060114950
1064294797
1067018522
1070657700
1078425648
1081459989
1086284851
1090143013
1093272566
1098216119
1101034422
1104360850
1106390317
1113954776
1116911066
1121757535
1123511906
1124467831
1126209930
1132436549
1134195992
1141029276
1144905193
1149029938
1152500477
1159379130
1160219161
1160567398
1163999757
1169174504
1175531811
1178421144
1186389689
1187611428
1194086444
1197255180
1199735874
1204591100
1208845877
1218467876
1221458211
1225503406
1230913068
1237847963
1243309972
1247490196
1257791123
1259047307
1262393079
1272417945
1277328346
1280968497
1283446970
1293997222
1297835181
1302321925
1306938627
1315186330
1320873564
1326293601
1333636630
1339600939
1342899656
1347925931
1352865297
1358726733
1365203511
1365584514
1370269435
1376948923
1378645506
1381068226
1383890129
1389108541
1393108841
1396637271
1404779521
1406376215
1414663585
1416602251
1424498048
1428711559
1431326477
1435972696
1441756876
1447656383
1452137834
1453404765
1459044686
1465792903
1469485865
1478649826
1482719763
1485478988
1487818009
1492970089
1496221884
1497343189
1499326005
1505554792
1510183178
1518812938
1523812216
1528640930
1530020556
1534996975
1540367590
1543299093
1546043149
1550754429
1554358341
1561071858
1568077436
1568249537
1572189645
1576203909
1578726040
1582142241
1585098128
1589697582
1592846646
1597737173
1603732667
1612004242
1616252598
1621911272
1628331160
1631129441
1635247067
1644549360
1645485699
1647686862
1653449176
1660018597
1664673342
1669925207
1670161599
1676591957
1677616134
1683281935
1690418996
1696135689
1701969795
1708351448
1712543965
1712932320
1717422362
1722846060
1727660081
1733020610
1739459272
1740706375
1746384600
1754944915
1757220875
1762544531
1765150143
1767554365
1775652966
1776321992
1781537880
1786034326
1790280758
1796015448
1800212100
1802892076
1807973816
1808486290
1813172680
1816576086
1822571114
1826835693
1830464943
1834828429
1835351326
1840727599
1847899039
1852991532
1859404983
1865572217
1867697756
1875684866
1879775808
1883637709
1887883780
1892729136
1897832012
1898924341
1905445262
1910176658
1913116200
1915166132
1919807229
1923862319
1927908868
1930197260
1935562885
1942515049
1951337292
1954952297
1960314151
1965057187
1970929686
1976752884
1981933133
1984975452
1991226939
1994589383
2002178759
2005914437
2009940889
2014418653
2020544110
2028322800
2034622793
2038724790
2041275780
2043874412
2046962006
2051030300
2059603567
2060087174
2063852470
2070134034
2074462090
2080185313
2088326277
2092071569
2098832856
2104335474
2109277777
2110396747
2112984817
2117370278
2117978487
2124006021
2127199599
2130671705
2134768279
2138669145
2141047594
-2143962013
-2142620774
-2136068155
-2128142288
-2124174912
-2120320664
-2120058970
-2113808057
-2111182089
-2106915903
-2100549017
-2096817228
-2092732081
