1553581906
923734234
1035657721
1929063191
1164796929
843048455
562555358
1360000597
1493011454
1792621773
1839784517
1824112339
2105611237
1122250916
444197237
2078880931
1271790895
1297182370
1269631088
664141457
1162786223
1716259801
1058820925
1809328393
1144294713
1002252109
1322548320
1073306022
777036637
1142780304
1444408684
594637144
1628352337
1210668028
600413871
538109744
1445012460
375263629
657442827
1701168587
312758735
1492245336
426935524
838128985
1039550878
366899884
196994357
1405033545
1415274604
339055300
