1585900813
499794014
2144921985
675169702
1572890100
484313650
1801553625
1290022573
1073425984
1564043936
1738861286
1409036663
1696247357
1510717609
1638181305
2142296756
356785625
949437029
625519746
91673184
18132064
1775273623
1642271771
1918599149
1632838239
2026450411
924742334
1080133390
1571192746
1044323790
550547159
1823213346
967915386
2022940394
2084569333
689841979
319343790
1836331325
529309402
346233035
1794879538
1463699413
1665713585
741038827
18047869
1698743850
804386143
1043245127
2094989620
1863432471
806964978
2010028456
653422060
769418615
1505110070
875341599
1950913293
443770456
1820132966
1690751435
1752901073
229913823
1900433920
2002313288
1890098284
100996024
1387476401
1467266996
847844166
772536375
2121546352
107150175
591201379
1439476496
2147242663
59096334
1408029412
1103493807
1646536331
218736620
629034151
1057585461
7115660
1355722766
680879113
625401873
2135716072
1454895265
1575453643
1744556854
1281674075
1755513523
1622998802
2013945342
79161841
331462298
1886535560
1652827035
456297979
798341637
1040348065
1310580021
1377566752
1727812765
708812536
1847484326
2105056395
540083543
343412439
1230373582
1412673602
1276144217
1845974230
1499391123
86022551
533822854
902891930
800334200
414203319
897699752
1627765183
1521859801
1471612255
2138180665
687242960
1846579904
1139847855
1141551054
1984030323
199052648
1664254487
1725266721
812444066
1673459788
2140219501
797363385
2015680019
1526295274
206004257
1763355448
638790586
1434543385
1778571144
1682696769
1450872932
1074517764
277377620
1986556931
451156868
2076143298
75362341
1986814311
1226202123
1426269587
2109090360
1191062226
1971559024
1234577082
364788285
1593891735
1165162703
306776562
180157511
949342716
2055222062
1207303054
1964735965
2117481959
1472717274
1767181360
1308888109
1738862630
1028800496
832799269
850309984
394038360
640456695
1114154588
1070407945
313069434
1900124331
1653614337
374668215
1809083666
1048769493
37341627
780591529
239920369
1836763477
648005502
2021744801
953627561
1308721218
804310029
1175607505
1037246348
2008862760
26227472
82730226
968330332
56024176
461290701
169656692
601087892
220750813
727159942
140520656
1377247058
578758194
2146509424
651074297
872011231
1759101426
837731147
2143872496
1227776989
998534207
218636194
1110508919
386665228
1947600100
2065464481
943675357
1852021688
58927214
116654222
63596024
254889667
469041781
1047954662
1817818161
655226442
23839224
1119825941
1460884153
452611831
1016115686
23965904
1822228186
1069669347
370808761
831100179
8701800
1516197669
1776491069
618256050
97666646
1780703484
1635521135
1817859998
1948295524
293517205
1520158848
756721591
20095990
316399993
614481657
1173163592
2004182017
1904792725
425053688
461533475
1199244318
837796839
44396696
1333744474
2017346753
283565507
1689732719
1902101911
1629009539
1649501376
1755605808
2034483737
601915290
810102081
1327720049
1251675724
1119864427
1814964643
1858901384
113204227
858190646
317345536
986190222
1736246356
249305840
1227934
856470405
1928746512
146605358
1291038712
1055914134
2060653021
829316925
665022310
2143332467
401427954
805949006
2073097579
1470250971
591829871
2097525454
1799734939
117260603
2024007511
2100072148
1591671847
2025368946
475803947
883368372
1522019591
355665581
1817039140
100362929
1183023042
968187761
1831839756
932439247
154455773
1543575480
489632441
1728409029
777677278
1338051122
681712423
1358916113
610049275
1479609260
1428259121
1186519078
1229310308
1868217998
877581548
2129011905
398948394
1542773887
1835383968
1273934425
214790602
2002925603
20717668
1482040757
766936154
1889523972
1728648533
1144826263
417022543
1933947790
719127154
345668502
1342546921
288595764
885061911
26096649
327226683
305941681
244898580
299522847
1931025115
825892457
381913194
94764300
1096111906
630580462
531492513
450695006
1327782432
428188062
348222409
1699256686
1200834079
273256809
14931723
281260529
1522987730
1586487728
566640874
1676772270
499898651
1309380937
1193467164
111782730
2090643830
307306399
1231288319
605249599
1100238597
1481886710
900020666
1245510379
536731960
1434994381
1831811313
1728350661
1061119512
870176604
1175928612
1165969322
1137489713
311236413
355514533
987293013
391002906
1498121767
1687906868
453031918
952952226
1977964501
630269497
462028473
1894109337
2008219141
1900501916
1459982831
396515128
653660316
1868855364
2012114090
1714830894
1073829350
1447999787
220701689
2100564552
1430899964
169452059
975273236
140543931
2084224062
1404106503
992244905
1456489489
1694819840
783528200
1713121620
2097683630
767632706
115280115
1319713582
1980658686
1598084246
1838240147
408965756
1348271934
1240105254
778959752
890085257
1192025827
1227328462
187153595
699876750
1124832170
1817148005
931886460
1762542285
1514535485
650631961
397806907
2082768829
2082412415
2052832248
1149837536
62394207
2111512437
884725899
1905654983
2018372271
461619408
1003011997
292813915
1792364854
1624334107
1306153753
1366231374
163178684
846562685
1472996369
1699517554
1347261979
761101356
5000411
1127285303
1936017711
600345199
1994558294
471147714
1393120746
771493709
125795658
106626470
626068612
1587034839
2101346542
1200267585
856318671
1806881295
915331971
1001633206
1321836712
1250559860
