1586862686
1906049870
324452892
663416725
1891819109
1266160746
1991820263
1914289291
1393286981
176715822
956116532
335724037
1926934083
2084715311
2121108972
303483862
1773991731
5954689
670262969
1046116135
853284547
1764247346
1442331486
2011329740
49548130
1341104620
30900658
402856625
1901611723
1795569342
485596215
1604125299
1446782514
2136593652
671519579
2023752459
669320969
1739206434
921757770
1392432037
675769967
1871894336
398752622
1415629199
1534345526
933075695
911941764
470041421
734694031
873406938
