1605330633
129881424
1878668321
867256295
284314937
1674736186
1779469138
1874301849
233173720
1886800184
1818796249
1632454828
772661731
1079562766
655901934
646504855
637564821
1647943336
1529332859
1332558164
1426329969
264052638
1468948592
2073770172
1862632751
1926360793
1337499843
713541357
514714944
2046091855
1815518471
1692602087
762606592
453265642
599258280
576539702
946431864
733401991
1155322049
4616394
1522696140
1548799001
1413409178
1053365730
1870979655
1694129390
1259022785
1490438695
816319233
2051262986
1630808259
1700720341
1817536299
101752495
1146050439
407926292
320539127
1970335998
1160927304
1914041445
1487177254
1912602039
402889773
1245419319
41129519
1079082525
1816723591
1818342042
365092105
1760246261
1848690086
1326299147
299346326
341735340
863820120
1295681645
53233324
762121368
1253969664
451851033
1688928704
1608511319
1921810254
2041992204
659206705
1542540884
432269728
1556570943
1885350702
2064272488
1562284277
150103828
1350869574
1395959196
125218442
795778028
782742667
757243405
673068051
590332629
2103727201
1764998376
2008954775
2145708385
245008872
142800277
1403716328
1126341778
121933827
1743978737
2133811390
1622153457
1243379717
1182255283
1101095280
1637231037
730865144
1906829040
1622962510
327649601
1330894729
302996409
1549810333
379958335
608233363
1944894178
1225878832
664945288
749953094
454308830
17900959
49018541
149667316
1036514758
1244745255
605542095
1622353016
1485541752
609743646
1579794579
776325443
477109212
2005476624
1390742066
351646724
338752066
1072603771
1476715181
716218355
383066855
1951277860
1648706333
657876923
780639127
55754517
178283304
184157698
2014863468
1268484915
926007952
1895683222
87764148
21570943
367983077
454841397
1429995505
56986345
1962386523
28927737
61356281
664613068
364958902
1936492382
443744574
150338571
1794484066
1970480625
663087656
908087238
61711263
994244504
1889189534
1464339896
1253227993
1023843960
701082276
630129200
958131477
1187755910
1938225950
221762985
1033790856
189789870
100521907
2124430856
751217218
1582013337
1038710989
320522611
720095239
762456351
1214544828
86260937
843197246
432466249
1069422330
1828069313
991470339
1525770241
1566511241
1387770018
1898005335
1284943448
675575929
1747458460
1741748343
83798132
313805190
137388482
2088484170
18464789
1689268702
2029597605
738232051
1525765570
359458303
478688142
1790384007
2102289044
1356365759
1445609303
822282712
478948510
1965067109
61575654
143820912
901879799
928023797
775185479
587481498
1766473319
397125514
1865434725
1100434073
1960908714
577835227
865077605
666944508
110173283
241654495
1184478624
456012041
1365044640
1207758221
855090746
1207473238
356854534
1746692797
611288163
649823096
1457897881
86554154
1882946602
1963230162
1641880874
1762278297
688628985
440541839
20235870
1894724882
601569201
824138154
1622251350
75158349
1269091427
1311700010
1508528384
2126203433
624589223
1108591468
48626426
159179605
2109362077
839751576
779098142
59791633
317016190
991956278
1592220078
779934479
1957062878
1627873753
1806441245
737820531
603548032
335585785
706646136
93716986
1086055637
1512939999
972108143
288215862
996778515
1882346425
940739332
1704237559
16005103
2142252237
1949974991
534964422
1466949878
714959818
500674283
2042759563
2110978957
1665217082
173875585
1804656974
220417923
788169492
927559407
1957957146
1170461520
218585199
1182931860
1423360254
1774668525
593633872
506136122
1350039085
148355663
1436491940
1254957089
435670341
1359496577
1637362249
703355812
412279724
1768339549
449614662
1824889739
2088088343
1090228198
1086587932
1232080108
1886393892
1119551301
161362996
1487533502
519124263
1247218271
895916407
1993318907
1660304642
109735951
1877098237
528202097
446325294
83213829
1451168989
666560550
102552022
1168345146
32451363
2133943142
194597666
1449025039
1676634591
1940878699
528120465
1070774017
1088452698
1427823015
2012770687
27308299
2068948324
870667184
1021670342
1923422873
814269129
1059424968
2092516737
763290148
1032783330
527291400
509543148
239969646
1400512327
2035103017
417123431
1467464284
1084873634
1486981615
1554182297
2073144171
1856356254
19289651
1044928177
132563408
1179332863
127561355
1775504072
893507377
1697898188
2047820184
76541539
219105529
1355102887
2014784491
1608429332
593790812
274003261
825548948
1909409087
143088103
1432063960
1069846601
172645626
1708561346
1307391249
2033719600
1239034638
873959814
1942104739
881469769
928206875
264731317
471551580
1642126715
875400151
1891950810
1206136876
1897334585
507847287
1024849470
1991998304
283894481
1294595622
1952003652
472088808
1351329873
254768818
640809314
1328010452
899678486
1598073158
1063259836
2002915550
683543538
707635794
1724454238
1570172448
964180473
215755655
1865150230
994445286
490008041
177901566
253904620
916044190
1825531955
602761336
2098840896
1145678316
731326890
615068096
1336814462
2119808218
2132448967
673601325
233255295
1044907821
216810903
167484228
435199615
1180196050
383713345
1493903482
428914615
626488439
900408888
1676717078
1904787095
428927543
1446032889
354614581
1842141346
870501229
557050241
813822439
1539070693
1979536810
86437711
2075206775
1524175637
1276277441
737274385
816483016
1670105156
1906287615
2085814510
310370779
1005440320
1001795192
167963247
2104495981
66264712
206600828
1038547979
2103819197
38675948
251705385
1725982797
1657177452
2040389056
917764890
1960375716
21909884
1938337212
2139496253
1831344071
1839749499
15858547
1641408707
1307571650
481278393
1763575918
1779298608
1547732642
215703988
1559713765
2047742866
1330089657
1937074325
291665433
384444878
1815537551
972810195
792763217
49155349
2004294757
612998646
1997489263
94628726
248710503
1518779254
681212717
555295886
103394157
1531337666
1855531001
1441726298
528375406
1723550812
1843816299
973581101
1553172610
255255585
1979743583
1425350077
1245407121
1716440230
874880948
1893105751
1691514781
1756544959
359690912
657063475
1552545706
2030656281
307867821
711189986
1675989830
687557639
1688344659
2079928291
1370872504
1803957594
1467963699
1780128854
42587081
1084543336
43539182
834582984
1051495721
1181741615
1451808672
1139558189
904412800
1865687444
183100412
1302037227
1209474835
1488044996
299671301
1327241490
27442446
1526316475
1701700455
735478442
135610228
1932968419
2071819376
2023409702
1366072480
139691220
851493038
1385937140
932605814
1727020090
513864741
1255459382
1627108652
1939728853
297120813
1510600330
300834222
1409029273
2065268454
1005836549
1438595251
1362997749
124405850
1772109119
1071737178
2061771057
580423469
1387576968
1315515008
457915120
1968227075
1547460665
570838433
118462165
1131312750
1964140837
1089961575
478693698
1042708114
821742637
284816596
866089788
1007452760
2066171890
143253513
342449770
74120011
141135782
478311345
974069564
372148754
734392060
15802893
1612420905
1250775178
178191166
2036214940
739352848
1613816704
392823676
2122667366
1217401280
782493192
870650338
672930533
809858707
1186447484
1497526307
1433372817
766893109
19172629
717930769
1845118471
326565762
275575839
490070351
2083794645
1126918798
263279068
1804329246
2070371556
1045110718
825827320
1692567891
569061250
1926272275
716127395
1105263977
308574475
1632297351
301812048
1689922739
1362271540
1036131984
771488522
996664490
698616308
258547649
1701959278
1971025508
1837700368
476562064
716665161
1911947558
1742923841
154875954
1919939534
2104071184
22857219
1784531874
968242036
1178958070
1704497405
691914177
529162602
1606621776
1874599944
1529033112
2077353656
1619924551
1773897949
866017977
1132111860
1880699119
758459232
1217740739
1592560285
230356884
1358358403
1109619459
1233630743
440928045
672171992
1684128567
1679534659
1426982894
2102266551
518714991
413853114
1727107065
11867144
1907933453
1561359783
1797406516
248213934
517563115
1608018238
1065059894
530660497
749122715
1685177053
1952295514
1014480966
1857128137
1903173821
1404156150
386331484
1755338173
914159444
1510226854
1869998661
1273918205
863754059
1179492289
314003167
938010384
81975575
1245471470
1086424734
1285057885
1509943350
1287927503
1638584664
429657137
1786071048
1417047514
749488813
661514975
608390216
970662729
1628657681
1011099649
1088085797
1892134952
903327096
1608094173
764677889
2040930187
1099215516
1460028131
1277001157
569013218
1275572974
1330529363
229452767
1487777637
1130422807
1938585852
1971894489
1186181545
432791337
1069691423
75682711
119544917
542441575
1056436338
686634029
418353390
1587237293
690090816
1088035163
604879309
1683214206
407066542
1425925030
1152757811
832637096
632597016
2024867859
1003581811
2031808662
379513753
287061123
1952855373
1947552818
1468673450
102506406
132552539
468697972
711919073
8920733
580953508
1486963084
1126972379
182336048
1703741007
1575021992
1203122997
881401256
2091222642
938059362
300659636
1084217675
1673298951
729385418
953405829
214241906
481543423
1895674891
1078122398
323672904
2013818225
695402172
1285568066
1721371681
1695737579
1325869765
1927649188
1857001588
1563732713
2022866668
185556131
1374681463
1234895460
1547207931
121168820
1211656278
1432153217
729755536
2007178206
2073510415
1588297322
748049025
1913259486
1628475117
78589498
1711142889
689300842
183060382
295803666
30981076
561972370
79925747
1490715721
1033894018
566692675
1375719220
2147467712
876752220
1566117094
603584030
1953705811
143698545
1553042981
1702384251
2006359403
182987434
180479182
446194779
1554839728
1339074194
1842770896
2052602100
1126234844
545999292
1191011681
874919700
854382251
382342352
1755555138
1179056446
65237230
414930486
2121792794
419458921
315807935
449561438
1811961087
267592273
2046873807
1134861481
2076916244
981340791
1081957339
295167479
1418194252
588729532
1112825405
1568890318
1685150797
332066454
702973599
1188265251
178030191
1966339052
969068490
1499097545
922808291
685623444
1499270556
1153656179
1167713521
1974679398
1662195480
489284455
552169305
344912125
1446592408
1969491650
1620180955
1170965514
1568665885
1082338146
1741286867
846479700
336550343
1569250163
87822076
1779836240
793984608
1022817178
748341589
13074776
2009080850
1011886007
2111775008
1903083148
1627136825
310016603
2097374471
977024066
619238739
1977153734
1864448602
173059114
573632532
679538075
2035608435
1598672387
894648215
1086805026
247724603
294079732
1942868398
791017018
1271077061
1913606280
791102554
314851033
611830295
1252406089
373377366
1919314753
1200885002
127226103
96374990
1086743746
1041142599
744373862
1165454637
1946430758
1159734897
80962801
740008467
881878972
7798113
2019859358
408219750
928131332
832234380
1702754256
1059393920
2037503732
1661547649
943763363
720565126
1959101413
1337838991
1178699752
283519192
922209821
1791899524
771090365
267164836
1774775801
1351510672
464538567
1698021013
2027568311
663400007
1360950030
1580169130
737091038
966277061
46612342
2068077089
1611846986
1148602347
246146006
232758929
1296135128
1289160
1871681975
246587415
162178218
1923653908
857913515
939567528
973587735
1452490966
704751943
1307641478
476795186
1264890405
751160766
833906638
117853941
1693419275
149821979
1523175725
121700875
76268933
751220250
1694523059
1775161911
4931239
777167524
1159091648
112848484
1906374108
472906982
908792603
1264703049
2066250315
807344397
247498785
145790136
1340486742
1524518560
904010010
1341985924
1269287228
336588921
726781607
2043517453
1144772318
1417513569
1434053720
1301547882
271215007
1424170567
342892122
1898860849
1032564324
555662109
1270386765
2098182629
1756398266
1254909776
2009751348
186444285
514368791
614201569
1438382214
957514381
762079033
1219368229
840243297
342313107
648799403
1906258453
11352286
1469920993
1092869990
188420947
1037591679
1820427426
116950164
448847034
772898245
445794954
404257648
919041184
1945120222
1027674270
1915666505
366186411
229231740
1437871773
173010340
338452557
1992274625
1402833162
796374401
1662092253
1425181526
1062982871
708144310
79980371
1614369179
92548015
1639099000
1266744736
225694201
1808030432
514661881
1092960680
1308335443
627767012
976018475
1065655773
1748205978
828956043
1775404962
1708913529
769964415
217084102
984405143
674011991
498738500
663843858
331025160
353393263
949812908
1148524158
2059028733
1534977004
2134612497
382489435
1656055526
194323180
1455023764
1044083584
405504033
1434723795
2123661166
229644599
547307927
1938367820
1077559397
3924168
320946310
1571012830
401436507
1524907935
1728691033
2119117606
2101128449
1886972956
1371162291
1497407415
821362344
1879881719
168167562
1665211531
166814520
1145136974
1743209328
980351268
784434489
668315213
2073236462
1210291523
1055407119
1399660409
65561097
990050628
881569347
335312025
1740974310
1409212948
1107035899
1161903169
136140425
1777619665
848482444
1456641532
1407231417
1017275900
725362214
893994773
1727067136
2058008669
630984366
509088258
952153551
45574004
878015145
185719406
1170819774
1130904983
614285139
497663970
1661146096
1206404525
941320400
1347549455
1074089620
1772527749
457481594
1545656762
1502729353
910235092
2062720089
1437601092
1529939225
1625062089
1429094576
1612754901
625227750
1334749263
738030772
1861193765
1505311715
431971038
1186487640
506430439
309298297
790689278
1242313027
2079611090
428328649
230147418
1300712675
731352141
1734404369
1341519229
376518043
1420334006
269567528
870063659
1944739352
2121080654
282683171
1156700254
49978817
41050565
1031632154
1650948572
393375053
58132062
1875166469
6926449
259136110
2055610303
481492927
692147919
741033131
85326168
1099204653
1273330942
1445205323
1224889709
640672120
1338719873
856212589
1156071873
239597429
1755226119
370089269
1298287841
1874283302
1372147403
1530450721
1149666826
520758618
2095037321
1551669881
1299468728
1258164591
2094705436
724243941
139902156
921633336
1913321145
115591960
1017157720
27173625
697750978
2000646314
571623435
702051983
984329032
823658244
569232692
1824360109
2030367008
1496075892
121387124
1814857025
530086560
1122192481
131091461
719806964
12708087
1280160152
577026208
1575318992
785042214
860754884
1433468688
517048061
1707770783
137235453
750166097
1562707620
909159800
1056271479
1505289828
767953653
259939148
733601627
804007858
446932803
1482566062
972054706
755910426
1688495180
1511046987
1219437950
392688281
1014282903
1084421275
1424335331
1599111829
1048547574
20741444
1610186882
1909377990
297328939
1202294027
538082535
742364610
1073923239
1638896247
1691104024
1931487267
1945586541
2036646148
1310987854
689717334
1994759958
692307201
1701503168
1776900611
1895240685
1622186759
870575770
183358484
752413242
465118486
95557133
819010661
2047975836
1152104269
1087942272
1165667334
1098178703
860321349
143694052
811089455
471273998
527302924
807156517
1470122945
651295570
435912889
985825468
1129084277
754822072
90298288
2009600609
576202403
1754613952
1114983028
708777694
1124752049
1790269489
2015665188
142143231
609619734
1968786011
1144797332
854228646
659262474
949495413
930326025
1032500474
1691176396
377248548
293476496
171713983
2145253519
2131809565
239771899
1909302722
1015636226
444440033
565055865
413858923
490820475
724591783
1509446097
60152948
86467519
842101592
1176010043
416314809
2143793008
1779151284
479118299
774246949
48045332
1630959762
186690011
559108044
460734909
2111444804
1404296740
2107025944
500873051
640945433
1249739448
1875584026
696470938
1894652155
142041263
1165624834
888414073
663445817
1751785931
2146287530
518928233
1958810976
477317562
1772036684
2078215197
1027869762
526338281
863454036
1917763572
1768620056
1008444160
1936947793
1945283841
555559619
998949629
207490052
563636147
1543447598
365082352
1571107995
519438886
1640760528
953789776
1006854904
1664023045
1080487502
7777785
851875625
271178521
1855011901
1544202435
254932477
474562675
1165213445
494769088
315868076
2019262002
745374433
417133329
131798965
423550450
1610663170
852804709
1855699909
913110993
106879187
1695639568
1118029779
452874783
203284312
79217092
1194175817
1449136545
1311724208
2039638766
393380700
394798210
1230800825
1339715759
42698364
1032909271
192833490
2025305973
961469671
166475725
24626364
898022966
1845678681
191718002
47040665
2050693961
1929632990
1625703708
1454384151
1856351457
1370283207
1922416762
1316666534
454235942
2065050043
30834485
1230290148
1914030577
129441509
2129957698
1470957851
1627940900
985593931
1886608839
974272992
1720257189
1563751230
1643760551
1432641244
125532405
1220330477
2050068652
146860967
933761392
425431573
1992731472
871190736
611236643
1105907412
1191123752
1837818617
2044779333
1663653275
1018647534
1730597407
42657876
380660288
1737398057
744690424
1877333197
1553548851
123141755
773930101
242363272
1433994953
1678745735
1759935335
8542125
765718196
392944253
918543934
1264005719
1871056020
1825663043
719346412
990482371
1617852582
963089729
1545998567
1819092532
1854634906
552366025
298477902
742705255
1529417859
1646889250
1792595747
1852149166
245912552
1706060848
1203902902
1030103468
1933414903
329225409
1771963171
1573983660
829146585
70472054
2055988466
572829086
143621153
393386572
1581376732
1557676718
599272029
821986758
2069732269
2059859330
1320037839
1451992761
1636597829
1952516625
963953462
1148665011
608747704
1115744027
1694132677
1088340233
365906837
1247171400
1327448885
1094646396
1144908612
1781148129
501228278
1502110087
932476297
2019975461
1382948481
1349074760
415379749
452058185
1483051209
267030792
135836571
1949115152
139764431
436427369
1183815952
206878978
376474453
387362859
1029216331
1130327628
1608112042
1393255834
1350145245
473605172
88289188
1769006744
1939501402
338435894
1045636780
9660483
1041138629
1874895040
2094058483
387594818
1350413834
1135092359
1387514819
1248699057
2039430308
1322528132
229381104
1649299111
532204895
1639605903
583142765
1180631392
1727373367
744819350
208641274
92392460
768529504
1536996474
774061307
1735702579
1407398751
1620207238
614572644
1269722819
86330453
598110604
810516177
867829175
577814876
30962590
1546916274
1675214438
1979959562
1857439846
1000233636
220929638
1995965971
98788643
333569754
226716955
2049308427
1966062144
482153402
962740191
990928968
1649202322
2009768068
1682464463
279523814
253859887
788515117
1713105968
1981254628
1227394789
2127393866
765941885
524198507
13263966
119430696
793726222
1304388655
1424345550
105130744
477386598
967501038
1582275414
453913127
641187609
2000268822
44679417
1256176844
36147288
1757165443
320660791
1388933435
122455323
2075847270
971553611
1988560311
1591023338
637546561
1392520958
922068035
801350471
1898786830
1403156519
909691289
758787259
1101134720
146254784
1064921396
2044519036
705433185
457639077
1242693768
686635191
1274683930
927383019
355691346
1909586816
1703049041
518584538
1153002249
559769172
1685641132
956745865
1864561524
1407773255
855880117
1409424661
915500629
888073422
2075381974
1359538301
208881731
1992649003
179852163
430929693
1278294165
203488881
645964150
553489861
704304762
733385779
238568470
2028584822
1992699174
1565155277
337945329
1198992568
853483815
962442318
2066400872
786382490
136222934
639215361
298017386
805068616
1362000360
1672163990
327519064
221516354
1128181284
547758834
1096062728
2013236799
1818263855
1993257872
490982373
260954781
1031850371
108948114
1250598964
963644035
281964158
22501992
495872881
762302357
190971287
885101595
1345489880
221920851
743710891
1415656503
426648063
1795964431
389801845
955257939
1555473568
766230152
23787037
2135739198
1883287157
2068868392
659344103
918635976
1150060604
1246774231
724528396
1327358506
1380585690
1762651002
59700902
1944754195
762824092
1551666188
165841860
1614698320
1742392472
886326359
1526755485
660956950
2108293938
492577614
1889013986
201469935
1940140730
544611594
2065426988
1851816512
1844030771
603395423
1910664085
1776929651
351515695
21281307
593755234
27929541
1443376086
725911258
846035934
1061109421
1286487045
1696656521
973188162
1929394152
185639314
234829429
899226320
239851293
168071598
512780047
1704408830
1515336754
1253585252
663807551
692349648
16959019
1241105214
1735293793
327689791
1872998073
934857990
2131340512
1260056533
698217575
1056217002
964640622
957852762
383448412
1457490745
1790455517
450129832
105512142
62195978
1070209693
685656219
1600750852
1287095803
949469138
704158245
1537101829
254199511
1530968849
624407422
1784357090
1339703505
1500081080
2060941688
1413382045
1957281837
550990567
1802113776
234394037
1544460030
300738591
92777056
1654763855
1988736522
1993604469
1248294546
1724583171
780087753
1330539890
584801391
614283840
243127692
179809418
1932172278
1382892636
1936819899
1769895991
1247615560
2129617467
1378441783
1086979506
265288415
288824475
1376148958
1606971982
1099258335
1369919227
2142648364
2045286257
1370233221
7408934
715972606
1906132015
259642556
82253664
146984563
467775108
230697166
123479851
1762733291
1596378670
1103603767
1075642038
536584497
742249253
705554582
1845216483
980384181
450447800
1269382589
1685116916
534387698
83764806
225170407
1697505489
1297397486
1188532885
176749321
1573032184
388062176
913569490
1989842241
205460737
2012593899
2124372006
1066515051
204924365
1641153033
150390513
377275091
952582731
1046875139
655505061
389942020
1794063334
1936592284
1155381570
74572479
842784655
840365774
1284552809
620181767
791258466
1501937196
1858168351
586528601
1933897975
136871014
2021408545
167058938
1705380936
61242859
27990239
1304744808
1468114746
204770473
1561646358
1404025074
315459018
132436975
1618375949
837252708
1695131349
1096671348
1078453867
2001964762
213437827
1767530097
994739123
2065936565
496498513
327899113
732226142
751424172
752019643
1477498121
2108631188
293064698
1944885890
1859707049
424461446
1292195253
292876703
2012418802
90439530
1952322367
647089092
1801905179
458327572
1013268437
1987578507
1987914060
1639817518
1488627525
1506928446
2010201507
1419409172
1394511804
777681218
352614740
787370318
158657213
1464531232
213301482
134381483
582837038
2083842609
1334892205
1212093174
702347917
1512895718
2010781724
67455320
1760495424
2036128689
1851765146
131999306
1545504265
1137677460
897950245
1190154292
1961218200
1345401156
441076033
445115815
1965157178
2095898617
452606195
1630329908
1036499888
1747840725
2053629417
284113639
1381800730
611146734
1154676663
1490543203
1706611986
637803514
1936005948
1349125275
355583446
2102583702
1348884771
595381802
1714579869
487771955
1462309509
1342669648
2057588490
1374625181
1598940588
812135050
662175422
2118017321
763485427
785692365
1027279368
993179515
1079863753
2007458654
1310397111
851625970
1018219988
599020369
1779973649
1736581296
1500689457
258602652
379495644
1748900425
449830106
248452823
1365602969
488442887
296148001
1796877714
678135248
1573927640
1462308953
272729683
1028948871
1220906197
59379603
488719914
1583771596
13413231
884535174
2001474291
1645673842
1911807544
724756872
1038922792
479782616
1511753803
2100624569
552249184
72139236
1787023962
336220223
2020164200
1736302863
1946594130
638531499
1951964412
579531674
6875565
1046272890
768154659
312686303
986707795
1460643768
396761380
29108930
1553338926
215663296
671727144
24173382
1762511689
1547496990
908317294
1396371772
317066915
105862037
1817104420
503766038
1399496086
720166972
1175076329
1185384153
863077855
402190274
1808197085
1464019505
1577369417
1677076947
576791649
949611934
1851767291
1225429907
326051952
673196493
273368922
589035336
164405145
1383153153
266266524
2013258772
279635864
1606224560
450176491
1978443743
579108752
1453409066
1116818737
1183630675
172233448
444655732
894394246
40667137
123410367
2147442483
593222196
1225881761
185178893
434746052
20934755
939889526
425227351
1236252520
1109624422
1654407888
1826667278
1773657501
418830240
1532313515
1561261957
678668424
799428884
1856084597
951986574
105372045
548719241
1469140461
175005360
893027073
826075222
1974722087
698102278
17454071
311627727
2120000940
695873463
66424631
535951436
715363006
1310897677
1831616333
343605970
1090860728
501780020
1624267197
1492918881
1368467860
643176082
798991188
1912585946
1950606215
1598978237
1896761241
2051513482
2056867527
272762141
584463715
1385853527
1505194860
1260285472
1005482628
1851553925
635748212
1614101779
1470019747
2003163686
2020838625
22968996
1796656424
126784284
1996793853
516105457
431367760
840295628
1075623870
345681228
556240736
453258081
295995972
408967054
1069391349
1636335034
136996734
20509972
406317690
817897970
297446381
806294875
862330292
250380425
923274625
1609786932
1360856440
1987895347
1300237471
1076927907
130220668
1226560573
988689220
450750298
2004631882
801433496
798549059
1110470605
1624526928
308653700
7117994
335300338
1036633365
1582696666
2079762755
2002678935
1618592390
530972406
952005174
671987807
1467241070
1383875391
974954188
1659703130
1109369861
1176961620
203518798
1204992320
1587503519
1001475028
1267723020
245897034
1201041285
1214905802
1116287097
95575726
1575781857
778943668
1700541811
1369028789
379992018
949232174
2133282209
1833175674
1710561696
1689840704
934661366
561135169
672061449
1641846592
1633799250
1172473969
154481338
1134849125
115496519
1562886703
1841687513
418950890
938499576
17666969
1346952895
1753231835
1420886558
2028128156
1600360387
1982021760
1895415332
150913907
863807282
758408035
2045463410
15514557
684648794
1375480830
338302152
1802953017
1708285381
869126406
860306880
183852832
1213953923
1763509582
1507549302
2020123934
1086009505
501879642
763642691
1654920943
2124950198
1222633345
1552476324
1539693459
1726482075
491803325
142310201
134882861
196166970
443904019
1877391338
2102653566
1068573567
128169625
420255780
1948962552
1369834348
134668841
1528176193
151842434
1001788489
129793185
1710245382
158227399
389221368
1380020691
160447301
1848756283
1719067495
1809102864
1939413155
460656812
1209182238
994555724
1082101876
1658007936
533173496
1750448366
1869349314
324994193
1003733998
782649911
73505645
221627042
1931406095
1941117772
716787564
1665000060
937997964
76055777
485062705
1544982441
1642164719
543194756
436154923
1023775436
321835628
1762291588
188517221
1383409051
417977424
244245628
891210572
1458621563
373276054
1327813503
1354904718
455602102
1890547608
939440353
558678813
1894682203
1828557283
1766880928
316639314
471860403
1116495907
1960018030
2108057391
1280147547
988464445
1755151964
2048398013
2028035075
214130044
687222820
2138329236
1484405954
620681698
1033632531
556573049
2136238867
302481056
238234769
1128501793
2101707120
1757992610
1158847311
49354260
1505110665
409325121
132182283
1411280557
617040161
1641056028
757106435
330448958
336298886
647124737
1501322996
1783469904
1955843243
726107140
1980195533
354729991
186459363
498692018
2051519733
1193996708
127364156
1564148576
1014659894
972419109
916504694
1360416668
345583172
1538188807
1871610015
966226117
2045777902
1480054827
1876209740
1135602359
136727008
327235031
1320031349
1986973086
437384978
939599571
1500709870
2143098348
54049233
779508147
2008188286
806541669
722071656
2109355061
1702950302
173077335
2002385515
109209536
875105744
1857290728
151503007
1169165325
555730840
1225827975
1386385801
2018148833
375993627
274078597
872217746
1084653560
1847855443
1188253884
2138699219
1620954110
374548973
1359733101
19672195
2135048630
634930368
523064616
959716858
1094642238
629670633
411712996
281546593
474219881
1206915975
2013783343
1150924793
596051788
1769007120
625236607
1518339588
464366549
1414569038
1401279654
268961875
931881620
1594500090
576813156
1115072109
520778910
1039366131
731297302
662008153
2056152710
1443306779
788369549
2059368201
2100508812
147390159
867778298
1162322531
1604667090
1854158592
1514519556
2082525676
1577561033
471793139
1284371452
428371731
161162923
370908049
421618728
460779544
817211425
514905195
670768444
631656087
490391300
1725033551
1060715239
800398517
759660352
1361442943
1405289096
1133347558
256359637
1139792788
239926017
1596067928
273831159
1331946735
1535995812
461826047
294661974
511552983
2078863435
17593406
1639809400
1756917300
1921351812
1827236655
1721769537
1823843047
1588348904
198479247
1572600724
1518436292
399291789
575351369
1807691796
358762285
1232152721
1170739357
19974916
681001292
1881427927
847198957
352454732
1505602796
1942459086
1642929188
1222083229
308126709
441316717
1280121283
1733830059
637963650
743704891
1484348554
1688847001
990009249
314875274
997114303
815745139
580932262
1925382340
626153245
1998242516
118237228
1317979357
1510107996
1441095848
1697843113
2082609384
630447449
1910629644
1895875245
202041798
977073123
203555922
987771575
227548152
263825442
1076711200
713417396
1941393558
13233315
802188728
843159061
1179961177
2024348419
808815954
1191372683
35000274
686182968
871563685
1300683106
596728765
41430903
1951087749
1751634295
1458463856
534965189
1227447718
447159000
1020982638
812550174
496483454
1985914614
1833717273
1314607675
1772219977
1497065609
1915726979
1851632644
552200742
1271677441
1790931813
1108254610
1724910942
1396122020
14122280
537749983
1208476101
2116388169
595217953
1004979725
1777313850
525549487
904001498
135881552
1746848073
1841166714
605200267
1784385400
276786671
698451916
974240168
71090206
1342808701
768922236
147074196
285099115
1778025877
408724470
1009167475
2141784448
524821841
113597615
624345629
1251670917
473615492
1890198594
194514734
312814929
413049368
1549783596
2129166650
1945931955
1477221526
1084450849
116344350
290564443
158854085
504338441
1602057073
570442856
261954153
161116058
370438938
1242488463
155339308
370402195
1263888123
1313211109
210504603
791647378
1107154379
1721928777
572552263
1890568082
1944654594
577393520
327824652
1299000325
1481831405
1238987662
1718063726
735488394
1284473825
2052517790
932004127
163450699
1790216588
1577198158
209930397
1266294518
996986727
1524040330
1455566328
942935382
1585070407
389932708
1694025905
775828109
2003505427
842797085
2005353406
137577456
718746768
1866787347
1549921451
838406527
2134814296
1166050374
1540788954
1496801535
1349923818
1457157320
1029265643
2130911414
882303706
754248257
631896630
1510460355
113170217
63854812
208709237
1291614743
163288239
941935570
1325512063
709867028
269768117
554206609
577344815
1129107904
1459187871
2034251912
72774499
1613698470
528426694
951829138
386614816
994231113
1482509924
351728892
543159251
284788038
928147881
930911029
554466739
559384325
56614122
1146245649
473509442
1308102171
1769870841
563691962
1168895473
2126253888
1463981711
985312307
1057685475
1805834472
1734276070
45093514
212830410
1408535936
33488228
1526043290
881222126
1667745606
1476222065
1109434234
1805900364
1625776069
784932713
1384748678
1905731547
766702828
2026619309
1570069255
1028942569
1046767050
306602708
1402258050
1926776228
328081641
504758015
360856474
1620453813
1221180996
1270454859
969062818
1752342023
751566565
1030910303
1444253379
60612262
1259007008
2038784292
1873772231
1328502978
156528741
1168496532
431486080
791979218
486499270
1787150252
1722016727
1185333461
1640408582
613087867
685277812
1465412787
2138931290
618796893
1664655623
680831683
491137215
2091851073
1969360690
213812838
1818681591
236476197
1175262227
2105238224
2145897249
829699492
1591125361
1695822823
1349201396
1461876645
1348380546
1725834051
1859355288
430566453
1856905046
1304511318
937838113
1790394223
820896228
2004619941
1691363496
1437492376
322234799
1059893556
1608438792
2059882311
1715346709
907332096
1938695218
2001194433
164097844
748376742
1472875310
1836545635
937223545
794780449
61209263
1585953336
132819910
383879088
1885031760
1358515883
821952831
134024918
1860159857
1747533910
1163159474
1447097723
390035369
683876600
593043361
1867526960
234399462
1190847109
1337039597
32196752
2001836072
1439175000
1238773792
675353026
1689971670
587546500
192313430
1371733786
1080380092
242324296
657809865
353957343
1021207714
1581222560
1941938424
1897085735
1500577418
1379608056
897567348
1337780959
969239173
667077628
232652615
1998036199
1937466162
2146523274
1739437569
1471216218
1019995348
1401743561
466274912
474817771
2068921871
884282963
1603247515
1131213419
1400713791
1040479118
1667281227
1235557991
1135126389
1560558360
245810935
715895789
1587935759
1468941408
1591160378
1221792111
1895215091
1747480402
1094355859
729680065
718726504
1302714666
1570570697
722386237
870083985
1502432362
1335314425
2081030662
1351434374
604601831
55498301
1841502825
917532944
43960573
1644425979
1862262367
1675002881
1907047650
757533383
2059625775
1313448750
49343768
1486576886
686651440
1088669195
1513592572
350463680
1539256236
2110818785
1133629052
14030609
12139489
480383918
1176699878
180319468
1456372769
821818777
2105988315
1328677500
632137241
1846325776
1213151842
1455113913
739172142
935204480
2056668696
1409583027
698239491
1183729584
293159045
1007968127
1382722071
168229307
580786827
388265403
1976524684
1164307880
1187070968
946145215
1539513602
702639783
249108794
1857587553
2104023458
2074421482
163396146
1787578469
383164727
500126750
1200831521
1108843648
811467894
1409010565
2108115135
337235463
391908190
1961512370
2146327658
2051505465
1171434426
1663483360
374928764
1654322213
49014212
300802286
376972981
642215225
1831258340
1802940411
48504535
482736233
1534116502
435157658
1483888465
301156600
1358018921
1468248754
247118867
1914721766
2113377827
1462557685
13516416
988567286
391511298
2109913339
1635149186
39667803
785979677
669741050
721194167
798277375
792099817
542245156
376480968
1011971951
1381315288
757008541
1959945947
2026547558
1106662684
1374774808
981273886
1928907252
1524198282
1544258573
1373946500
934282826
227292313
851155097
1463163789
2041274661
72050313
1506859505
500894269
493616341
986853792
1423261828
1349377838
1061075945
634414223
526586029
1247414721
1400046201
2015048948
182912530
2037606768
980419088
967495161
1343462044
407380543
1333959219
943122201
1742177043
1828587089
143947666
887538947
1819351893
592168599
1730001866
1915561623
1356471346
1538210979
1647122389
1722728461
518165735
562380699
1123476239
505022005
814203446
842831432
2140821733
1497443289
1191378206
413448270
324323100
1874023230
458660668
695349366
852301500
346035657
610417342
1822265895
454998423
1998627775
191206399
123671540
1500620409
758373925
284199620
324534607
1339928045
1559162054
1127274770
303846746
1571951018
918155859
519654826
1675751646
1772021913
1577623716
1684289571
1908407637
1112308100
100175645
640826530
1723871009
1313166940
12277036
1503684920
2930912
828023335
567315182
1459881687
1075896791
1215728516
871625201
1470644210
1250906507
868722140
1583753236
1255233201
1137721966
1928358695
637167243
1946862798
1367010743
437309528
1530523391
1000423183
2112922186
766801511
538306770
486487648
1639258327
898540024
2133495936
355602572
2056697599
1393935277
413317921
533197464
820155312
1277360901
326684683
1830393532
1502293649
928423407
1967291028
1620133887
1046867097
784953071
1225160180
523746670
1116900282
1176685548
586151241
1885417208
1373691835
237420435
1093224885
1331731945
431770148
1305706348
970950818
1263332097
1307148114
248807543
629871654
1757606960
1650084522
956951682
1463093121
986289137
1856250858
969269770
1890560451
1596980288
308381595
466454731
783820939
495748921
1897079971
868394215
1121582314
1980348239
789909751
301658799
315653221
806404389
151869293
697644304
2099853337
607951116
1727811759
2037416092
1362226169
1584799258
2028755276
355003700
1592188979
1414110435
2084935400
319125584
1187167922
705659863
253992596
1786085867
119471804
990233400
903212600
167308813
1969498299
1117057718
1125206829
1505006838
112940056
1330902696
879179751
1243958244
845570371
479100649
595186383
654209154
494571983
280910157
1949667375
1776648429
881934523
204288447
1178558791
504031843
1312595148
1114896888
1927084669
1027135626
1556768533
1030148830
1778780848
1668509531
758962073
198177143
1680364973
1817344425
209840647
1204394376
2140521402
1400059474
619934883
254732238
397580368
543264257
959351622
370984408
1508581863
1086495644
1819725948
2071462271
744183017
100602193
742553291
1736647172
1359471560
1019913272
206951443
1683895492
1840219691
89016485
52529425
1366584218
884228419
487434510
352607997
1224672977
981967677
612163987
180493652
1602397380
25297872
809642542
336771504
539210005
456915957
300923256
2126603218
931155334
1669490359
138201620
1669926850
84520567
955276576
1342786749
64241677
104629500
792706899
1684435176
551547437
926396570
915930296
1830211093
1771941639
1789530783
447475025
589010872
1865343374
193199387
2138222124
378594750
1477686661
451303294
617911025
787594174
575266913
739324623
1977900699
796727485
146527820
406136711
1145967939
528480670
245828934
413562632
145217816
1583142948
203952230
1957071549
560358507
1005047973
2080720191
1080560335
327013095
1203189838
1614636382
1857775232
1381010398
939200013
518835695
1234520104
328810430
1592414239
1139599231
2097024714
1150945954
1669062710
121833435
730924883
522841605
1603354694
1093160984
1294188398
945484689
362025452
541730988
588868614
981887766
510386811
1442520506
938212697
1857148310
1698721189
814087531
1077156533
345386876
1901404355
2043755127
1016258515
1849453549
973949121
1042199748
1492374989
1732055863
1920267433
1947478565
1011564988
90052199
1864447690
1450881347
199000818
799607287
1534791300
359121049
1742068433
2068126115
624092339
1978164121
810195014
763570012
575612086
1693409260
518668518
767534934
1990663195
777071831
451080611
388295484
1631841001
925155001
1657196842
722579076
196341385
839796912
2008026589
873649628
1769582929
1810445916
1927053672
740062147
184944814
303611835
724677634
371016757
649964526
1033541940
875272514
742977918
369438120
1290625455
792985755
1957205040
953344456
454332641
562451318
969277488
1718934075
1033750437
946002666
1019056362
1454490675
2057798790
881747739
2043365029
1036914711
279404121
460247596
1000548080
887844363
1814955783
2095216866
1102180924
625953047
508131433
1807246038
1625448580
1090358006
1820970316
1955624022
248788774
6263422
1748199572
481731546
1874176470
268691111
485567612
243387678
340039848
696373305
2055447547
443440097
386161994
1607771158
76947522
2100734008
109967700
1018505249
372304994
1194229391
1244370872
2117344458
1800395019
1170533693
1120760660
1354732856
1427538543
484905411
1542804646
1382901777
672125510
1555054498
1737947295
864002793
1711038442
1409252054
1212076688
574392900
1846243490
1204805618
1932901185
1141002313
286554619
1764832217
1206861601
2073512966
933439570
303527190
2079939991
1069161306
1803946863
663480537
1040165751
1904327043
1714432844
1136115087
476113552
1188312133
2059396851
2070412572
1131759714
314263987
167878533
179054776
907318765
2118703261
107663702
1185708131
323938980
766619030
99769654
1298814982
1002390656
216258208
2046092235
913136680
1451677490
365315958
1713386778
50890825
1123605616
992098422
2093938212
898064607
1399445361
848513578
1231929005
1641013994
882007411
1013061490
1385500952
125705014
1252300153
712867919
697806446
1053800237
179618067
444700494
578480253
1518438742
1468547157
1988082575
499561501
1453759342
694395625
1672087921
2004180366
924846113
2015852609
498920411
1738989821
693532261
2132062436
346306602
549062949
533311604
1963754218
1007017650
858625554
412643428
1076683651
1219680755
340643329
1911168100
929679281
1327474266
1834416740
298175637
961838614
2056268976
326857473
771593346
935695335
322414883
1984166202
973777470
1639110400
416004335
321602919
866559257
239216402
2006079657
927058015
1429712382
121825271
1516584232
1345635094
979966828
1354958630
1763807504
1298396768
1965527823
613525058
522305788
31673556
1599040251
1381014733
1498390600
91881676
1766696068
676799226
968347768
1258741896
56588988
37427103
65795400
1447654002
1671569034
880505673
1217388368
1544149884
1852037731
412981866
130447188
1511360933
1505851304
456679597
1014354982
782550171
892231580
1896001386
1780909368
10315387
1320391168
640213301
1530444738
1575558836
1108945741
1795884177
367697036
1322893577
1802491022
2084001730
1859495001
1534870197
304813783
1679257536
1404938480
31664040
433269861
1216060487
1751818439
620446192
1088719188
1545026316
426703695
1317651763
928839159
356109322
147780567
580964440
1482274007
448510201
1662642461
1061662534
1789382219
592634336
525165432
40253124
182401969
829563074
292164507
1582742656
808668230
1603802740
563983366
821579051
2133736872
27570830
82401039
1775428289
1353949669
1955727488
1188711305
66682086
797232447
2112103356
1592025614
1139940716
616310142
1483517201
1775172846
1059703538
132631794
800740120
1964176564
695917478
1329185540
467208135
1167981393
1479404074
1867199608
587679010
500221928
1958868628
1909609794
668314386
576189749
986600848
990232065
854157390
122952859
1402548129
1272833820
91160693
1036277704
1369928324
865401720
1397891390
1290728199
1521956533
911138003
1000888519
657898018
1029946123
1297535936
1434951433
1913121265
1229076606
75367743
1155449965
1676570755
1857613833
125659128
1291122552
1394066920
457569450
2070909716
370586529
69027738
1166103431
119693497
617188163
2040045702
972971050
1321598496
801463981
1465018298
1768549101
2080285524
638104151
276021164
754956145
1681378441
818345520
698769444
1187957064
669740822
550154258
2065372359
660952243
66929680
1767021399
1638226498
1954439557
32629381
579858309
1243309071
676314662
374014802
1960648740
2039772391
1161617587
1632495777
514295729
1955861444
639334467
462324483
1861980075
625952657
1778421829
1684639270
751437770
1587651441
1608075269
784432947
1752596047
10128809
1342193741
1668660934
86608759
1231538987
2024866088
382290059
1457463817
1617492416
1338816962
770009714
676861711
1376273105
1828183147
896990606
1377252001
1412378833
1355692218
363860623
746929116
561197387
1088640462
6138842
274502130
184806787
916385456
1658896194
2025063515
1604207564
2095157972
559110502
847887402
719932262
1138461886
899046567
1235888250
1632595217
599806146
1645344195
391905287
926693938
404936164
473595923
863603161
1615350945
1256938205
537736029
363888410
1709644045
220019007
928224599
1839527945
1514094092
1563134128
858933433
717813255
966031811
2022011986
737637373
385957071
1941114927
1416578115
1944492470
1523141827
1639910413
1061895488
1635998858
1100181601
1883661420
1598396516
1647986894
918482644
1075556557
805893390
383671741
2110625191
2062530036
1926547169
1508094035
883092372
91927886
1227186662
1059791308
1202355835
350947582
976578252
1010353076
1122492014
517813894
1629122895
1299063723
659159017
318390798
674958005
184244407
1111793439
639347796
494535285
575491142
164511343
354493745
684945139
342710462
1435286005
941268164
1063893094
783153091
1314634301
1571421501
189083611
180476421
1082634259
1965717320
175035474
295068354
1044120438
1491069715
1052182534
782246111
1540882347
114268158
1820530635
2136440735
642068077
126606558
1586009743
369985789
1965225026
1355772654
344698626
463745964
180772840
1390488916
1411755346
246634153
1204436718
1912596299
1315644175
534445177
1985653088
421980913
1910574
605384708
329799323
1811266223
1241994281
711392526
790834494
2131412800
1818510915
1877933646
878747713
793721952
1690074090
1807577901
755600159
1110093331
2110757429
210368284
2096389935
1693978768
584464268
287085714
2127270929
1845626056
1927966310
1183223201
7171395
459482006
1086822957
1288754228
1655785171
1829212548
980795455
86477799
1502591791
22529335
570115854
795185027
854463512
2087258745
1274527079
1306039317
1889704117
244247521
1697944528
751182761
1691249348
158420257
820300297
1229146536
797099243
1694343148
211464885
603220683
1022528557
1950760322
1426788115
1172857531
156124792
1414106841
1906762980
261726535
33007707
474697065
17404017
1574019393
874187732
998557332
726578341
693547766
1645232711
1997908913
297519957
579974215
1883853707
200120500
518207393
1096347752
1865210911
1132403579
329440370
73859381
975363194
1779410359
708729123
1465396268
141945728
788820853
1635069500
251024651
1201135120
1497567304
804727897
566444039
1056445882
2084357397
1092464425
263355814
1024116878
2545787
1282819730
595589689
1048818704
1708534749
982749170
1202047738
289131847
1800625933
484647297
943944382
48275444
438650006
135498194
1811052630
696594144
1042419878
1191413112
455592072
613893967
1072974998
123972805
1845427621
1287215504
473368
1531313070
1522812615
1336936630
2111760636
2146088394
1306740905
605274977
664469151
944785529
1907159587
32102325
2049414640
1636035873
390848064
516789357
722371872
1233841556
1373535742
2097752328
965983718
1410894990
447210401
772216609
946485612
1346548826
490449332
1828726492
679180505
136818067
2048331677
1943466108
1183990908
1629044744
81855964
416361746
1910109074
881180601
992773088
695214161
1924015796
1570613246
1555308934
271355260
348880608
230459079
1010535982
762300800
338721569
1946556926
1479745404
652909598
1770407646
1200922889
763580840
1552138816
475783869
354649195
556381059
849544045
2071638578
1500616074
70146055
196799576
885135272
1523075211
143689625
1707237523
1189636426
1246325337
1186663133
888165729
584722542
117109957
1971063094
1319053224
81069470
958448327
268571865
585244421
1030413125
376309475
1839177356
1882116090
1089562867
722765223
934259457
732245827
992360781
1456846417
512377801
488392774
2040183956
1612319629
883211767
1296476328
1349730768
198493787
778145874
891335420
46405784
197055759
123015989
1233922710
1963115905
1801019506
1317020679
530541182
1362481953
1330694406
1205290579
719575424
1080846782
476247655
301759619
1571179872
875526040
922221261
1425781310
1840590635
397464528
1766468782
1706898011
1351832233
1478059508
1131083904
392118912
1583583983
1679686696
12831900
929013340
1505781265
898832882
906404158
1427057789
359905780
1051896225
1861729961
1540744910
1119259713
1288378971
1697809256
804425905
1483001717
1639847106
1780812975
507606197
1820938005
1034784835
1394262751
449774580
116286719
1293464315
611052584
187617548
404451804
1914078789
417892169
1448935608
561261234
1475553764
242667635
200796682
808316310
668258250
1958867531
1635860551
1587572606
1842899587
1423672590
967950431
1496986933
887789633
1761254864
895482887
859203943
1797256324
1680691165
1990884469
708362716
1629002341
1593680448
664737463
541935042
2007843200
1708727138
1495067569
1419044642
610336636
681190601
1657548209
289735029
1568233529
1912908034
1096705456
682553168
47113876
108752282
242979368
199625018
721651673
550095686
426514828
1332576158
443519942
179668514
2119510633
1916576220
2019969848
927377430
861717271
1082082425
1225410421
1114595157
283392795
383850615
1617777685
1662780159
131844125
1879958976
331595149
164855783
1285494912
1769847484
766099033
1360170862
896712099
1707295490
863655110
1234188942
1127989172
176396074
1579248473
1774209779
352736556
1780611009
1430773215
491809859
1359370218
572458326
1993770258
556195711
2139861488
911353777
1060508389
112575105
1871616948
1738339875
721693037
207883685
2090542628
363041529
500348524
1484622212
144779834
1536297994
428686714
1521295068
19224631
791016048
1206934226
1905853067
2211966
1345616723
1438279862
1559125946
690999312
953719776
1115738496
807551511
150690464
2021241433
386152519
2038932026
1864232019
621964871
1058423338
943101481
1257979158
1470679498
1179019836
1069467639
1319845787
1843594769
876079628
1121940615
1695278577
271760612
760832207
1218532462
22828478
2035169630
123175724
626192630
1894049308
968976825
1353629092
825100095
365617422
744676418
215241629
552909697
1524933278
328096107
1898849545
1002405484
181555092
575524095
1662575799
1352705712
577306068
422727792
1596926262
215015576
1396820053
531253324
1652580961
803714513
1822156986
893298382
638410124
22384457
911773839
1097893265
72393290
1158198067
1028185121
101804127
712217048
1258086695
1693571321
302226216
1068880681
1720536677
653277687
1718959374
471545230
1356522554
1390736136
503294621
1816974338
1771356795
1424856708
750655768
375186191
1225730094
1874783782
1435063534
1047081825
1039467593
2015750569
1479783756
2039419621
438472850
966434043
2113894092
1776539294
427522213
1481812000
767217483
1775236868
1358245652
1484522150
856698072
1692354840
1404449448
429835457
298725832
1987542537
1513432518
2016684034
1968316390
613331836
2010036717
669686200
1056474311
940473980
880251228
1920096483
128129340
44858110
1512003793
783006161
1293936098
826804751
2049735531
172476760
1672273619
1122863260
726397617
234727855
1460947071
1914300638
1892078763
2114101993
1494308757
1818114144
315056686
1528332558
1760665114
1655782574
1016166198
199588311
2044655517
1530261660
1322147691
738358278
1124517505
916474928
1858744518
836774496
1242461305
340681005
805367373
871449672
1645365267
1463973437
1572590842
1880038906
1055572331
2081123001
48452794
259037792
650498048
385043736
347101073
694548628
1986286499
522235379
430938330
218253043
1671527051
894818737
733212332
1703587290
762359430
1010942676
755009369
1083010048
156754762
663291614
2101493008
847642224
1605842922
845813729
838812066
1167167009
520879460
902182050
2048296033
881745203
569136215
1611233641
282874917
1035111880
752464849
1384575848
1232592744
366099581
861653831
1543651526
1451054225
1456638084
1010454942
367978310
1987740750
2143732576
1917023078
1107700633
275253274
1972281915
318091814
47633212
550440670
320858855
1371481810
276749071
2048135604
110343791
1383151961
695585908
30986950
1932985178
656867163
1322187552
2129406037
1927278972
776836088
1581618561
350500310
1833214328
534829763
1599672780
1416090934
1084641749
2053390294
308224418
1400246846
192082876
1875257087
22607454
331790866
204017995
1633016856
1697398782
1020076244
2137882522
1264514677
456978603
1125539686
964687432
704266614
1173057254
1238264652
1068713664
139680827
1858830417
692816559
165645582
186868343
1847777048
2092287613
1989170263
1234440286
1426246650
425204910
479611130
709096376
616525560
1845712034
2034479682
1809538071
272545944
340162470
1435798981
44751909
339559894
239013782
1769391708
2051493399
668117160
981691804
687120574
405040446
215349036
1313561366
1657477051
1240348348
417588081
10466966
1687650835
15885139
1314014687
2116001539
702774257
1986948185
1961993284
2079452892
1049341447
2862536
1807474555
1944316317
971877447
1486509938
1192743355
1604459834
814925370
448069457
97273721
1938201032
1230062337
864143100
1303993595
1791476027
2126193383
1176708662
2006313595
1493504330
1841897631
993627297
1054820596
342059375
815942686
167259280
595876236
901803786
1808546071
1138909434
1782143389
840749477
1117084432
684474506
1433447777
1666666834
1959446814
1452281810
474835770
718178609
1701069633
672359584
690426268
77438990
593818462
483519593
721580440
2114461991
1230832597
1381033954
324696069
124477195
1683998142
180194734
206839629
97510045
713277637
413771314
228815825
2015070264
784180895
1786565252
1151087866
1477250284
566019112
98963585
2093432029
1504964071
1962879515
1803562493
1518237834
287546352
540895085
1175780629
857987826
1003431180
355553094
446053281
1394889842
426415683
1882776733
455098310
1874753792
1904310140
1024337263
793353128
34938609
591782789
526258075
1875118652
1829822564
445767215
991222109
1711675195
882379087
801942166
1432024933
393876530
2035489828
578814847
220080787
765856950
1898755871
1543845850
1245409106
722045878
748569647
1861242214
680675470
1109992425
675773822
283077492
1444380755
1452068198
535130271
825683907
2013599747
1702185554
1277053523
1815523210
1831256628
1457382579
174183672
752551573
1570627620
1109587811
1374892943
1497659015
1223531737
1367004193
1638859624
1191884862
827285465
594917570
535408236
1393312083
14250371
588424581
57956359
1494835136
763710217
281151107
1595109040
862596509
1782623243
906773061
236489750
172015363
210513872
27352944
302116328
1032653841
1096530979
1803031451
1620865345
1660827917
1016644552
1266003265
751409839
1120206498
1517024922
503147218
1079629023
1585779783
133404994
400355556
1006874598
1420795585
1810194070
1198829959
1577290542
1960756415
1517173899
651572917
1828434939
1877650338
1745901273
1459577320
1642308249
1920089696
1827060010
1450758854
30777380
1721122942
1446525693
1317979896
1240776436
1875595066
322864926
1698620696
1763291043
303010507
689692858
1273660616
991141051
1587216832
818536481
587474400
1353897729
2003646597
838140189
845670591
1898298456
1728710405
1927052521
1207564739
554492756
308672105
84642256
1067647443
951203164
982919422
1622719076
1878117913
1436500347
1718294068
1852429911
1856667853
