522108
826012
1378867
1785621
2262500
2370211
2387398
2687343
3014985
3358306
3962911
4422610
5010863
5771017
5930439
6419120
7075736
7668720
7682096
8228906
8315285
8599387
8913657
9467739
9485855
10004294
10507580
10621404
11086818
11679111
11930096
12358839
12916103
13535922
13894628
14185880
14472938
14995394
15308873
16115438
16436890
16771547
16888513
17313351
17842426
18101521
18707042
19171006
19360520
19767886
19854595
20399676
20888786
21607942
21722525
22303129
22564031
23062549
23586199
24159315
24491626
24748750
25280129
25823970
26394427
26942758
27319871
27801746
28212384
28559296
29068877
29549041
29914401
30314660
31189138
31420358
31829599
32135872
32291090
32921898
33275440
33809726
34188998
34577818
34910605
35576899
35857410
36183186
36243651
36500321
37337007
37769619
38382303
38522905
38906247
39526058
40124152
40517713
40989559
41350396
41893544
42226048
42364347
43021768
43262277
43664653
44170486
45020407
45629151
46199336
46495044
47138407
47561876
47944921
48434443
48808058
49574569
49647802
50254670
50781002
50945610
51181406
51654296
52017673
52328273
52682149
53060318
53265168
53685992
54162102
54554690
55093446
55356218
55991148
56397083
56908987
57511823
58308563
58787111
59179245
59519027
60068092
60226939
60440500
60729192
61563320
61741895
62005116
62669735
63308465
63437146
63655407
63967689
64275175
64847618
65764730
66033878
66478739
67234484
67694642
68322369
68413584
68826842
69217466
69881972
70307014
70481071
71131221
71963582
72377377
73236671
73552456
73635149
74040629
74455045
74905690
75327363
75919738
76573626
76899120
77500880
77921778
78322273
78960892
79289859
79296066
79675521
80148483
80591313
80900250
81196199
81210268
81876001
82363082
82788263
82904694
83397756
84064167
84462847
84592374
85345687
85909512
86587939
86837788
87142529
87798952
88390070
89186300
89421232
89865292
90178264
90552838
91333466
91720453
92072272
92168450
92271842
92337021
92994816
93718366
94283042
94347747
94815890
95720405
96340565
96739928
97256835
97694925
98167085
98328766
98708676
99385116
99901218
100286151
100530744
100706548
101099253
101520268
101924404
102598780
102828077
103299489
103819613
103904405
104672595
105202400
105772123
106277178
106751468
107323236
107962913
108518034
108952807
109597852
110024044
110881141
111179996
111716453
111915867
112287860
112618874
113045732
113453993
113763756
114021659
114578377
115171997
115532353
116171014
116701738
117198547
117344159
118123337
118506776
119041326
119239440
119635653
120241249
120766748
121408118
121852684
122104665
122534516
123152761
123754092
124761530
125132381
125533005
126435664
126833991
127405742
127883472
128792643
129187803
129608295
129758323
130181429
130612249
131313008
132050357
132709199
133106947
133467265
134143949
134643873
135070894
135529606
135846768
136227013
136513027
137014184
137357726
137662250
138384913
138965691
139076587
139332435
139722083
140356296
140811670
141239124
141357787
141990445
142354792
142984657
143583255
144408659
144744856
145344984
145575193
145799967
145949533
146343478
146571272
146870145
147219643
147454159
147727177
148006334
148452102
149112361
149552408
150015606
150706403
151084519
151690225
152102264
152576400
152912630
153542509
153552938
153881726
154047360
154571059
154821739
154832058
155222686
156144396
156937478
156969376
157636606
157892557
158224363
158784834
159182093
159553099
159842820
160120038
160372586
161145639
161656060
162094244
162517592
162978931
163838434
163966337
164597661
165439209
165822346
166304222
166529866
167294324
168077679
168437793
168976057
169377296
170102682
170374812
170473506
171084018
171586817
172003549
172513071
173182658
173355486
173965155
174179218
174897760
175184632
175655047
176122507
176455580
176651593
177297934
177709281
177982665
178691106
179213446
179781076
180523575
180757124
181351020
181879253
182405237
183089752
183562778
184304089
184994639
185322295
185866866
186672154
187043856
187411873
188332117
188624698
189213122
189693962
190029007
190394535
191322129
191643039
192099061
192416612
192926561
193071223
193391388
193916220
194499660
194832718
195380026
195700906
196193408
196973642
197597238
197983442
198356408
198638146
199306674
199720102
200242953
200836784
201548087
201886310
202646049
203234935
203775351
204254647
204425065
204711158
205252384
205844754
206565771
207095078
207824793
208292041
208795891
209142061
209792876
210104114
210193290
210879739
211395217
212106580
212458557
213123369
213342013
214025605
214190775
214764382
215451789
215973630
216888586
217138458
217636378
218092424
218495654
218693349
219199537
219657105
220174506
220522474
221261867
221446144
221782962
222257622
222750641
223479298
223749144
224028189
224110391
224622170
225024005
225396226
226105663
226646157
227195165
227636249
227962904
228760898
229109431
230115517
230609937
231106881
231550071
232016552
232336542
232648043
232987973
233120773
233612503
233820389
234181743
234288315
234985175
235546974
235790941
236067127
236399313
236676102
237184967
237604253
238637562
238973497
239181201
239811224
240251974
241163258
241750559
242099341
242584944
242810055
243430005
243890195
244048786
244521367
244891997
245155622
245862699
246225043
246733347
246847205
247151964
247371026
247713643
248035209
248205728
248348493
248611444
249321034
249723920
249911988
250465952
250917921
251534186
252145978
252733472
253281796
254034328
254328789
255063548
255728416
256034450
256525867
257133909
257586747
257961862
258699353
259116372
259749492
259851557
260148775
260466020
261258701
261965831
262135650
262165731
262957482
263193935
263631152
264104315
264651096
264843906
265163530
265659336
265999089
266765941
267081855
267550014
268333688
268737864
269360990
269899918
270395474
270907281
271553316
272179796
272824840
273382466
273868689
274217312
274426063
274835271
275550495
275935497
276018567
276396559
276819717
277079546
277404660
277631774
277860072
278259998
278835004
279504152
280318643
280788193
281046339
281262828
281634200
282426387
282767208
283152733
283761323
284223817
284408889
284761150
285163271
285588174
285592378
286032726
286601342
287126712
287734666
288233141
288640136
288921041
289501960
289922618
290138052
290588245
291095452
291551742
292133200
292485990
293139266
293302338
293390739
293648373
294131021
294594379
294837129
295442133
296336469
296388103
296823643
297094310
297341586
297663683
298501651
299057129
299474300
299920200
300150919
300572591
301127398
301978310
302591487
303009479
303177407
303821848
304021326
304485253
304995205
305429898
306209683
306898546
307247357
307513312
307970927
308557329
308970202
309476483
310047149
310470700
310960765
311365303
311607282
311949568
312198297
312727452
313377699
313947454
314211277
314454404
314683554
315188148
315785847
316345967
316790920
317438336
318032905
318436709
318731711
319557623
319857986
320200600
320428651
320898613
321324484
321785868
322314429
322700942
323116104
323646417
324112974
324145285
324693046
325219780
325581015
325813777
325839200
326468445
326948649
327470758
327889551
328604031
328773737
329489230
329893563
330217736
330645414
331191837
331534310
331784804
332226252
332903645
333362999
333635777
334089489
334242412
334381882
334942541
335138868
335394175
336011108
336275957
336687045
337324526
337509935
338044593
338688757
339254951
339291444
340013370
340668319
341165807
341787874
342300052
342767752
343200904
343536894
344193066
344601121
345546352
346189634
346861506
347347744
347844653
348694488
349352441
349595346
350114826
350366525
350975775
351419150
351875072
352575219
353554120
353763335
354586675
354772381
355489981
356213669
356572967
357129206
357410215
357913597
358409683
358896899
359586339
359891224
360651315
361245067
361812425
362498700
362971869
363474210
363589556
363974179
364604444
365292764
365407040
365759058
366442165
366960307
367342285
367615534
367852357
367908844
368538398
368903294
368971035
369428739
370096897
370282554
371040955
371294721
371826859
372138171
372386448
372907685
373317708
373960044
374435492
374963765
375200433
375647039
376597734
377178282
377565069
378086993
378721583
378974321
379546182
379735873
379988617
380461026
380550172
380777692
381577008
381828774
382152442
382436744
382666323
383193363
383391459
384030281
384312104
384789344
385136507
385513295
386017292
386248778
386446414
386765031
387062909
387378992
387704821
388393524
389202394
389892754
390345574
390892573
391226196
391785791
392256074
392668183
393096736
393202477
393715574
394342479
394961474
395388956
395845044
396004566
396443921
397260866
397634828
397703067
398191783
398641439
398815837
399084079
399222731
399471447
400074101
400605417
401050572
401571614
401970506
402354108
402930022
403214608
403766488
403923488
404627664
405101336
405206487
406022346
406571436
406935069
407370368
407945193
408607577
409177577
409532354
409750972
409786361
409828754
410104854
410794311
411441598
412021559
412340619
412934250
412962630
413351177
413425438
413787506
414280186
414761707
415334786
416091464
416523792
417199523
417885443
418094810
418547459
419534536
419942000
420481970
420980040
421258886
421993329
422293023
422847337
423404994
423938574
424284889
424930621
425189919
425570859
425795965
426265541
426303242
426764421
427406362
428227955
429025683
429227220
429740560
430171494
431158312
431684960
432130346
432810702
433187639
433568939
433569586
433776198
434263640
434572907
435111459
435640816
436265539
437017304
437018830
437336356
437779752
438114390
438729031
438941888
439073206
439535626
440094341
440780610
441150652
441521916
441987042
442382655
443044269
443511489
444131607
444428252
444910272
444924666
445625473
446030036
446339664
446940380
447445139
447553660
447785146
448193141
448434648
448571820
448987325
449291263
449728272
450387150
451052615
451547474
452031589
452627803
452771612
452866079
453747866
454144750
454578464
454990848
455679224
455840262
456377542
456914273
457092577
457378395
457785054
458395315
458570995
459118358
459348434
459845145
460669853
461283556
461307401
461916803
462395727
462838052
462908546
463479738
463887853
464204863
464450646
464819586
465338906
465470174
466124564
466293005
466967085
467734355
468288435
468813619
469468639
469938648
470456791
471158743
471467699
471593802
471781978
472340713
472698925
472925263
473422139
473557038
473688149
474027912
474409392
474783784
475426879
475890583
476219645
476635613
476960394
477552398
477855957
478313941
478892905
479102768
479545093
479743109
480110785
480988450
481360785
482196412
482617986
482937228
483157705
483450104
483571351
483812917
483896959
484177588
484510278
485032789
485528414
486038871
486229957
486906145
487004424
487624535
488424793
488563400
489051424
489713084
489883848
490116188
490579749
490834742
491091688
491362438
491851541
492319519
492561083
492639146
493176380
493765242
494208904
494493382
494777269
495191043
495358966
496179883
496335012
496365945
496625669
496675009
497043309
497329106
497485096
497702869
498180130
498463225
498797042
499115533
499557472
500139837
501100854
501553535
501942553
501999164
502451725
503277872
503580138
503750071
504654638
505140218
505364100
505537037
505975187
506234227
506829339
506947872
507360676
507431016
508015701
508771469
509024091
509124177
509600511
510339475
510615324
511088511
511714175
511943655
512106392
512716241
512972199
513254515
513905328
514418069
515091922
515707871
515797439
515957265
516407839
516851449
517306866
517822369
518444259
518536157
519331725
519578771
520034929
520737626
520947633
521229851
521430400
521672876
521917573
522537957
522653380
522815607
523308744
523835433
524382898
524724376
525391377
525407272
525576442
525763466
526323569
526620489
527387649
527676378
528199165
528535591
529079885
529208571
529682842
529949452
530485548
530579775
530984695
531176083
531983926
532796890
533203898
533866069
534421450
534813183
535058818
535814750
536200868
536805001
537349212
537730123
538347068
538782514
538961376
539419259
539564150
540213241
541015284
541319583
541809261
542578134
543179971
543192797
543752189
544107793
544409319
544765179
544926393
545402565
545891682
546315244
546915820
547367554
548031781
548464756
548710743
549054249
549392916
550218986
550794584
551474707
552219346
552708288
552847500
553337082
554090481
554416847
554875423
555028020
555447857
555949878
556580567
557179352
557490032
558039292
558258468
558657494
559244834
559700490
560386960
561034635
561795918
562267637
562993782
563608891
563939086
564500608
564834325
565290115
566142835
566626530
567164356
567552066
567966139
568766022
569267212
569851321
570529703
570917198
571271379
571719639
572252679
572623200
573047467
573318028
574192569
574729703
575090788
575451574
575478547
575784412
576505887
576855721
577145858
577612482
577943918
578313043
578607464
578763915
579254179
579668617
579814558
580498826
580872562
581055649
581461635
581839459
582235937
582698264
583507080
583860649
584587626
584824582
585085808
585591909
585872329
586554967
587061447
587443266
588043306
588432574
588890206
589408931
589655219
590348769
590849959
591290784
592045106
592776096
593114361
593489647
594306508
595013885
595683658
596296879
596505622
596998013
597094903
597707295
598108169
598346358
599133995
599652610
600250867
600468026
600751917
601261530
601625182
602132518
602589715
602877358
603368963
603917157
604406112
604908720
605177129
605263488
605778335
606128981
606607929
607092004
607621960
607913366
608609863
608671400
609215225
609674317
610072103
610260817
610578666
611277922
611714705
612356188
612758676
613419470
614040643
614508998
615099983
615786136
616168085
616533407
617017120
617650005
617890324
618440423
618912451
619031145
619317894
620193812
620598813
621076986
621360644
621926335
622519142
622887451
623128185
623805376
624283335
624917502
625201411
625568363
626030859
626513489
626589699
627334433
627976484
628257061
628534223
628832548
629306623
629718964
630147321
630219796
630755209
631092998
631690693
632259500
632758241
633379564
633753565
634374597
634949641
635507019
635710496
636084204
636468136
637018067
637473102
638204951
638658448
639037871
639254963
639658334
640020623
640942159
641536727
642035885
642360295
642947382
643530931
643977988
644393463
644842264
645582512
646062038
646336830
646824057
647573767
648178199
648311691
648733202
648792116
648940455
649539078
650278181
650965317
651467734
651560068
651733333
651962886
652550771
653226726
653871098
654439669
654783520
655519765
655785773
656084019
656616332
657002610
658101910
658283646
658723072
658908739
659556860
660382987
661103878
661180206
661888714
662366628
662920816
663186427
663885260
664104943
664828725
665383710
665672140
666210624
666441222
666963850
667178065
667639594
667987674
668164546
669006943
669470811
670021212
670417096
671129398
671751969
672041579
672238076
672405296
673239559
673749590
674021982
674328088
674754195
675132781
675553264
675759076
676090490
676288922
676589882
676760949
676788292
677391798
677555608
677749562
677913568
678404754
678861969
679666303
679681561
679939320
680163849
680941837
681305672
681911587
682403344
683306077
684062608
684363225
685343375
685520742
685795378
686216726
686478407
686890260
687041507
687305579
687686542
688130446
688930779
689581417
689826319
690197371
690892536
691606399
692615877
693101548
693495549
694192893
694241398
694282240
694912690
695096849
695663724
695925418
696418688
697063828
697608311
698262831
698713666
699222952
699700099
699952005
700191550
700991641
701195332
701778992
702451651
703051783
703707468
704580971
704938696
705471975
705925503
706282880
706851639
707264551
708079441
708486680
708928343
709612233
709857730
710733351
711333570
711574986
712014507
712456360
712745536
713299517
713560311
713929549
714205920
714958357
715153628
715960637
716192720
716496101
716898863
717482725
717571142
717912070
718433964
718772647
719232100
719938990
720197836
720863415
721454883
721934341
722318249
723277379
723810842
723942157
724180999
724634683
725513094
726355597
726646802
727339760
727805164
728205908
728469359
728580593
728929783
729384102
729849808
730140638
730426746
730840758
731373944
731847135
732363173
732570906
732884334
733704448
734029235
734494161
734716687
734949748
735462463
735870269
736088246
736511935
736907275
737156563
737478363
738041979
738546666
738909309
739282089
739530676
739950597
740244887
740568095
740859870
741048760
741528659
741934351
742623024
743000071
743525088
743743843
744103429
744401492
744715818
745084007
745353517
745422904
746360499
746984119
747305485
747564880
747794580
748244354
748786768
749271153
749845355
750044902
750217699
750795038
751251408
751503898
751774200
752300253
752672398
753102400
753491211
753886125
754473324
754671416
755035396
755447108
755625723
755818576
755831445
756002458
756297489
756860754
757322237
757484888
757908070
758571154
759164614
759279590
759393192
759921815
760229402
760497963
760947925
761239087
761856266
762480889
762855454
763712652
764175210
764233137
764682666
765365517
765964929
766716988
767305601
767772605
768290856
769077576
769559505
769593021
770365815
770686079
771030787
771512950
771985064
772373680
773240061
773817146
774085329
774616853
774774004
775731052
776020700
776424185
776929546
777902843
778443109
779107331
779841420
780197885
780559062
781316200
781904093
782547422
782873090
783291159
783773201
784320468
784653759
784964005
785502521
786140941
786449883
786827020
787519499
787783327
788403758
788999184
789396211
789647837
790238562
790362378
790750141
790770874
791081224
791396342
791683661
791933111
792371652
792675596
792787207
793274529
793686203
793951540
794632017
794787525
795232532
795616801
795855339
796417296
796634810
797085087
797709709
798354834
798422018
798646720
799177819
799465194
799563488
800232984
800415893
801039128
801469266
801931805
802345550
802721323
803359998
803615527
804079327
804279308
804685252
804962424
805183696
805736979
805980401
806288702
806834198
807503616
807908940
808213138
809012272
809291874
809623010
809783070
810250532
810932020
811537614
812030718
812684251
813060832
813337882
813700994
814169311
814476183
815178548
815662791
816291940
816694426
817046559
817803579
818612284
819055217
819418318
819814838
820234207
820489992
821180632
821755804
822116610
822605645
822993214
823489520
823753380
824389079
824921210
825159253
825535076
825776368
826169773
826662371
827520144
827866391
827911477
828358351
828761920
829251557
829356927
829788994
830391191
830524824
830716168
830968130
831561603
832176702
832638601
833086467
833517525
833542542
833891586
834334479
834863650
835275114
836056592
836171308
836749193
837405717
837888690
838438088
838902801
839128778
839246255
839799818
840339038
840717573
841163094
841272036
841906298
842354674
842814709
842983130
843408043
843933246
844543083
845237800
845326764
846014257
846221077
846646503
847218027
847985037
848082106
848248662
848708163
848956553
849297191
850128912
850631220
851109510
851651998
851857074
852237827
852670437
853213268
853932175
854613327
855595772
856177550
856869089
857189038
857553128
857819238
858095604
858460400
858721577
859127292
859411254
860089483
860555958
860882522
861081891
861454844
861504644
862015510
862674751
863159846
863455797
863601839
863971878
864394182
864966729
865456801
865835086
866681965
867338555
867535685
867741540
868530817
868873899
869244991
869665934
870074012
870344790
871133906
871544714
872043247
872700118
873167759
873720005
873813928
874539196
874885595
875661099
876095925
876899712
877169017
877926464
878210925
878500147
878837516
879394056
880015129
880511569
880765144
881149135
881497285
881795837
882114438
882754518
883037309
883532632
883958744
884044239
884641426
885021548
885533820
885897798
886341074
886693563
887005098
887744243
887878101
888194773
888484883
888898638
889476390
890086270
890714821
891119511
891782576
892399142
892743740
893049319
893119575
893566297
893994542
894150750
894451391
895147169
895669118
896202475
896545421
896887688
896986371
897395146
897638768
897899229
898054405
898431138
898861418
899544324
900040870
900719137
901188884
901598428
901917954
902304896
902903742
903528671
904074218
904391765
904865615
905175567
905412621
905622346
906174095
906349863
906863765
907356832
907620850
908176580
908912530
909255520
909477003
909731021
910393007
911279690
911652707
911820702
912428157
913258327
913637715
914035869
914310627
914704016
914985418
915649538
916075271
916340661
916607531
917042513
917508631
917798701
918160638
919192891
919839565
920501453
921135393
921762894
922440930
922893791
922913505
923075792
923677304
923859977
924041280
924944749
924975800
925787082
926276914
926658753
927172663
927681726
927920957
928490437
928795708
929148240
929863354
930429259
930439794
931290339
931603077
932325817
932680137
933070720
933588314
934117873
934509141
935038865
935334272
935785642
936045601
936361559
937089071
937498290
937673930
938073891
938136052
938640109
938894673
939033427
939798636
939939050
940527855
940812675
941209188
941578294
942166145
942789347
943285998
944017608
944533200
944972861
945419084
946456464
946798942
947265684
947459978
948039035
948833007
949639161
950000200
950223909
950861903
951416094
951743158
951810334
952706293
952724537
953145972
953793556
954132464
954363464
954418069
954931292
955182053
955426779
956012557
956163265
956432775
956937721
957295687
957574070
958141616
958836422
958986839
959538548
959793328
960484421
960864670
961492878
961796324
962079605
962421696
962450810
963231909
963521150
964357286
964835982
965496377
966120015
966853503
967450509
967823096
968240417
968699966
968894238
969013565
969686715
969768709
970076753
970513006
971041940
971434636
971775368
972274380
972495775
972663600
973141535
973617547
974007572
974668250
975138573
975796141
976182326
976593184
977180627
977289491
977639313
978047967
978631154
979088522
979402636
979596571
980065788
980324427
980847217
981320700
981916178
982587026
983158505
983579983
983845309
984502268
984791913
985044784
985613010
985713980
985866870
986819457
986934381
987478039
988186275
988397562
988737865
989375500
989727896
990323702
990912995
991186506
991475532
992310353
992812821
992826196
993589893
994197252
994654158
995407780
995804895
996550724
996796669
996989575
997405581
997731857
998456470
998704010
999352820
999834112
1000175962
1000506724
1001015729
1001670146
1002112112
1002765086
1003176480
1003746502
1003906017
1004309892
1004607835
1005077916
1005224186
1005835795
1006338809
1006416381
1006791615
1007234150
1007392594
1007881310
1008251960
1008743239
1008959891
1009352093
1009882449
1010105426
1010724082
1011551324
1012343699
1013037198
1013637224
1013729645
1014559316
1014937392
1015617905
1016301882
1016925515
1017512563
1018193801
1018987851
1019237507
1019604304
1019906168
1020639412
1021325681
1021584058
1022046493
1022533298
1023035290
1023557686
1023927595
1024596287
1025056885
1025213272
1025577474
1025948847
1026160390
1026942293
1027428258
1027681260
1028088057
1028756596
1029042841
1029690857
1030089667
1030559994
1031113512
1031650291
1032337965
1032709195
1032849276
1033423819
1033958524
1034763123
1035112364
1035675584
1036053577
1036290282
1037344890
1037799226
1038117940
1038610563
1039398261
1039828359
1040009860
1040755321
1041311090
1041765427
1041929443
1042632550
1043214599
1043622685
1043851834
1044543872
1045177450
1045376068
1045840458
1046109606
1046471594
1047374329
1047808740
1048142634
1048449155
1048529252
1049052472
1049534809
1050133192
1050905739
1051264493
1052097568
1052476824
1052891620
1053149667
1053831188
1054190456
1054207569
1054822087
1055310306
1055871397
1056143183
1056500906
1056821406
1057140422
1057478361
1058075916
1058395075
1058814221
1059063815
1059206998
1059578846
1059628535
1059755577
1060252790
1060400639
1060910383
1061774266
1062287408
1062721884
1063015886
1063713510
1064123316
1064724711
1065121213
1065566682
1065972188
1066337111
1066965516
1067166414
1067753550
1068302403
1068740506
1069287564
1069806899
1070148285
1070353149
1070689144
1071392948
1071771623
1072269045
1072600366
1073098128
1073424581
1074150867
1074594781
1075158329
1075308608
1075530555
1076275226
1077230647
1077752076
1078414624
1078718809
1079030485
1079130606
1079422862
1079454285
1079871840
1080542805
1080820979
1081241167
1081464118
1082073500
1082240277
1082627860
1082904808
1083402556
1083692238
1083983176
1084597374
1085273593
1085707973
1086242686
1086514034
1086791677
1087206273
1087835243
1088057225
1088468803
1089324938
1089630555
1089797991
1090206806
1090408398
1091152607
1091904651
1092560425
1093114499
1093810790
1094390892
1094460039
1095164941
1095671039
1095854069
1096102432
1096945610
1097408100
1098027229
1098355581
1098951529
1099087293
1099729056
1099997594
1100361080
1100761147
1101236093
1101979261
1102332700
1102863235
1103361590
1103650902
1103853368
1104410238
1105321764
1106092743
1106542184
1106934847
1107196626
1108187231
1108568106
1108875541
1109293449
1109726354
1109846636
1110195805
1110411287
1110603518
1110874005
1111290599
1111968001
1112401346
1112721980
1113592155
1113634420
1114223465
1114665736
1115343483
1115848450
1116321993
1116890962
1117164456
1117706782
1117840161
1117998369
1118201348
1118538591
1119450663
1119497669
1120095468
1120447256
1120791302
1121406369
1121873738
1122317619
1122662246
1122763218
1123231697
1123577697
1124099825
1124505922
1124894277
1125367220
1125738947
1126127332
1126591024
1127067237
1127546785
1128030696
1128825687
1129144864
1129308747
1129750600
1129804893
1130403074
1130843558
1131142963
1131630401
1131937603
1132430453
1133105879
1133359011
1133943581
1134559829
1134767587
1135048549
1135332182
1135783676
1136115920
1136457365
1136723906
1137428044
1137881926
1138383160
1138791428
1139585230
1139812783
1140049124
1140490930
1140693761
1141151612
1141528136
1142050902
1142580057
1143026156
1143531221
1143868374
1144052069
1144596136
1144964143
1145042189
1145318070
1146203349
1146706860
1146840831
1147184848
1147527184
1147870699
1148291477
1148793714
1149036690
1149453573
1149989437
1150529680
1150603603
1150754787
1151238131
1151586736
1152076357
1152331011
1152591104
1152592157
1153158183
1153334314
1154052913
1154427223
1154666087
1155028081
1155323260
1155620787
1155878460
1156333078
1156805061
1157566314
1158031704
1158326186
1158677945
1159330834
1159742886
1160173242
1160712237
1161759429
1162838739
1163554851
1164177104
1164521504
1164607529
1165233374
1165763632
1166275321
1166800808
1167133727
1167925038
1168819750
1169362526
1169735232
1169787980
1170156582
1170378456
1170649521
1171279604
1171603532
1172041616
1172294443
1172848349
1173389712
1173643434
1173744740
1174048107
1174528939
1175072298
1175320125
1175609241
1176075291
1176288463
1176997964
1177321282
1177588558
1177981184
1178348161
1178807629
1179517607
1180005100
1180812263
1181014521
1181431994
1182010072
1182802181
1183506397
1183862541
1183916346
1184477072
1184601931
1184722753
1184845712
1185440593
1185973890
1186275521
1186697361
1187017783
1187254962
1187954759
1188252435
1188767446
1189073200
1189373862
1189724790
1190039426
1190231421
1190528998
1190574336
1190632565
1190753575
1191392253
1192064585
1192631099
1192958290
1193044256
1193395909
1193857435
1194200693
1194671335
1195024255
1195111555
1195133094
1195543698
1195839035
1196309530
1196954166
1197320126
1197804875
1198354891
1198969720
1199491737
1199879840
1200336772
1200648242
1201124533
1201725700
1202097147
1202122481
1202221679
1202806455
1203042621
1203658157
1203986688
1204502402
1204768152
1204947111
1205467941
1206167011
1206385024
1206744533
1207268787
1207273124
1207802076
1208297561
1208559303
1209034201
1209293006
1209707620
1210031355
1210446369
1211056484
1211337714
1211719304
1212259703
1212497045
1212655857
1213065336
1213461478
1213925603
1214613565
1215098344
1215470174
1216024830
1216483201
1216866370
1217063474
1217594213
1218185164
1218745012
1219158330
1219768537
1220035668
1220592028
1221111180
1221709831
1222103211
1222555114
1223084288
1223420845
1224261693
1224678837
1225013614
1225537827
1226010048
1226655856
1226854535
1227358590
1228021727
1228701645
1228898125
1229555911
1230012856
1230331078
1230376362
1231154569
1231757313
1232172796
1232531330
1233049628
1233303694
1233525440
1233815833
1234535742
1234979031
1235058694
1235177944
1235503481
1235813662
1236844724
1237294983
1238145302
1238610135
1239022628
1239565307
1239923427
1240469237
1241112278
1241853172
1242188169
1242465390
1243086428
1243271940
1243964957
1244310889
1244772994
1244835214
1245407386
1246070786
1246452483
1246934636
1247177881
1247650051
1248018809
1248627092
1248752786
1249438719
1249853129
1250665787
1251066526
1251758318
1252218888
1252776901
1253487234
1254173707
1254698034
1255049736
1255546423
1255975656
1256216812
1256529515
1256636597
1256734643
1257405685
1257723193
1258272801
1258364646
1258999382
1259781625
1259987026
1260354180
1260722358
1261349055
1261600382
1262032690
1262381600
1262404517
1262841546
1262915613
1263481775
1263895514
1264592679
1264881288
1265307614
1265897660
1266759365
1266856722
1267126910
1267570989
1268103881
1268899277
1269278533
1270006311
1270272029
1270957317
1271852961
1272296082
1272491949
1272895511
1273389935
1273724615
1274330593
1274586069
1274995001
1275131252
1275406711
1275700970
1275859930
1276031373
1276308645
1276841990
1276879329
1277633244
1277672334
1278003882
1278343690
1278762423
1279347678
1279642561
1279882769
1280430966
1280836621
1281546889
1281848634
1282036044
1282618152
1282878284
1283348563
1283607246
1283998286
1284460648
1284931571
1285554353
1286138278
1286230447
1286537183
1287196344
1287690979
1288027637
1288061772
1288644193
1289351113
1289813932
1290227931
1290582504
1290762834
1291031418
1291681135
1292186233
1292636023
1293009336
1293503642
1293999291
1294284148
1294366344
1294988382
1295140920
1295608980
1295966381
1296116441
1296835403
1297223788
1297919887
1298263018
1298524545
1299477998
1299638689
1300092531
1300231072
1300600470
1300997376
1301584544
1302027563
1302598494
1303025631
1303519245
1304072118
1304562140
1305019400
1305518879
1305946269
1306525829
1306895672
1307387323
1307877468
1308888228
1309460540
1309787003
1310482209
1310815174
1310934805
1311284697
1311772870
1312530683
1312909840
1313348145
1313559103
1313746903
1313828558
1314363125
1314836108
1315426555
1315994125
1316365173
1316744666
1316869521
1316870171
1317279664
1317948395
1318236958
1318991523
1319185700
1319497608
1320357155
1320563647
1321280778
1321890072
1322456821
1322751010
1323243610
1323714914
1324191468
1324301861
1324703942
1324822618
1325441439
1325924105
1326288862
1326417507
1326475871
1327158579
1327721606
1328642130
1329080677
1329402626
1329638720
1330040049
1330600146
1331303849
1331851154
1332212828
1332370149
1332717623
1333124158
1333974273
1334556445
1335264617
1335602112
1335677327
1336180527
1336391413
1336799221
1337126430
1337533086
1338113852
1338515205
1339100735
1339236092
1339448460
1339837160
1340526265
1340907425
1341500836
1341794216
1342460399
1342829314
1343339429
1344053522
1344407009
1344766973
1344815970
1344852326
1345388791
1345610732
1345837708
1346511202
1347024655
1347310302
1347788707
1348129580
1348281978
1348580842
1348722479
1349290733
1349993771
1350301520
1350742232
1350983060
1351449159
1351656756
1352537491
1352862294
1353228655
1353375284
1354114503
1355181394
1355810454
1356126775
1356529205
1356705292
1357068192
1357432592
1358037266
1358167569
1358554726
1358732498
1359190623
1359493039
1359900903
1360278520
1360900085
1361432621
1361669897
1362143468
1362592783
1363264695
1363758138
1364349462
1364466827
1364695362
1364981390
1365665597
1366468127
1366906388
1367399093
1368042631
1368341148
1368917114
1369810121
1370345357
1370723508
1371472453
1371499391
1371848883
1372325918
1372584253
1373199306
1373738324
1374293177
1374599151
1375055599
1375554518
1376127678
1376336796
1376700652
1377402038
1377554994
1377950657
1378343222
1378653255
1378736862
1378797223
1379487808
1380151444
1380485853
1380714223
1381296408
1381801450
1382230204
1382443390
1382722320
1383122996
1383503591
1384131877
1384690201
1385130626
1385460153
1385754533
1385932212
1386077672
1386410191
1387092986
1387709810
1388288231
1388543967
1388671523
1388805975
1389091160
1389388707
1389475336
1389543284
1389983910
1390613178
1390872716
1391278197
1391663460
1392279220
1392770913
1393244046
1393645499
1394260695
1394450700
1394727195
1395201480
1395549530
1396094754
1396434987
1396729440
1396981400
1397464431
1397840009
1398259937
1398427082
1398832104
1398987105
1399365974
1400032843
1400053015
1400534553
1400822035
1401108466
1401644661
1402081615
1402654764
1403279369
1403660083
1404166575
1404465717
1404897378
1405201220
1405679544
1406089015
1406567598
1407134299
1407442962
1408021488
1408538708
1409018615
1409532401
1409810472
1409962404
1410302649
1410751397
1410958278
1411490862
1412041337
1412289835
1412740983
1412802797
1413394757
1413851073
1414201830
1414914390
1415363696
1416163331
1416976717
1417084865
1417648543
1417828495
1418103628
1418760412
1418924666
1419339799
1419833768
1420275545
1420730759
1421109903
1421208925
1421670048
1422361585
1423296767
1423609375
1424145039
1424282116
1425017850
1425510558
1425713358
1425891474
1426272637
1426723771
1427096362
1427141578
1427735070
1427994783
1428719037
1428917033
1429302407
1429862065
1430209604
1430824440
1430993384
1431887307
1432502524
1432971464
1433153358
1433567911
1433886908
1434466345
1434830464
1435429710
1435698541
1436033983
1436498318
1437082983
1437362275
1437878444
1438450398
1439097329
1439862676
1440315838
1440374804
1440538154
1440980629
1441397921
1441924972
1442483891
1442862062
1442952397
1443688714
1444035530
1444776895
1445132830
1445532574
1445868136
1446353363
1446813399
1447358699
1447804349
1447951921
1448570465
1449272452
1449933734
1450391743
1450949642
1451442670
1452119555
1452663870
1453003855
1453162244
1453325735
1453703425
1454238617
1454842067
1455584660
1455963076
1456558801
1456781920
1457271293
1457559906
1457745504
1458178838
1458353787
1459131470
1459450067
1460255744
1460409482
1460689033
1461061570
1461547186
1461812026
1462077249
1462355354
1462977221
1463475239
1463631796
1464078430
1464707667
1465204619
1465361312
1465442420
1465461926
1465848742
1466004861
1466608822
1467097757
1467103199
1467786530
1468223050
1468592527
1469062170
1469518094
1469656890
1470201006
1470805907
1471334574
1471721382
1472081132
1472774038
1473235619
1473707608
1474049345
1474591668
1475448778
1475792353
1476189466
1476839841
1477077822
1477522407
1477749504
1478113477
1478539262
1479131347
1479367991
1479544812
1479717962
1480144684
1480872162
1481526662
1482113222
1482133923
1482371180
1483130715
1483595782
1483944457
1484296316
1484681382
1485304017
1485890996
1486613895
1486955218
1487353860
1487676216
1488451498
1489247338
1489634170
1490028957
1490297201
1490846731
1491285554
1491835659
1492177285
1492800768
1493031482
1493427327
1493982001
1494225919
1495045760
1495353156
1495575681
1495782837
1496286268
1496314479
1496792511
1496971341
1497323358
1498093805
1498371954
1498718736
1499488115
1499773742
1500488513
1500957829
1501160143
1501622121
1502395598
1502435161
1502774720
1503245624
1503838552
1504287949
1504593760
1505075365
1505190661
1505990377
1506239466
1507112921
1507697632
1507995379
1508520364
1509017615
1509547622
1510026570
1510444132
1510791091
1511037129
1511510961
1512163968
1512667042
1513244274
1514191638
1514661939
1514696109
1515072761
1515312989
1515432864
1515863084
1516205720
1516751858
1517117247
1517242158
1517514203
1517776301
1518267881
1518878004
1519155102
1519686119
1520014632
1520492154
1521045786
1521336139
1522033390
1522274941
1522873570
1523598265
1524060508
1524540612
1525080485
1525625088
1526606065
1526742227
1526971073
1527246064
1528075390
1528663195
1529388594
1529715208
1529970272
1530444789
1530876509
1530970278
1531681659
1532279874
1533262559
1534130065
1534344017
1534813428
1534885020
1535601654
1536368243
1536674431
1537384489
1538164104
1538644917
1538941871
1539593277
1539998788
1540158636
1540311992
1540510499
1541208538
1541577686
1542539998
1542585704
1543364005
1543894709
1544153367
1544556044
1544727796
1544872805
1545324955
1545489865
1545886077
1546442550
1546862906
1547133525
1547605939
1547958626
1549047195
1549349503
1550075784
1550444863
1551114015
1551722598
1551891367
1552204565
1552546612
1552560116
1553109134
1553788389
1554095440
1554883090
1555343809
1555711695
1556110693
1556704868
1557387737
1557875406
1558318024
1558822318
1559222284
1559487279
1559888036
1560608453
1561144732
1561670964
1562102769
1562580280
1563351845
1563882423
1564482857
1564612497
1565026351
1565715319
1565770216
1566675505
1566959688
1567299955
1567963761
1568610063
1568973124
1569728704
1570334630
1570837932
1571279996
1571527245
1571927427
1572320151
1572814808
1573305722
1573771631
1574277052
1574547033
1574766653
1575494986
1575999064
1576672438
1577426594
1577966882
1578091143
1578786953
1579000625
1579161231
1579323160
1579417231
1579494699
1580038808
1580318552
1580991844
1581473992
1582097904
1582861865
1583475723
1583828316
1584017213
1584681936
1585375548
1586145301
1586797176
1587136640
1587578070
1587919819
1588182267
1588695058
1588960216
1589462597
1590077730
1590251088
1590344878
1590845797
1590960390
1591505041
1592165687
1592569565
1592708404
1593020971
1593675385
1594155270
1594641884
1595007500
1595419978
1595879163
1596490068
1596968015
1597341589
1597815845
1598548094
1599201040
1599442628
1600193970
1600398403
1601005632
1601418935
1601816862
1602012962
1602441933
1602890681
1603321244
1603857073
1604516155
1605003530
1605889132
1606697063
1607104130
1607566041
1607875183
1608255753
1608836344
1609792952
1609991125
1610075824
1610508026
1610776958
1611331723
1611407074
1611424282
1611665094
1612162524
1612759770
1612915506
1613581977
1614139588
1614554591
1615057796
1615331059
1616079475
1616946812
1617687341
1618264983
1618764916
1619145739
1619478634
1620101528
1620441354
1620851142
1620928672
1621206183
1621941060
1622713061
1622953072
1623192962
1623561084
1624010781
1624445394
1624591586
1625312331
1625791410
1626253991
1626686737
1627398568
1627467565
1627850200
1628254787
1628903170
1629137614
1629393568
1630139943
1630806320
1631202968
1631646621
1632079500
1632524659
1632656543
1633230793
1633722922
1634134292
1634497451
1634720337
1635090329
1635662786
1636056300
1636640521
1637120865
1637409991
1637749785
1638275604
1638682809
1639473025
1639813302
1640386543
1640732116
1640812136
1641316069
1641586191
1642198542
1642437012
1643035258
1643316250
1644077142
1644329042
1644941917
1645285173
1645775695
1645839156
1646008648
1646476624
1646851748
1647305600
1647775870
1648287059
1648710512
1649108113
1649394868
1649819085
1650310195
1650553650
1650837182
1651276514
1651876348
1652162939
1652998520
1653298624
1653573845
1653723615
1653977132
1654533219
1655015479
1655574339
1655750929
1656035561
1656289607
1656823122
1657361541
1657797814
1658037625
1658535843
1659299651
1659619675
1660031983
1660463128
1660666761
1661042193
1661326406
1661606281
1661930278
1662685079
1663112678
1663405826
1663798653
1664382743
1664703829
1664937593
1665717050
1666244411
1666384119
1666597681
1667279673
1667520877
1667949568
1668136201
1668639539
1669278744
1669574404
1669750863
1669976842
1670329228
1670864511
1671523493
1671885017
1672814803
1673242985
1674055496
1674454057
1674950510
1675043065
1675503003
1675977488
1676542920
1677246722
1677636040
1678029805
1678742040
1679266117
1680017634
1680608839
1681375019
1682250140
1682749353
1683644455
1683778057
1684254489
1684283040
1684655179
1684866971
1685773434
1685786816
1686309023
1687077627
1687444243
1687811846
1688187356
1688455601
1689020475
1689513255
1689765381
1690336965
1690493835
1690504157
1690555947
1690645107
1690798341
1691102922
1691610378
1691992783
1692198836
1692697550
1693057287
1693357466
1693596310
1694132458
1694668276
1695444125
1695951886
1696329264
1696668400
1696838123
1697256319
1697897573
1698235195
1698648353
1699255441
1699853669
1700080543
1700636373
1700839436
1700966851
1701503221
1702359742
1702721084
1703253476
1703559319
1704055564
1704439194
1704724421
1704958721
1705510920
1706061085
1706913910
1707304647
1707997852
1708728092
1709308523
1709690892
1709927491
1710331822
1710789688
1711313689
1711623871
1712244317
1712476128
1712685379
1713318143
1713470901
1714381379
1714861468
1715577015
1716045062
1716687667
1717031769
1717532999
1717742729
1718207191
1718307072
1719261845
1719504641
1719914694
1720204108
1720571955
1720950948
1721531324
1722095385
1722718343
1722996393
1723307938
1723952889
1724203280
1724700662
1724995699
1725511401
1726146186
1726922074
1727126067
1727234839
1727307323
1727706794
1728411442
1728798316
1729642894
1729798225
1729864384
1730281898
1730838577
1731551014
1731776419
1732419514
1733226932
1733989768
1734038223
1734752752
1735261764
1735558122
1736565264
1736730853
1737267485
1737410352
1738031906
1738286520
1738543360
1738743921
1739151831
1739751834
1740566493
1741002686
1741791057
1742291690
1742539473
1743223943
1743590136
1743727777
1744113625
1745024774
1745281353
1745475621
1746124744
1746382974
1746589438
1746752989
1746940824
1747831708
1748748232
1748953958
1749741002
1750355841
1750938657
1751584636
1751854191
1752274463
1752349556
1752682544
1753444879
1753607703
1754204586
1754411802
1754708023
1754887060
1755554664
1756215670
1756594016
1757167805
1757543689
1757985301
1758192723
1758603250
1759222333
1759353178
1759932133
1760308833
1760870926
1761099764
1761133153
1761181808
1761674117
1761954738
1762302378
1762572974
1762921244
1763637578
1764314402
1764732733
1765185204
1765495998
1765826235
1766065343
1766486504
1767108096
1767611191
1768405008
1768716694
1769145917
1769502377
1770240964
1770745328
1771239199
1771653629
1771873318
1772391561
1773474263
1774077530
1774484484
1775059640
1775382207
1775782969
1776256606
1776742420
1777272641
1777938834
1778648936
1779178653
1779597204
1779692615
1779836735
1780212801
1780460927
1780888661
1781244308
1781827590
1782234796
1782539264
1783017526
1783867409
1784352343
1784690452
1785069562
1785386743
1785490629
1785947255
1786283867
1786432284
1786764286
1787315819
1787669891
1787838175
1788170404
1788952888
1789354353
1789533826
1790369013
1790680568
1791227936
1791548564
1792013626
1792427216
1792794610
1793272533
1793390895
1793537571
1793757587
1794169221
1794795953
1795185365
1796032374
1796125960
1796495972
1796722035
1797270538
1797558706
1798000754
1798373793
1798752422
1799112348
1799395597
1799453382
1799812763
1800015922
1800485743
1800758362
1801224191
1801648239
1801801020
1802640795
1803236803
1803622445
1804191654
1804573145
1805002153
1805699758
1806176955
1806640302
1807044438
1807183613
1807502232
1808203751
1808399973
1808684826
1808755650
1809065512
1809761146
1810142365
1810409884
1810436099
1811163555
1811499345
1812038734
1812711747
1813120234
1813233395
1813565604
1814066623
1814072247
1814520537
1815069354
1815595514
1815811744
1815840108
1816389293
1816606204
1817095815
1817673419
1818064198
1818593829
1819020924
1819368233
1820091461
1820608282
1820970755
1821478214
1822042423
1822450822
1822653765
1823044098
1823336422
1823386843
1823638242
1824128690
1824423155
1824866624
1825410798
1825828426
1826339911
1826737281
1827079390
1827764013
1827986258
1828309333
1829155206
1829770164
1830582710
1830852611
1831116855
1831529797
1831986567
1832206383
1832488262
1832840929
1833168544
1833830467
1834191885
1834935631
1835083805
1835644543
1836134304
1836537263
1836676203
1837057143
1837590252
1838130778
1838743426
1838962381
1839507406
1840122470
1840705609
1841195627
1841575072
1841585672
1842020788
1842786536
1843350516
1843622111
1844412309
1845026558
1845333622
1846320865
1846785285
1847266695
1847364422
1847941921
1848539327
1849134002
1849758039
1849935856
1850170590
1850467226
1850993811
1851383125
1852013079
1852768970
1853066104
1853372379
1853760254
1854089189
1854430074
1855039188
1855117355
1855657040
1855860113
1856538969
1856900821
1857360718
1857946224
1858377308
1858922970
1859618730
1860127800
1860437082
1860707719
1860939841
1861373698
1862096787
1862637254
1863064773
1863691598
1863990652
1864115885
1864385223
1864620201
1864993336
1865442168
1866015480
1866400933
1866621814
1866931197
1867538299
1868176030
1868529924
1869066674
1869858526
1870105101
1870239255
1870507109
1870988387
1871260186
1871344013
1871525712
1872169339
1872823900
1873128764
1873318390
1873682274
1874233936
1874710266
1875206589
1875593612
1875981540
1876086217
1876786639
1876901808
1877260804
1877869960
1878506359
1879041096
1879426488
1879488279
1879928617
1880326221
1880903858
1881551780
1881872688
1882051213
1882141342
1882507486
1882861952
1883341292
1884235901
1884629512
1885348573
1885758448
1886027845
1886602473
1887433118
1888248125
1888554551
1889350735
1889880743
1890435620
1890710558
1891618280
1892062257
1892676826
1893231006
1893913917
1894270671
1894751406
1894903737
1895572812
1895900944
1896149569
1896748231
1896809446
1897003519
1897127459
1897742754
1898201526
1898475639
1898869317
1899384574
1899921757
1900465393
1900636913
1900757218
1900857236
1901478460
1901867630
1902135986
1902562892
1902715341
1902983285
1903828684
1903903037
1904111822
1904508080
1904868950
1905296410
1905581424
1906324362
1906714215
1907197855
1907800983
1908252831
1908451069
1909185999
1909767873
1910238625
1910847487
1910860810
1911120145
1911509669
1912212672
1912675747
1913019135
1913381056
1914163208
1914654429
1915538965
1916235949
1916715236
1916888875
1917332968
1917550615
1917964788
1918317066
1918501200
1918986972
1919728824
1920123492
1920660766
1921370310
1921578395
1921940403
1922614461
1922619480
1922933755
1923577474
1924204676
1924538741
1925139010
1925521155
1926399730
1926761466
1927207066
1927346684
1928030368
1928793005
1929088934
1929325513
1930042496
1930605445
1931266149
1932103575
1932441861
1932860404
1933533291
1933884654
1934144707
1934567004
1934934231
1935411450
1936215934
1936299064
1936494031
1936994433
1937040390
1937260430
1937321782
1937535502
1937680022
1938285655
1938444217
1939351543
1939806317
1940131294
1940891063
1941366751
1941851012
1942430175
1943039655
1943478464
1943976650
1944535055
1944810424
1945422185
1945462103
1945978633
1946331780
1946745954
1947026260
1947573460
1948089800
1948275439
1948717500
1949123584
1949359874
1949840897
1950602085
1950789850
1951050715
1951621497
1952229106
1952442329
1953091766
1953649879
1953907247
1954050840
1954258596
1954341905
1954830166
1955486150
1955632705
1956056453
1956127761
1956614826
1957321413
1957774778
1958261062
1958501371
1958511542
1958862831
1959166875
1959681075
1960099019
1960434506
1960964991
1961443794
1961899475
1962275393
1962394533
1963093017
1963730661
1964136146
1964455187
1964871806
1965106536
1965842699
1965920290
1966238090
1966735678
1967398110
1967549538
1968466082
1969018185
1969545205
1970055227
1970807263
1971525496
1972240890
1972586934
1973010551
1973603667
1973606954
1974039332
1974276937
1974802085
1975112161
1975638587
1976139835
1976578507
1976953690
1977341084
1977916678
1978591938
1978734905
1979057033
1979709138
1979785440
1980466106
1981003206
1981062041
1981749616
1982168036
1982502921
1982938451
1983177420
1983635365
1983873738
1984446069
1985028312
1985559552
1986120488
1986652113
1987165953
1987541324
1988179397
1988544832
1988757574
1989250638
1989283183
1989983600
1990545260
1991033553
1991331090
1991626094
1992163002
1992448334
1992898373
1992990785
1993243398
1993725643
1994343932
1995242100
1995915697
1996398989
1996565906
1997066310
1997223847
1997501189
1997909547
1998373518
1998721859
1999258064
2000145943
2000209296
2000627897
2000884492
2001418034
2001877779
2002262926
2002690162
2003249514
2003519151
2004013749
2004592720
2005445206
2006106473
2007053514
2007285359
2007540916
2008044343
2008470592
2008810864
2009283823
2009706140
2009951566
2010214593
2010566902
2011289648
2011815302
2012068421
2012541085
2012861104
2013103982
2013322587
2013797063
2014406963
2014715606
2014717722
2015279471
2015447860
2015527455
2016099158
2016217826
2016424370
2017058306
2017481806
2018205247
2018497575
2018722311
2018895257
2019445533
2019556604
2019978975
2020404588
2020890168
2021149527
2021670054
2021840142
2022194348
2022502733
2022904199
2023128468
2023155095
2023559261
2024199422
2024541367
2025072766
2025335380
2025754888
2026463176
2026993717
2027763644
2027998402
2028331053
2028906013
2029544416
2029855341
2030522544
2031020561
2031874316
2032574902
2033058058
2033707100
2034255205
2034940186
2035422540
2036106849
2036187983
2037397263
2037923031
2038494442
2038756123
2039194913
2039672442
2040307462
2040567156
2040816112
2041021788
2041473239
2042222951
2042514935
2043254189
2043778620
2044222674
2044685844
2044821873
2045347764
2045529298
2045982948
2046502588
2046850426
2047134387
2047713621
2048195537
2048823327
2049440240
2049660682
2049989700
2050432501
2051078115
2051351360
2051716554
2052402996
2052940205
2053203475
2053476734
2053901902
2054588308
2055055537
2055586399
2056024701
2056425465
2056644597
2056901972
2057373385
2057992142
2058074376
2058162604
2058469467
2058518352
2059084014
2059477176
2060329755
2061003525
2061446176
2061688200
2062118471
2062377902
2062528270
2063287086
2063770583
2064415054
2064818833
2065452903
2066165818
2066862058
2067610339
2067887497
2068451449
2068689503
2068969275
2069789909
2069903240
2070164697
2070270255
2070588275
2070698224
2071088177
2071471376
2072136431
2072686564
2072880022
2073678721
2074116224
2074731522
2075307648
2075958073
2076191573
2076996652
2077090312
2077949820
2078307777
2078372528
2078772936
2079170537
2080078674
2080154682
2080793306
2081049904
2081322816
2082164965
2082617027
2083049748
2083663463
2083723867
2084515008
2084809886
2084864819
2085565800
2085841169
2086337948
2086793482
2087105586
2087850637
2088419775
2088608524
2089007633
2089363723
2089942364
2090348813
2091009199
2091451740
2091905764
2092593688
2092852004
2093477382
2094052900
2094297646
2094639808
2095261437
2095918350
2096267843
2096913011
2097287199
2097841356
2098407801
2098893702
2099715187
2099922762
2100143648
2100198146
2100607906
2100827207
2101134731
2101297331
2101461703
2101862737
2102377121
2102581533
2103337593
2103596532
2104094491
2104368716
2104904417
2105570996
2105709834
2106045492
2106428930
2107060343
2107619576
2107976206
2108587473
2108855795
2109364812
2109727171
2110098232
2110487009
2110625317
2110786433
2110966082
2111500523
2111842619
2112308356
2112982086
2113338183
2113862879
2114460928
2114855413
2115047693
2115550459
2116090014
2116573176
2117065659
2117684798
2117965808
2118454879
2119137710
2119494500
2120096410
2120358533
2120814664
2121065572
2121369363
2121820635
2122029759
2122342186
2122709302
2122935351
2123337208
2123937881
2124055916
2124397844
2124814386
2124999165
2125382810
2125750859
2126110429
2126520437
2126883236
2127743308
2128503500
2128939096
2129320892
2129867845
2130507400
2131182798
2131657330
2131978733
2132257501
2132691242
2133443871
2133651956
2133901529
2134266282
2134906060
2135388020
2135654456
2135964871
2136542304
2137012882
2137649813
2138098737
2138331967
2139107810
2139532555
2139827365
2140012293
2140116080
2140498881
2140890745
2141468481
2141937720
2142578050
2143047901
2143256725
2143807737
2144121330
2144514578
2144757396
2145201117
2145703774
2146122291
2146566651
2147110336
2147446493
-2147233492
-2146822265
-2146641094
-2146344356
-2145872971
-2145455767
-2145133052
-2144594672
-2144083595
-2143419237
-2142885310
-2142545782
-2142007608
-2141324176
-2141203788
-2141078903
-2140567463
-2140101070
-2139661125
-2138947347
-2138532655
-2138271569
-2137805552
-2137448345
-2137392092
-2136988822
-2136502838
-2136160555
-2135768086
-2135199533
-2134798109
-2133913473
-2133647651
-2133480072
-2132970255
-2132790203
-2132084767
-2131203023
-2130753477
-2130249419
-2129572930
-2129201019
-2129082126
-2128833672
-2128360392
-2127972721
-2127703551
-2127101917
-2126272017
-2125605631
-2125024230
-2124751048
-2124320530
-2123762314
-2123033740
-2122545082
-2122317895
-2121512810
-2121308630
-2121007320
-2120691926
-2120258308
-2119951280
-2119644343
-2119324978
-2118928630
-2118643843
-2118276593
