44473197
90915209
112238414
139450076
164639243
179371540
231060638
276144523
359669766
380027669
444363485
504126919
575841620
603128990
637826499
667371413
712120824
738522318
765441957
783817433
831675168
872267848
910310389
948986255
978617681
1031643569
1036669844
1048304686
1115755771
1160646140
1200411785
1244851227
1312436833
1371529665
1385268952
1458574432
1541111775
1585080119
1636172365
1700985982
1715030495
1753828499
1793576177
1796436115
1849126250
1926452783
1951103741
1983225524
2009655467
2036849370
