1576859214
1883877773
2077462276
2074137876
1151937799
865892079
1301537421
146379449
1932203178
861032861
936224111
2049247296
2104772513
839603234
1393628533
1817772046
778943572
369242967
204933446
1427830948
1616626768
160933708
85736608
187938133
1483379731
308262978
307422771
145090577
1042234742
854563279
302092572
1735157343
1191028407
95606308
2052838396
1465482089
1324525602
1031318379
705765301
1249380657
2006587996
1062640970
1549238209
1701333730
367738700
1594580101
1081853486
1706895937
1137872807
861750976
1337867578
1048328770
409376534
1696718945
56268935
1773242551
1582704901
902810260
1233879035
1990826275
260626442
1339217768
1321578038
972487341
1666136560
326237719
1038892209
1410206512
9380448
823202147
377444208
1410898287
1471192619
823409179
341848675
801912934
592648502
1623807933
1297660511
833172923
2006890755
312183093
583211955
37045588
754750936
815218628
823449706
1705251842
750853262
1191796220
491964445
1460736858
2004779767
132777191
355400562
1880158373
1911150829
921424200
929504565
873875693
354148340
865233657
1317636881
1108102200
1243575179
918513779
305201130
1287856593
701623316
970106988
1034570202
796196801
1169589853
116089755
209003975
870844253
1663334858
774461591
617151134
312482041
1489504033
388076509
265801262
341110970
426338802
1311798768
2056613283
831782537
49362593
1930082715
367944605
1463454500
206589713
587816018
1111094764
57400398
2028615663
843606711
1357645035
2146445863
1191393432
2028917560
482297462
1201952662
622874536
502628565
694023817
1777303522
115189280
950411263
1201059702
2016578400
1830865715
2045644700
470612930
2130124103
39232173
212344871
263189405
2053524639
910266369
4711157
1891145725
1751431768
609945581
1039887250
1746865494
297318007
613700300
562333002
1140930552
804800107
989129080
1524137668
1324874756
2059927166
64059097
69586376
1953907468
961593447
918366223
55635232
2057601350
1004638460
847746360
174978717
744297581
1989400324
1798581470
642947889
1838773813
597390635
1149021184
1429486393
2137381993
936464654
1186909371
192938206
99647650
488503670
1640887701
1322712721
1696819622
1976778147
866407270
1014395827
1779118170
1960748989
754673636
1098152279
1052432997
2116807791
1107998409
976976159
1392804963
1605206416
850123683
1471344707
266352067
1869786614
1569583672
1772757168
693491774
286622831
311876499
662794828
550825204
29383626
665815472
1138320984
800340261
1831958032
832641983
173678319
1623016584
681355473
452670744
496278699
332079948
1698035864
1507367100
246346855
356623784
816658816
1499313028
1126096670
739878689
1427236576
899505897
977937906
772855640
345474081
2060109423
865766473
1842804365
1134950577
266598830
629864978
1886920628
1638299920
1475302654
2039334949
1029921330
909422344
874416830
730345673
551963956
635761402
659339073
1948059215
661294764
1523288146
754551127
54587867
1439606762
108916508
1371154803
1588894787
1350339027
612793520
2042177918
304431887
956353216
1179880841
636053303
49961888
2088871925
263111220
514091844
677316206
707421372
836622692
153841370
1124086890
1997488413
584440098
898290182
459571330
1993859645
377641249
1850895510
265346883
1631692369
1697505328
1477559206
1534944920
837353021
548759240
976080330
1787793328
2036369101
1770008773
1712754645
755201278
504249230
894849074
1337818180
1015262810
1412611402
943932221
1192369995
508005701
478430751
399982409
1155088761
612997961
931562811
1383127842
1443580682
656694399
585251894
1877076556
984175049
1317107754
1360205836
970816372
742710176
392661377
1617944502
105516040
65863614
57997962
1685631587
1660035810
2004103267
358247202
1964552024
1514054687
632067915
1598899737
1053032801
784945166
1961725620
1842562682
1773201394
2093678404
1435721998
2064764648
1165621216
198200781
198383935
1532499235
2061594037
1910015869
1674497424
1623802794
1389431731
506316644
1425239863
838587259
1034919272
721575007
2096089217
1211465718
1079827178
1481549003
665121692
163534559
775292336
162247509
1659581438
1774421634
85014797
924462829
2139798646
291417073
1455622218
854196185
586582989
656966505
589407326
1684962278
1070606872
664009939
1865573196
1626596281
1755164829
1598346854
1306665754
1436951363
2097686112
821624681
435593833
1122363219
1561254729
2097554710
795773110
319306309
259853299
1557130139
1038579756
1691220440
70891539
790721850
159195939
807639070
1012807043
723319184
1770651449
118405516
1073654250
949898994
341954571
473326129
1155020042
177825779
774366097
1028359172
206255526
1884022530
2061924883
1424154710
516207374
1294535216
1990882252
573460070
631280968
1331253520
557710874
747804947
54457821
2107334327
130980446
1719158188
505508669
1567209955
150370422
1091089891
1544163535
1369517368
350666452
2129540833
1810091418
1520282021
460323387
1841606515
1767226249
117419238
637505302
902938465
904135006
1042959906
1878828661
2029404639
1041158454
1932145332
1910288548
1773683997
328596916
2050477319
1114584938
1893968121
1770551245
1753966490
1206016475
1286649556
363962160
1944034851
1115483098
717431938
1374351184
1424426703
866177839
63509595
1165439759
1078193576
737664065
321438830
1668614408
542974992
626450544
405061334
1380524665
2111374954
864466961
55147812
1295861452
1555560920
543166983
1072992507
