1600906020
533052159
1662891557
1780313449
535228417
1084716651
1763236064
720661865
1338793511
537568377
694958092
986235423
1429489711
157160254
581918315
944606305
1849357864
404504612
1323514031
1666584612
1020602381
2032760431
1529680441
358719263
555832662
354487403
1583700988
393040639
712774570
308349236
825802624
552923456
277804721
789454113
1086332931
453505711
1484020488
750679758
1927039930
1634551929
1946136142
530095813
2087468853
1386223854
1767958107
1780229065
1623260384
261705176
1490221457
1880916414
1570773669
1367174770
1743800906
190008632
802572207
1258544903
734336880
687164830
736963658
1969504297
1122444332
445042683
1764500966
375932810
1759176887
1600527457
549552443
1653345402
1325514316
1556584442
401208454
410804733
1917950014
634240428
71711729
1247967368
659422245
1839183720
1768610320
249930072
809700148
1015284240
741613191
1396682095
1472106150
1269900802
2074653898
1724777005
1070602583
1885154886
307698941
919674247
349728879
1983195216
306090234
137225190
566332729
1450219122
1452930928
1084207518
1585162770
130637537
1248569128
243255817
95480956
190800225
1116920931
1035361856
1256742482
2073525648
715121248
1798505845
2146043926
1190687693
1252659962
705569008
1514217062
2122623683
305852013
1137853860
760632462
1941341077
320056633
2013554029
434865718
1454737064
440847903
1198723561
31656508
204821255
754270792
834720496
173023389
139713143
1746336133
883108529
989007244
1197151256
305180849
1812955498
681218981
1864560565
1188365363
1521013443
814587707
378729384
1550641312
232036040
825955533
152014701
354667389
109772930
85644440
672517313
1310047778
1323191345
654976326
646490486
807546041
100038439
2090784708
31327190
36422502
75127619
1712297521
571319218
87442305
934594569
293924850
1619233286
2044537598
1507054427
135124194
553603402
1479159790
51002326
774590887
1339885655
1157673502
1841190604
605191968
878744052
323183837
82813913
1199617786
1910715133
749441756
2134097956
2037202786
2027133231
589135406
1270682420
1847902164
452150418
356220526
1432956780
1636692242
297852291
1882300159
393904165
1218189873
1361944925
1062051694
1744863078
1936395470
204779460
2081642485
1185631554
1246327389
1464705678
624665625
2004558543
372333729
1520466509
9180530
1560918718
1610361656
972523901
1826082955
1169385884
1478359118
860661831
719197663
1799831460
872799858
1494850288
1128339716
1908485694
964921733
669529313
764930020
210160408
417834190
496853587
2059944997
575597280
991680555
1296229015
1736536234
803597723
449324643
1984306431
1761547571
621033125
1642503830
1054808684
1179351584
2047470149
755200725
1429818741
1294630483
2034936556
167159246
849900337
1472907570
876982283
1648730528
978220706
1970330316
1615999118
1286482381
767287486
749190163
2089663224
448870989
1558380315
1799172423
64599324
1846248895
1003391798
1133211764
990829941
355624123
1116683359
628129298
283199523
935798850
1331711557
737374666
1205662082
1417666903
2126095898
421135704
1124769897
1612959655
696705122
1811214219
617509372
1424673123
2040869214
2140122474
1359808815
359796271
1421779471
1951955825
1027210199
417208114
1949815785
1256153337
1916909422
107484750
1590564118
311906229
1055569763
646903402
139865955
129136984
1357743900
1116655338
308870091
1482890580
1430301065
616488000
609313950
1440493758
747446374
354758556
2044731470
1551983181
1494347021
1578133439
1921257174
787225730
856196341
133883117
1892336584
149112801
1703007179
260049409
1155229425
1681764189
793969963
182664346
2067183018
1577257169
866316283
129070707
1990823614
337494955
396139876
1333877201
2106331891
732946339
609813870
1105386261
1170080823
1337929129
1155119928
1078899057
1223798121
999390429
2039472848
1349968055
1717648576
1238848952
822504117
350015053
1017060060
1238107464
1836851942
405173053
208693351
668719768
19524518
1685282153
2099866727
1817024558
406509007
235622876
1316379940
1979333549
1539288784
994804283
2004323760
829316507
1774522949
1607755610
641640984
1208126269
466271025
499741419
229329958
1252793503
1741450971
647293521
1694487247
1067329712
1417182018
271932562
1760298560
141187465
1555391293
29312363
937013888
38503118
1356329524
680824702
2074084033
1069546541
914657653
956090279
1409615689
532144644
1187666228
1667494764
1145139192
1803255327
2050225954
1219697810
280044917
53492382
1408378024
1796522956
1503398649
1973854453
1770325696
103320719
388813495
1224869646
252014960
1028428801
903900903
385002633
1191487717
1431831823
1754745198
851782179
2139675176
403282846
379194412
496383284
93726079
1000728793
1123443681
2074597714
697807970
1542212265
473221052
893741588
645526808
1875290179
1848569730
2012581617
184464879
403121626
476004952
1980623686
308640276
1615339894
737945645
959579254
1787691540
1052109533
1463207878
268380203
1474339312
122603693
1822645095
1648440507
841457366
303889547
1875502619
1571308967
1790865026
1127716982
79737761
1832216125
934236721
705828661
756985075
2140441693
1176856381
1357892079
1865034611
1585200472
1486939994
206523609
562664629
1594842868
742191723
1844663561
679848163
1061410444
531749890
720456042
1656884689
379107412
741643891
352532680
1758412958
990963899
1401124243
1013047051
2109847555
1116942825
419046162
969182081
1772921147
1654583144
1225408114
1123015252
1176191375
617910751
814989987
1553552154
118138493
1615027448
602925885
1098194571
152432260
1373757795
1572008793
1227105614
1512182927
1479333108
1389668365
93063660
159041532
1321208552
984967297
1325895654
1973451591
1089957445
217370034
519381473
2040558423
442630239
1323881411
1167214847
609370469
925826422
1649934075
250480458
1843573125
366831997
1686541920
808003402
2051725267
678979318
256814573
1901769398
2052228667
447666680
1333549682
1650451015
724047076
825948498
933431561
1556215975
1527514938
1316392906
179737648
265394825
1856878486
700632958
1971474568
1967019474
658428813
1740028268
859958057
1156196852
1201017554
636828429
1136890784
832832348
597045960
524043292
507022214
1525758978
1058332840
349189748
986764734
423449373
1364057164
1979396631
269508426
315108857
438910358
990764875
1528273866
1268667360
1407215231
1195866334
2038378387
518764341
880528320
1986328715
931520872
1932574113
937188886
1400072053
264875480
107632996
119930422
218068176
1043887667
1446585805
168625485
117216415
468870442
1872795845
1885310002
1189087383
488620802
288783237
113490731
1049646371
1977455477
179043432
330239065
756008065
1409283877
547146714
1974405825
676379145
1310649021
10868336
551204855
210548622
1825676711
1057771026
122446441
652416733
717634147
2111231059
2054575685
1091737955
254253707
1078310881
1033990920
1123094507
1361051744
573855512
327896997
1442217092
853512207
2017253809
311048014
1139093632
1073668742
1553503127
1853352161
963545241
436317166
1758102234
713597682
2026637615
1539510212
1917221564
1841473137
280935597
1901386903
1604234729
1940060664
241358345
2129955168
896166340
574543796
837007721
46952057
1630794973
343789549
125611235
1206211644
845718143
1887390259
1635029853
1150554425
883248485
142520103
151466900
896569875
1693092748
1244931299
831827256
1126122743
526847267
845441031
722984499
1921745594
1388034207
1320217441
1089378826
1816211343
1594111467
258082872
1686811996
301821282
1000848061
1886890293
517015432
485611987
841026052
157907439
1859888236
1899196882
1655289981
1011238161
1134997576
50713811
1227090021
804440874
738414528
46481838
1306447433
281213969
1528976896
1740457751
1107652857
1529683187
675312378
1591722421
936130203
2089092347
261604299
1336893920
1642655963
1847999132
1171703611
694850300
1303001664
316038014
471521379
137838189
306058906
286644482
2028761449
593331253
998566039
1445704564
622696551
975643441
1045229174
1436122572
902756458
375057133
1881380819
1508873249
895895702
1831285023
153953952
1129189035
1409860455
927196359
1875389748
1943903091
1062637586
247757025
1934203773
1272187033
751837194
505118915
2113350994
1070262594
681353886
198539289
1773218787
434855708
595120319
120443003
1536791634
1465430671
814183136
1517878952
1620432218
401867649
313598710
990896482
1340700205
1907227846
1867967647
1989442533
91953244
1723864099
1232309599
950902277
800745200
636846333
1057044229
1247196131
1152689302
1313125283
1454757420
238720843
399420150
1174189877
335937245
1206115502
1358318884
1985382447
1526645074
863679927
336211759
888211862
654887125
418390923
316032216
1849615037
1932216007
829936290
1987332445
1087909812
1309363133
1018010173
1631756914
915836494
265048261
1901672835
773406801
1543549390
104911558
873630780
587934952
561202989
816185861
766644521
2130484273
508007435
1972611012
2015181821
2092986272
1905580592
66683909
926657788
292372149
883960253
353731948
1700399151
1967724209
702475251
1432509762
126928449
1747731301
1483411615
1135874454
194050298
112104229
2064410657
137383806
2048826709
1777838044
218715160
850026363
1746908479
1606551354
774477997
222739962
1965097711
1277803528
1077459064
1934129655
2099568604
777681563
1325524242
1554684860
1377716576
1363040871
1946562104
1741288904
2000805095
554522283
843987352
1997005258
1861754323
1999562826
1598254396
1997835212
660078320
1784818362
1074861712
1402441069
2118535567
1588993557
1716303889
626506567
2101746753
1856157773
724387732
1659840111
1867537201
1705809789
2030815024
430339098
1816890399
1753761626
1944339146
2002963804
463157237
600779720
1102371899
583256332
827689991
942097033
998846496
1875038660
1369412844
845155856
576388413
2071702021
1461456115
983178100
206936206
1901973623
1373526084
1681110400
1176000492
1627432525
194177173
2014082791
1223474521
1380997575
1697112709
1423609236
86494440
65517265
1708424857
686268704
2075825996
223027145
1485520848
2058907229
166503163
1987776606
457882084
167856655
922451454
874032276
1694646560
821746874
126181976
2034040291
1450933721
852330903
584677136
1447796863
1452244362
2071925408
1764153309
1754514099
1769831312
531966922
934030702
899577959
673397630
400084819
740048979
347571392
1908043550
1708213553
1997049995
1773001702
1060913669
1137373098
350854058
1998274273
843302098
208473857
1055726503
1087796124
2077856259
2057489998
581773376
111786764
1839113843
1406077799
251118858
1008682858
1861355380
1208445946
175965721
1582273692
1603039365
1072329149
1211274567
2017043634
994501296
804085692
522060325
2137735819
586452867
280617681
346285692
767528088
1778792872
276860722
1477478782
870066616
1337247011
1763992868
1013926798
788113987
1448235304
1274326734
764462249
1904850723
1874646423
1080928552
989077359
1771426076
1080221205
1968015890
902224594
593199659
310025416
1498584449
1727446106
1993802508
445984430
743445460
1510235410
1639675606
1094421403
1561533253
1971411730
753401538
945830861
1240284795
428595626
1859848201
1724419373
1607094843
130652712
1880708587
817996325
2006424639
570398535
957639115
1612796952
2123750687
1359457588
854854519
56132482
1226098540
204765246
937481094
1675366318
1999476188
835466265
673823195
1627607054
1903923871
1187382734
771541574
961448250
195854800
1795275331
562774345
1584756616
825229575
644391778
896758519
1480960324
1013714443
1130814953
1934556664
1356464780
600704677
915859918
2020207786
2108712139
1559401359
653139789
1930397282
574100432
571740299
1003956879
463712976
155390602
1209410449
1745901560
1309405568
216944994
2097042720
1668684558
634980221
330836021
2056559542
1606343169
2052236560
1664759277
1818487899
1530111963
421029286
485711803
578945623
826423109
1923066831
1365264882
612806659
2113859571
25951075
1961641091
1024338621
1945284781
1020761023
1722434833
589751285
1769891835
1864117293
434448560
725786980
1968655725
1864881250
588257087
1707845213
717301124
629676832
840139359
964288571
718838336
2146811132
1291901455
1611737082
1058427463
1219312954
108966118
1819331298
1121194159
686090964
1818274284
837659742
1755826024
1758917530
2021272084
32731883
293414473
90064755
1970300762
1258181164
1293209781
353316289
1388318581
1917199386
1452868586
1495305954
1878286394
1494000472
2129270758
2139689939
315698061
1653323940
230810870
327376368
1015996676
354282858
1903409116
1247721687
1457477401
1602893171
595533468
808831082
65252876
998072762
1762031587
1090180338
2573907
1666100831
102682389
107050849
1488544959
944897461
1081945841
346523568
1363066413
391213686
433992931
1799049063
669893861
1399929622
1464291047
685449787
1534865810
2010873908
479047189
1160421073
917627358
1799325741
705009613
368834977
1849476778
1955480011
2105368447
1221579766
690174951
395282459
2052190999
1198801169
1852687380
1695453532
455050244
424917869
1492566356
1519459091
15693540
2081352734
73295403
670303548
946693070
1770538579
629848021
1459695259
1883214139
1974900986
1769937987
87917616
1354494865
58972290
1549045170
1475040712
192502606
1338999484
1330851306
1957437872
961354701
1216356059
1648333585
1332619653
1237324984
1099266970
1551484969
864371239
1015719947
1256549756
1680972589
1326674124
1658177216
59174703
341013187
610076464
192405021
411805194
109741469
1567428842
1036455830
650505397
694742386
1185547226
109493599
593077736
1360244629
1908917695
143463827
1677211980
978875695
721631461
2006836730
1921793149
1853115678
1206166011
1111663226
1236232753
1286500712
604592387
1673275421
1728948594
1138731613
717903714
942237371
822216455
11438409
320623895
457620292
1634116337
1733448915
1189037832
1616667820
115258385
1957830902
320745592
615456115
2146558951
273886361
144529814
464290768
1111647349
509689548
1789140271
96311929
2015052354
1221418401
105947010
985943058
1303024762
61528229
437706804
1282243376
1033063730
1631076602
1886501210
693094664
1010600906
889293074
157515188
149413048
1048605547
2095195658
88934394
1552258354
1497016240
906079393
1274883405
785002433
1943449954
1892877267
164078800
286133561
2055253339
558229270
689018448
210067391
1629407115
693899824
1379082782
115714866
2095064089
1204752563
284185598
876782133
1595275425
1477004054
1933644600
1081575899
1934997404
1409583986
1741078987
1381690861
816795613
1296683990
1145527489
1422725082
1479582264
334626887
284233630
34478652
1780444989
381963863
1898335474
592429827
2036670242
2114421856
1833016846
969320000
498853311
1156321886
1933671379
708461456
1734534322
1195452006
163553958
1691822115
311889314
403459783
1713140607
1735749480
1609082529
2033902524
192812065
826172503
2095149739
1184764618
1296834660
104770906
74293323
1649804732
2018238126
2090798297
1211744349
341720889
109971840
714367073
635053806
2041898751
1394499628
607660144
3422271
188243902
1274433701
1845854943
224936937
1685201043
506932335
1212883436
1132638234
1421569055
1464171189
404842979
1822775037
823664452
874912121
1409056617
1917196344
1953329532
1754726373
1197781093
78495887
436084949
199791553
1331446155
1882360230
2029200269
666477566
505432710
517706723
785357125
1669806703
702737090
1599003762
597710309
279090839
427278547
524374370
690159629
2008204189
1213214341
674809324
61234483
1485593436
2134086529
1265215700
1738868062
1577134231
829966488
2029420265
330651774
2054322762
1237632431
1442136998
385691493
1250695707
976026695
461304315
243622502
1589311471
678858920
1506776869
1865473929
13745306
151993258
557937082
1750903400
1526633902
208355104
768851649
535412649
1792584820
934704865
1628829437
692549144
335600121
1369518196
1541037643
228890463
1354254911
926585687
689891105
1163332197
487121045
1574765548
206146614
1567459649
1841712897
1926073089
1313169984
98335962
82571993
234220539
1633666009
2087630877
667592817
1941025694
1863915899
540306649
1513809902
2090936699
194174890
1412846650
2008718649
108637686
1341959473
878224608
220417295
343518962
1383865220
876155035
580663606
304020764
715625284
520922053
1991595466
2040589265
1676287714
615907388
877855158
1981564333
589727067
1360662011
845124670
636862385
1959923489
1455479637
1161228728
1566061840
1352890138
917636813
1603369307
360617366
502835649
953658516
1853275695
5116085
1750996075
665350560
1318427940
390309678
1615619748
1594418789
1885758015
1367403865
492685240
1524505394
215273199
1098278928
1661575757
1766776875
1895494526
65441342
797329453
1825491679
970124707
644028671
1205981218
1650834309
1607777844
1133964404
1893183482
853031896
123111416
977896231
1602139306
889237900
2019076506
1437427221
935533199
1383005803
1145849018
1624890204
450537423
1289996305
158983198
619222402
1235012318
1695957312
1394021126
1404226911
1275518749
1158082273
502585245
87412905
1079302557
1469022872
1897800331
31305498
588824577
596083970
1457284519
821383232
1254058880
743909774
1049207754
719707105
1377253898
399328757
1165650879
795082504
1725263746
1461913431
37703766
1321744304
1692477738
1994890996
1352961944
1949823244
1500964125
146260099
927972116
379050609
539344885
1304980530
885412696
488407777
794274444
2013929019
103114876
408216373
614988256
1352736288
1963028952
979050726
2128597776
2134984579
1692839637
1259500408
572921219
843531940
518357729
211662467
1927841064
1087300215
932929148
656986719
392042199
103124577
291497840
307742059
1516134614
2054299023
1774662173
1221638138
1925730680
987632115
178585074
604185819
284323297
832217308
541722360
2049228932
1640037092
2070095665
401841800
922577114
287478285
2118149962
1266081053
1277560736
972670138
1475054188
489938756
728953209
1610780516
1726316510
242393008
1560341403
724336380
2143744940
160571498
1248109074
1196329584
35043064
571192613
342816942
1294451276
280499191
1901551791
1299529867
2054166653
1734354831
240867204
2108881979
678339122
270072459
744479101
1925938322
1329518043
1665840249
1335997606
2035040269
96757587
95347233
1135665964
1005952735
593855514
1603758498
938333813
1193143706
589124027
1739744810
1741627722
123461751
1534373965
42845521
541217583
1684511042
1653433108
321986579
1553331924
946760164
550232391
768731496
1091028388
1737225614
569258220
1804446850
1047609978
459012736
530730464
1054323875
1388186995
1715646067
672448243
1870862488
1073373918
499005353
110631727
1084736469
1694324560
158493839
1989173561
431011630
2115601109
1447601163
1834558161
541809456
720891201
1016070248
1426826868
1045650970
1273769380
707215068
268058913
1792292731
1372442331
1694479794
361253432
1198590825
1590831939
660196120
2027563901
630540123
1310921097
1083559559
1590636348
878441124
237085853
1744355018
1122946695
1858161805
1804208325
1894983342
1015898523
420606477
1763938254
49338949
310916193
1178887463
1232221789
1411055318
1253515536
94203872
957965411
862087012
984740591
609058012
1449984687
423555033
199881528
1027383188
472717213
2020679888
1098654232
1553770038
1136213228
56493564
1487322580
2025074458
1095524525
2079441207
362076677
994794460
1478910808
32769067
1465706756
382884890
1813005561
251804311
1270561120
1231268299
2055254919
848678719
325028236
432501050
1257368661
3773811
582284182
1027292831
1087832738
2096628025
318608146
530099032
1361952075
2008840217
1485793045
1143432393
1259036064
1300014214
991302237
663914189
819315027
1646482916
202718094
280945623
742355340
2030376762
1621192599
1849652394
1085559066
1136608886
2038532147
1786694065
667794373
258283095
516470924
1963456507
213911743
308970747
1503232506
1632050135
195068473
1349775621
1648620264
1782655752
117572625
1823577962
108376535
1086615718
2060948392
442033113
416839292
437169297
1240425170
834805189
1231270661
1836806290
147705831
2119146512
368070522
1478292751
475469046
506218837
1500084542
1993031531
363821081
868344530
56862900
1842942968
1780805348
639892464
437460734
1591463322
1928480503
1613983857
531447264
141219065
744162739
1317965621
374619075
1661800802
1864388873
488433577
417519062
1700154683
1170363246
1120551885
57000527
1830561825
92712171
1265826015
99271887
340381856
687055696
1438406825
1269393124
1188257678
259580808
523677028
1434941096
272453380
796509704
22202952
968592774
800728826
2046437474
1544280753
82968860
833100158
1626213878
1346812399
1476182076
232384657
733829575
2121448874
232570381
254939038
68162411
1787591920
2029759823
541903512
1955383581
65125853
1037495740
1239757998
855228653
1031689190
558411145
1542150318
273337110
781998274
254435596
2105847028
1320200048
1835977205
861655671
1879971084
2094796796
12858618
627846082
491660012
360028829
1726987276
1247181991
1526198727
460112870
1019305361
1041850055
1762301071
1246991630
45811748
545880554
1931391498
1386313472
2143200573
934857316
1576241296
1267655823
1070195839
852011922
1546007390
677694919
93794718
1209714820
311536538
682991199
466083563
162870453
67346148
253950282
1412574846
342888181
1280955797
1077042028
179209215
776417384
2120057495
1801713514
1860806929
470845863
1366128353
660749466
2062986843
1325395972
1641927309
601201434
1228510003
1223376106
8613271
525285116
879525353
2135802211
751489588
1593203871
2056515246
2126000052
345916109
458205209
877852448
1120550179
735831447
1722937808
869736563
740646361
701812688
1709978152
1914980925
1109138657
1742686871
56667734
696478685
794276432
470961000
999088211
886817417
392534399
1013299764
2092608493
208442868
1362692468
810729241
1099862775
1364614552
340283743
1799942595
1349499553
1162129573
824982336
612426846
327267298
1324812934
1000847014
1182934071
322246929
1979518476
887106961
1102735854
930296468
140218681
1702036857
1667584858
1513747631
1184521131
1847258728
1616879865
625002622
1787765156
585089602
938905874
2014556670
968418738
1786107429
1962119785
739870021
1976011519
2107490283
78522526
1230175442
798884407
119779788
946961443
1684775679
391781137
346926625
44085208
1108517011
1565762685
754578755
1314698821
60858996
1563764072
1705193362
2006974579
1727080569
1340807215
1192621457
1852833895
1378398046
1607152286
1094416431
260708668
1493583825
446948515
1486301985
259077852
863390889
268228499
2119267178
731572059
495258166
156489752
1275558908
1548644336
581650611
1529754807
1985507960
1043724176
1323027416
520960762
1898614290
1548321065
1037564300
1347755326
849765008
1128075128
1849883064
1268787995
470622577
714534023
1959641399
493676139
1911982890
1923657415
432773609
422846201
2051895948
1635071429
799398375
1566367432
1370346561
1823963276
2082380752
500601085
2041947253
2019663768
1144875586
1123970410
1854510225
1420395634
1614671973
997970615
90256162
1152340205
1493688737
915396911
1015146456
412915707
1824025199
730794020
1824943531
258335276
1589156941
2004924416
633900312
46024645
652306123
2043562730
2048718985
1257001593
426037187
1160054289
887966931
564723911
2143108262
1825568152
330979289
1587897583
1155448560
1971053854
642836302
459340178
1366521277
1764628201
1042121111
1044538853
925578870
970392494
959417038
403049361
1563938468
519376127
1921152995
372332587
2131906789
500149329
2024526301
519009355
112918267
1200769193
2146888510
1043040843
1542226690
227966179
2036550021
42368670
995379642
1696610463
319349965
1586074570
250408962
1699399112
808812435
1289032707
674551142
1384930498
172521621
1151449702
1833567695
866554160
319199445
140326350
471190617
112492895
1811251133
1175830359
1170563394
1995199058
610692956
1047420525
770852093
859316842
592599758
1251284111
456391270
732118194
1596274874
365808294
58585617
1650128581
573881333
523794940
1757911227
156189532
788444229
572959451
1462344418
1710596984
495810880
373031619
469405553
1106362408
1067770194
777468998
648436627
1276221176
1505781468
696025732
723435944
96453366
1804811642
424659519
1073261909
611126370
1573206365
1572692634
783347382
1830488305
2016643799
1054381939
877409967
751056574
1781166070
6020953
649152096
1064999886
352132679
1530113836
215573430
2019333182
993216188
146058576
476202270
1452284171
1062712744
1647287949
2001585749
1508862334
1802088678
1780549255
468637787
429302066
1026217498
1608521172
2085109382
1034970307
1042111247
2064654271
278448819
1029205781
1411560000
718369177
865725079
1003317566
795391346
1096943030
1630566451
437786385
1003722878
1965829131
1327292262
2053407304
1635059245
1942544994
1102498460
19557965
84207931
601699895
1041344677
2022506149
1557562238
1402317363
170556832
145627642
1351390496
1081620802
404001046
313570243
469333512
703934803
27372323
1148044946
876880728
1546174379
1876669134
2064804089
2142855951
792897767
1878040442
1469712154
348143565
1336362636
588173174
2147379914
358301367
1924432972
1866397103
866638946
110350705
1841772248
900329605
1271023138
71542344
2085144156
1644952506
893445185
2047318130
2077410972
1148964743
1361619861
199369324
1517663913
558063305
550645979
139416707
344572479
460392024
1373010596
812282223
415497918
1763909497
1155975133
828732185
3685827
24971113
1518728441
253024638
1008152419
1121177113
1092274621
903234987
100281860
1427234298
868030887
1354662632
1426697687
599002862
487866620
2011414513
1205922293
557299293
473704557
1407375967
6359317
980969065
2072942949
1938472486
1565496296
1685401145
755059954
1829174071
1228912401
1700810098
1243987789
1695732550
344156868
1473866948
90075655
114303398
1348024826
333548960
1462626002
569483088
232588110
496567048
1346256106
2032018690
1594731896
1632298366
864353054
2011868548
1092577635
1540264990
1515532415
547551750
619822060
83817672
921351587
443865765
1853499705
1762674037
1268512918
378551564
1239940020
1208512683
1644977503
1049510711
47399075
1437267723
621796650
1645462611
1049670758
115908616
839986711
21477825
275118156
1165247410
1716936094
461126202
1215630353
1637949360
1175742364
359712012
711697656
994330956
897643519
989773699
787651713
454684329
2006582539
2028807779
874729672
675821839
231604294
859215249
697069690
1277477479
1001069574
442296273
153963636
1182707650
1491327893
26726569
1072064762
1971233555
1256645630
1675620965
1322231952
2127484413
1755517815
221123124
793774712
659607495
729113962
266218608
995661513
1481328749
239914274
2116045563
560181801
1674701520
1214828815
14491588
846443303
793888781
106582197
781354345
182399799
365456874
1186627383
227289079
988230987
945336940
520273020
1872672716
1769659402
1791977095
1085314811
1313876126
198052271
458965485
1644945449
457023124
1260643201
475953672
2098814332
2042088338
1023660778
1106613762
555958298
1310236306
278871607
834023937
409546019
1096894253
135779051
1130464113
245121176
710782778
960093120
133271673
1785205990
1761258637
2092678203
782576783
185628947
785272033
885738475
1956506663
1002184580
2099625424
356739902
1281646982
50278248
2070049534
1022348287
576328886
456999621
539511894
896173935
1323681938
506002205
1324916332
234798079
1444790017
1402992316
1450319618
1328876712
1207750207
486838433
531355558
65174504
518666583
648246535
354508920
794803290
564747693
256488590
1770571018
513192176
147154871
194027531
281974112
1282766543
1063149772
288315113
763020566
1169289926
1191184405
997626426
1795758753
1631485036
1526728864
1939461726
476713134
1241506006
1760050835
1446106446
1628253094
484349682
566943101
504785798
279176531
533766020
254372296
1609253261
106721436
1217866426
175413067
404798498
1103476588
474135917
1060781820
1062962437
1644303537
1824665591
1459076546
2043647582
226782337
594313387
1566191209
1103123150
1969972310
1010504693
832245935
178639889
1103666554
753507343
79630203
2047883853
1205728126
1594524253
1441118253
266626553
179888356
1341279335
1756632336
362423917
162810844
449451632
995179756
979011330
23797035
666951095
545982905
2027783397
1051337512
1356133450
1084901486
1179719549
1444274913
1420466305
996201462
604509558
513874266
1476020766
1680944452
919478378
851103477
636557055
936788606
2133221676
6749933
1493612925
631977812
537755312
962786556
334561893
2130583668
1119082906
707175197
186230929
1152762902
866891361
1797673324
569587746
1222742450
970432544
1330391593
1985706843
650912466
866119161
1398227931
42293021
1545320193
406517030
1405479825
1095349499
1301363939
398594462
72028484
1893643513
1764596318
235294560
548067416
2121138406
1728972278
205135454
1230532161
494320467
1431003959
691149577
1852795202
1978999855
649442379
2111149429
1808077137
1267838208
528732843
1811423529
1693586711
3856064
1059111154
736106374
108743955
1361630034
641927117
1288869586
1372081886
872383647
26193935
767305695
645968521
305337170
1917946849
353752156
2035616802
1822226220
1499898135
85530552
1548139350
1274211076
1334879901
1204925614
793891632
36628063
250783504
876812658
1812888576
344905384
1658124905
1665637494
1871925591
2000974348
1978263764
1655339993
2042125870
1457069556
392194207
1809983853
535984422
1565492000
1765247310
1616842083
1584980713
1238108509
765214155
1077643669
2019764400
1118246114
918837178
1406969712
1292594399
1860140877
1741989355
979335804
1180784587
579954229
1661814761
203809162
52171419
33360235
1222011055
454422649
1560137292
158012114
1970844282
1405742244
79788238
2037858776
326102458
681797099
49504844
1822430352
1266375970
940742237
1090499721
1007265902
955680990
1259065983
340639334
399223966
1102990052
37188668
74265984
243654657
672206436
1149586024
1430958070
99890373
1469469785
521352946
1228060744
1785942943
1948823361
1835484582
540999002
125294760
1245612009
1685595549
1103052952
1921401809
419503458
394497858
677889076
853489412
40260112
165724417
1839799179
292764633
756611040
1836440717
2142330790
1349184242
264531353
1155108558
508881373
2068049652
680755020
1192692838
1704777365
902888738
1400871910
1210125535
186364457
1223851415
2106364388
81858163
562876902
1631534368
1667114277
1729809526
1925774129
967844532
433582043
279999076
1256397508
274170513
483205275
1439872387
1248456213
1289505012
156026773
586194741
1702338775
293262964
1341162717
1752003036
528908441
1666254843
1390316007
1608495721
554829965
593003618
1611464722
1401094276
503162724
1716128168
1373898331
1228343122
1454293332
1616253903
800888882
1098936549
400396347
365614932
940429161
1562732102
242787293
1896163657
746525513
399361559
2142299210
403279632
330098367
203938792
1837111387
310136758
1314334644
18154009
2077889114
788725993
688566650
1944991847
1649984705
1661446552
1699050594
1084709140
330670363
419247141
615724138
102250167
1139196679
1632012873
395460883
1973259421
1968998748
341660805
666015825
1849183195
1438932838
392886081
16189084
1257271026
1962907725
1188431747
1843852836
724114973
1237933718
233836877
1943584545
476483129
754244035
1670588819
1369926472
1684186193
1583139862
1455187415
1927544409
1456736198
263195252
1537733475
924939733
211545367
626675812
1262823459
310104526
1288274771
1258230326
665093916
1961728214
1604750872
1333006144
1978094221
244082969
1601132102
235112004
1356326304
511461511
974175046
203034093
273395661
41059881
904515312
427963256
1281575884
672931477
767231518
638591344
105565236
1439217021
1279502283
2084679825
2044983221
863655521
254723302
16475342
107335406
436948581
1702601401
2068904047
723015148
1855885629
69345777
2085631826
1451834177
1109670724
1660046409
1747913809
25532092
1317200556
1547096791
69845700
1701747146
1309641168
773121779
216833565
717400936
294200486
832600000
1085540786
1720846788
971621200
1069710936
1619051160
330148720
1563333585
2013242008
1626439082
810596929
953748701
1669866117
1672063913
242262474
1971237833
1012827737
1841634685
291851120
23203745
460409646
1490184858
517653034
2078702424
1776045638
1716132734
1687623640
836348186
63529717
2140584534
741541436
1445513406
1798577451
513936321
1326540185
415523671
1154185890
379441580
927544038
1431641577
2045555872
1988270684
1333231535
1981068601
48047209
614808970
1730823561
1874961598
1486734405
2095827368
292206384
391711411
1418819369
1807008578
1182615871
1613331278
374857989
2056239232
1524059274
34247946
273758633
1871989448
1731040283
1060128801
1306272853
613740672
1576878280
877519638
1109734875
582799601
1369926766
866915950
468743027
1702640711
1154092748
1570128254
1287631899
454910388
680269310
557218400
1153265321
974325173
1740131475
1304224511
528621167
573381229
1096959822
1269169490
818088073
343620653
1409954934
977064102
98290629
165884949
510133978
959500819
244368688
259113683
181671525
1583653392
1660875577
1783502218
894103641
874107171
2131665284
2015127247
1005302059
1684995505
797493070
1235381709
1110172155
669564147
1053008504
1422417288
762409903
1922228489
1163508018
851138110
234033579
894357033
1059523653
321014506
38315567
675066096
1887101948
1680112866
177834572
989366233
396968368
1888538528
661879684
1287721419
1519230959
199710365
2007830781
950916044
515984201
2071633753
1508379234
1778026452
954351030
1920227704
1693676119
1564567228
1475085991
1012997894
1947414166
174251861
737339815
153173723
1622292395
1055943829
875167150
702057242
64901704
1398365421
2040510211
114642387
1790952518
821263542
1730733514
42378696
263003961
963032521
975754033
396143949
1696783022
1612830253
1273349939
74509640
1785206787
359649259
847503624
570146392
782600675
1537729534
3460138
956520979
71899486
1860717159
1833532419
1190887015
1533051553
1844578652
2134620216
827893025
1203684182
1614138784
773317516
134738316
451138715
755807726
395052914
376247858
1197197975
261432207
434622004
1742312638
1262621631
1893384715
573158841
1560599041
1265054116
1341265916
1634755830
1774376979
2078467445
1755517694
1550560756
1026482322
725772825
440606914
1633117817
81436934
983692769
1486260034
927129942
1097679717
1350196718
823774735
109736525
1989989554
1902073119
453978822
1393886876
1504457663
1190682804
1698235041
1404992554
1522133524
1506163844
1483322153
939000141
1515221224
1466435799
455209993
666003254
200180812
548355041
58344446
649785594
801523303
1451684060
1588130539
1517406525
333190364
975359680
129858313
533325949
1394217544
364077218
46332732
1920259576
1442547175
580999591
965133440
1905872187
876827478
917429923
14486658
286945865
736291955
1509265234
2139944779
1223024228
1525366624
237611313
70142487
1218015099
1463239335
1198931450
1482045764
1505125423
1855447415
1045174203
1251337062
1411772035
2143496717
1866237074
1294216055
1219233568
725925934
1142088711
1169540140
631761731
1783346640
1802727430
388062818
13520708
2140277721
1475566455
739970231
1795157956
786185471
2089156732
850464310
446679921
768824526
1004304454
1936020010
259452792
1935815880
915445396
1474438931
1709727881
1231473062
1581900490
2038277815
1419135616
294785725
1511704746
1311150415
138559669
1306393980
465427121
1947101666
1749350625
355350289
1103011856
1418708400
1997965995
1436628524
1570179141
311222468
1554439630
703127260
2114076246
1592895917
1549177065
567689877
1591162282
407213638
417022692
1580867154
1011411588
862761904
836684025
896784599
2098196508
284984161
1079475046
312664848
1835042396
50354006
269509294
965377173
759828788
600964964
691711878
49675855
1271950234
1793505708
1355712355
954985780
1918709794
1832745005
1217908638
291518254
1638838581
1671081332
1085030720
2105154585
197917425
839840366
2119348080
1493722347
23124125
2106128222
616041078
2038868719
31094727
713576937
1624066411
272666922
1280107260
1787681359
1542587519
734786014
892546596
364865972
323103207
1751196204
1579142775
914353052
1478088545
1420332500
772814880
983159926
1346962021
1669795097
49183596
942223183
304167146
526808768
276642735
1960023207
614622417
109973558
34994612
791641185
2066750450
309763537
1491553246
1772190931
1560782530
1606415663
2137013727
848111870
1002932126
766120891
1439674900
10510295
1683745974
282188622
1066548860
106626756
1462769304
361871089
957783892
1122109730
1044077912
1692961217
1026062672
650934019
33627738
122513899
351454583
1258880245
1820687548
2038221271
1839653019
1365196541
657292898
271831394
642439284
2122580131
1696575391
588826947
1602302041
341771303
933435260
685480591
1875244954
1494903505
1204610729
2097644631
1950395260
1878952038
1965681406
1529825647
1585970898
689585078
1117221292
2100246602
1781285172
1533476435
1909449220
122982145
2066661343
865664348
99220196
1936711026
743971369
188657015
2043559098
726673285
121971615
1431858141
1343531574
234793354
2007076285
642244238
242592144
1164918974
1493250888
1442833830
1922789491
1381472749
1320976204
668536776
2102264965
27224113
1287784878
1216062390
1112177299
1954416088
1998005101
118452483
2000076382
1576927588
1029876857
2087893471
632147196
342177963
1274621232
1421649938
1475668973
1393050655
571919729
837082884
1814628027
729420840
484664159
1630592248
255589708
1341440685
841380788
1897987417
1116490952
1516681906
131374527
505548333
1356733729
64976923
1149078779
509971110
2023972163
1363755407
1337535054
1477553367
1517369306
2022792824
178546395
429631620
1574685370
985033510
317299332
229736722
961915632
1942785299
1146490879
2008943773
1103060835
1677814081
2101213331
451466792
212573221
1747312320
445227376
614248687
530557020
1398908748
484074665
540733145
1130625223
1989484562
1986228175
13519882
728738031
380607635
1618614827
107987348
1329208557
503629218
1646470295
1489015117
1483257298
1402054279
2040388857
964689083
839066294
910830150
1338228573
1593325868
146241632
68283130
1688391342
887444195
727701903
940528986
44203793
615633260
1611536867
1354121821
879143903
1049628433
561931627
458705146
1327608637
1630819685
832083660
592652809
1857974617
887288061
674792970
1113970757
1826387266
826707519
879770102
1542635122
1252288868
523653458
1182500404
1995703707
899697055
1431845685
273367016
55098741
2023923972
1065586156
1250349821
1941563616
1560389932
1443889620
1858445841
1816957067
1235141940
922336792
573455104
1282874806
1912631896
1544496700
205523468
1890737939
130836523
1717350102
1156371878
1120057798
1439777392
1893469021
1173482716
1377577100
690663065
237971226
1245024862
906742519
1082177241
1275362107
1500237358
1274799831
714237160
1372156934
1192128484
1632853429
1841665619
1084798763
1952885659
138393721
1576631421
597507378
44260220
21564203
569827894
1421889555
1381863396
1929450198
1177612533
1208459492
2048768053
1234374536
1622855605
76138157
2014203446
1469054071
1040323946
120756311
145591848
1076553790
1822664991
834008003
597583206
1129533252
540035502
1436984312
1498505655
701987390
2022676251
1056979060
1119947572
1628897994
1904482189
776847267
210350800
720224316
1497387497
1577350766
786128777
1501658742
765769740
264806122
885335082
463536368
2134882981
507760689
298043322
1133048792
1260716206
169292110
2029144709
1330351443
247880837
1500066130
744059332
1373749473
1388886187
146108035
1296311275
842598110
217634327
704552628
1120993168
813619748
27743800
141388464
1188443891
698035662
1332816518
786714320
825449006
1868381464
1567695812
792703660
394091002
225589090
615054036
1996130798
489401627
1710451283
1706806582
1206054978
1001529961
1683074074
158967583
227496553
1625393533
750643152
618353970
1903941229
1428290548
1024118266
830953437
1094767855
624701795
545377066
1315730003
1733186972
286517207
442861252
772534049
1680187582
814484231
1560169438
1498764399
457775087
1382933529
1630592577
404152790
1831577576
825703437
988175757
379703768
2037138807
600308426
420739192
1358362880
264177551
1118203075
521884214
775945367
153915513
916060486
346594293
757267200
266967081
357479265
1329693824
641867697
1158908331
1764806513
1032339459
865483982
1312572860
22390600
166201838
686498916
1744714869
1975031546
1293198066
87431998
1072902178
1575787588
1318874408
560619368
444273457
155730586
719644753
2104843326
1155896134
1042286028
342061112
2127283759
1508377452
310113620
2111848244
789215252
233994085
779616830
590337737
2017561639
638714402
466289076
892276846
86887073
196815182
1030164005
1594898538
227289076
2033631236
2120651026
1783346392
192195746
647789218
2065948533
300735177
837140664
1231662517
655225550
2107356040
738096363
1308084755
875260107
583963640
393610061
1367164936
115708819
857376794
357065132
1039979432
1950876847
801617067
1827889032
582069316
519937173
1556017386
1855809966
809847031
1587202259
699923064
246852981
126448736
1574255316
1281606999
196539796
78852458
432275794
1598327317
807811743
189127494
1120374361
1461539842
1841529116
1294144122
1978127348
1451028892
1509769030
145434899
1810841974
671369484
296232029
128114678
216796006
1791374025
1167375272
1976461141
1471006728
2023693403
1358038281
939439165
1810631300
1589957946
485670203
969760075
1000556214
20121557
1955377066
2056540287
1468000145
1881079982
2063928302
879875112
1602495024
325420450
99768550
394159359
1930669947
2098175814
789331821
1054942032
1792620146
1438078573
1831536316
239640915
2116800793
1910736839
1104952412
1335428249
156743168
2122452900
2140119493
125668514
2031333486
2124001238
188160408
320516235
840806698
960573875
1290137206
310322660
1427333605
50292281
1227320699
902120096
985679175
286246477
906653275
322653222
1525255572
834770204
585040663
1249928580
800617467
1331922594
704457051
1147989699
753302139
554437705
1279194999
754468693
811311730
909019561
1271291640
943392171
950354372
1500500846
516832995
1967904227
1160560804
1487960663
1028136845
1244025247
251668994
1911129179
1887670810
237912817
1408440465
375412198
1488047504
39249010
1870473844
1778429249
946324375
1033687154
1973667204
1601679887
1139443407
2071621961
1594857024
957954803
750091470
1936319692
113955666
1925745487
2129098164
1904501979
1621880762
1949297448
1975214957
2013161240
1405158809
816225061
1468205699
952157618
1489691548
2035992246
1415947933
550658911
1050363651
1858942546
185212057
2043337832
1268280397
1116120024
854848577
2134767326
761315458
1833612055
1330901932
806921194
2891037
1460318313
33609268
291734594
1941215379
614094714
47855887
233570744
566728068
1305150502
60782476
1410609132
1136679549
557174657
1558565100
295355938
985144424
1875065584
972345819
800039982
2127299985
17247092
612735881
1161720972
1528324949
1290934023
374424170
421535116
2123416681
1799644703
916725382
1392300970
1750036932
2076126031
1097828221
1664335612
619924522
56455949
2033260059
1295664580
1892268119
1158909326
1696474516
599010853
678618052
1673909453
1123282524
1126623475
1913211928
763269291
1127756965
985495459
809112366
495106865
1027351670
2000125793
1170885055
501188337
494048613
2046114625
1667103404
226929034
1447333873
1312497549
1704485099
1680706633
2099416702
476258365
326717963
285451500
12489709
1390324868
1657964389
1595299971
1237504471
919310727
594546657
1039985264
916076647
1921979945
1404687458
1699551629
1352395217
59621889
935901391
1166093676
46148467
1707827565
214467519
1535268281
1737821830
1814427840
514348736
152460732
923970177
118978710
1210982725
1914557947
819094282
1972708681
840833065
889189885
1772770201
820036476
1542314980
770938920
879073964
1007598548
1074501449
1562956236
1575214753
331712455
1371275513
760006969
150341171
1970133388
1066846568
714705930
460570259
1406144818
441950089
213763973
467994914
18002125
1286772249
461661466
659860169
475439563
817714053
1700932873
1427371766
1592343908
116070009
806334753
403050547
1062283824
1345337607
406315427
1376802916
2121941202
155352176
438816325
405760669
1578486226
1656096657
2020750674
1208719518
839353993
1032561132
650224366
1482524140
109909813
71521618
1757282936
1134762637
819228716
1313816619
454468616
1915660127
554643502
1635058274
630183960
2031990293
1994115539
1860751087
679699262
1424137935
3838499
1465109506
1085615127
660839765
2001987140
438832073
1708238144
2095300593
1563802190
205457374
1082234238
865446374
42074939
1147414864
1826029565
1971176336
132943354
1086031692
1729171126
449384985
1853748642
1317906025
1332805865
1972867285
335186627
1367581325
1547190218
588023355
94838233
1282133374
252173112
1306848897
1343405786
1389718537
1323028648
1417393619
1957405679
1758649289
501259808
1487215663
1591118143
1335626644
545768288
918961376
1831009254
1598017672
833090331
681792404
1428955652
229720493
1346360930
388954396
1893511666
585557063
1388209186
1456353729
1397090960
1125388987
530706116
917030717
1025801914
1608624155
468658674
56297565
581666265
1720818256
1469287034
794142769
341615509
197774563
173703755
1762268908
2092284072
956106344
533936795
609046111
795840206
934122119
226266667
1052814349
974000601
1253292712
250029474
1714426602
1874446304
1173020474
995735574
357445301
1289968279
466262945
1845596586
581653231
2100110267
186515130
620339793
1691422582
212061860
65110540
647263921
1957967043
1401831676
972097932
1132043554
382771645
53353614
1362744844
1835866325
1054725431
1556958264
1178137666
1444914450
130080013
411708923
88953457
22063769
550493398
362482737
745359030
1308027178
1011156550
727365598
1069674481
959641376
344096035
1551578654
1059552078
194959673
1546010850
1498976958
1194850415
675288177
1334105566
1924467175
1157039672
1075166219
1855129652
1950931702
839860790
1276255665
1748156989
1638086247
1299645613
828886451
1356632233
1560205551
2011206460
193721707
1985941044
1711539624
892507183
2018239937
1921454344
1058713959
789064801
1123160011
1922503599
906678569
1417990604
64398732
119665587
1834343852
1748925615
872039645
1992605653
1846787611
1312915802
1284320874
402452454
1733192673
2094791833
1856744147
915669060
721076639
1603493051
541089778
762252021
1591871288
990196030
705132604
228628569
1479994633
1931283224
1413062208
688161167
1682556982
630970276
160689741
1561419367
2063270432
235520040
1935810609
1602787583
893897971
2087860223
1996639003
568713468
1253855067
1985643368
707642786
192960615
81238358
1943904489
88654815
819688481
849400868
777854817
1110603188
1313548804
1844592476
1768229545
1151960880
1550755480
1718988057
299481318
1937048843
666788975
622284625
2112414319
88065868
1964908318
149866565
103026261
697607178
296795096
1634439188
1279327635
1070320718
330555816
2014372203
1188912851
387831064
1183488843
1600028503
1978512603
982978169
1895431335
801556027
1708390802
292416221
663774700
1273469405
1981360051
40458347
903847494
1371726490
353203469
867176069
960208956
1485597626
365274996
1973940586
716411304
1156453598
1185451592
798805499
1100480851
763390102
2057718431
1775751067
2075730988
96782863
384020498
2126852655
1043950629
1750043626
482256929
1641796164
1828483755
740516391
1362436676
1465015632
620744896
1386529088
1971763855
1567097873
1324031670
1512234066
838983936
1531097362
880670089
2111640694
1978657640
4384076
1356229594
986106671
1260395508
1900903657
2121803908
1966647803
1061701208
705543716
1847837917
1851625740
703749527
313930828
1351604363
1100644113
1033426033
359463142
647014656
1033102381
176708200
427306226
751900307
115864073
414982001
931759174
2039415100
727489285
64120884
1045685527
628555500
339284617
2081021184
1594113431
945741191
15581306
764714319
2120667576
618400383
1428863433
1930740208
2073322254
841652750
909373477
1231460311
202814674
1948993552
734227152
211254653
95030786
17460346
607976079
1957489909
1060731814
822574459
1467742907
458087565
797816110
1450465581
1044042101
1511604253
746759416
1409102072
790429943
1192695023
1603647213
289247364
551533573
1037959754
610217803
1865718360
406982529
794704029
1831529341
653407252
519361310
409131333
1435045670
1719172167
1349759789
577097979
947207996
2112390126
220972435
1072082653
800795985
256304522
1223244764
1672716823
1990808814
1024750556
1850532968
1646028846
1729031448
1765857856
119753923
645502441
1930440692
1379969187
1141012243
1131365596
548158086
1961747747
833631402
1064882066
251782805
2129780034
799168444
1648092758
1570054315
409505989
696978986
612099742
2032950328
534360111
964089724
954924821
678815702
2133379285
1302767598
371542596
1721697192
442357918
69724833
1786423772
1602403291
1942037337
1196766450
1265552546
238332238
1733870523
1694866664
698575095
730585678
1476661747
56476871
618092035
1091847546
299407852
1360317889
593874302
1368475846
430308127
1152418764
1339801626
958518939
876719122
1239364751
577619600
205460250
1326529392
181060470
1509415238
408437633
98126022
1948757221
22583450
2128286119
163647192
1459341960
2097975246
438650273
1717434782
1170459337
1451916432
458045319
1628987870
819686747
1839744292
570448720
82978919
1056683763
216065840
17524954
1112115943
593718807
642664740
546685447
1128148074
1861309199
1496217668
1792137473
797174639
1228711159
293240147
989755549
1297006504
296723958
755864029
892399837
1245477199
1609625737
247341090
899565968
173333536
1772326905
1815517082
1612299540
1241919479
1054010859
502448169
1583406396
168558854
224315158
1109841377
699524172
1527736754
2005694735
2116048750
271504417
1714151435
1034296128
42275106
14165358
1291395302
1399125239
1146326686
1804855584
921334425
1995178650
2135997721
300047843
2086476115
1366318073
1497442384
112139198
892565269
1417178556
881384458
406722522
1995960657
1056446459
1798542407
547742304
1960465949
43967468
295142917
1807523968
67902228
2089722551
878684846
1391682701
1152085962
1753474918
91166753
1886627397
2016591337
2136927736
2086506331
1292680495
971100397
1628610965
1122372546
607870749
225410936
526947291
1981988110
1559446737
942035026
1306777430
2004776404
2096314044
1576809729
1215942415
175782065
1634591713
1725764609
100083003
1734749711
651560153
434207905
752368404
1100475543
1086483695
2015788666
490701765
236756531
1917242219
487669388
631856255
1426336702
552074988
1838711798
1092883369
63650123
1688141038
760747602
2118906164
2109496591
1682665324
576022443
1765159436
2080217836
1739016863
1562027035
2096302250
1359335066
1482603748
1371857158
1652413638
990269044
2139355835
1500759533
334750762
1896853725
290228459
366258415
1188900514
1543323213
1056818884
1206434019
1146593040
2099329532
541629053
1866821386
1093442460
837077801
1714438587
1233658484
1533124360
129036551
672557107
1445541618
298833185
1931643717
801556070
1055457716
1507576913
1734484280
1300146827
274210174
514158162
924365224
1292955019
35555467
2098827773
2055566644
529331750
524322302
1951504449
441261410
1901562931
2035670273
247637551
1801042503
1435393540
2115481469
2114268721
506138831
284899815
645055092
1368824411
770296746
652877257
621785598
1543637465
235704532
554000118
765471454
377107336
1325704638
185420796
1440211904
675127202
1540910110
804571821
912896017
1044351633
1047306576
1573033026
424453755
597877476
52554343
548327836
143848700
700052575
83547861
913242534
232496290
898921004
307700658
614331351
1468133093
1523495472
1377020332
919380180
834750112
1517292409
2116747148
1244072754
1420891822
1314089427
2053733217
802988633
870647837
351553658
1544019019
280887684
1530823186
1605068265
1688897254
971564260
163091769
831103697
217570896
1946357476
1414325478
1412734501
2002183129
1049558920
270518221
697286738
1125115718
1131511791
1435204186
2109048716
1704702402
2045584375
1493556398
938477380
537539938
1682506751
1893324343
941403318
934308691
573182151
1994725611
928414366
1952295587
1199211380
899456545
1610812938
500392360
850463665
455464716
764534347
1656667152
1837202927
33041108
1015171589
60972935
1251664844
869923923
1992041318
1553402111
1177743506
1942360425
940543347
1949070495
601684950
1626985980
1441537150
278960714
313181249
247108751
690768820
767158474
1660378219
417816190
1213299155
2104609177
731956195
114228691
1423818488
1189566284
1559940683
664595144
1388055958
1718014109
781064864
195419866
1107046531
2102456851
1944059032
1535917959
548362284
1777729616
405559844
1933458084
1703610601
816508150
1330159381
785583709
792943723
1830527031
989268187
938120905
627746898
734269689
31698024
185195304
1697889243
2016048546
1282979890
1730213053
668272311
797931397
432903256
1771194690
1688083191
2112746216
1951179484
1549316877
1664490530
988966321
744849934
166318269
303091049
1454050989
1541264138
1959483040
1662062834
1152614269
607168088
1126554533
1068157520
2100085534
906809521
1317878776
1002649108
193440531
1904511457
358501184
573433981
1420375345
302307272
521351281
806733130
1121631239
1020356474
325805390
822370992
1793885160
212440710
987362175
414148968
965725846
1535479380
83634506
1364894687
1255554956
405173159
159686641
781618833
580319976
245550147
1017777576
797858672
131500275
424172712
1466367282
1863678590
1708468302
2084495356
223290647
1901320570
867686588
107682822
1058060420
1752247478
1383794822
1665659734
226732991
1980936967
1822584463
65222531
1125025349
1543767767
847788788
990256525
1875377281
706391637
568748127
770528865
565586731
1131232459
433559529
1173548410
562032187
74577679
314147241
1481387940
1920101769
1806044435
1504814046
429915099
579115267
505256600
1656060596
131989587
899935882
32358655
1149381303
998606225
447841129
1826966592
1820600273
1251117494
768338802
463303923
1676542721
884084188
443692983
179532172
1002842267
1447729049
441837282
1930733732
1847982389
1685325985
787824946
366114418
1273055029
2135559816
1106590226
1225758552
636740341
1681296548
38375768
493382042
1375960976
587563536
606834199
316168233
1671354956
2095713742
592137505
951181470
1967632036
338973444
657276188
