1011006866
1009425553
1008704740
1007407211
1007012213
1005938895
1005069685
1004897434
1004339978
1004225090
1003234334
1001918952
1000876719
999987767
998056965
997698388
996216067
994734923
993841423
993272020
991927123
990822478
990742244
989724106
988685564
987760597
986231463
985105931
984458773
983729621
982810426
981479220
980562151
980030830
978709725
976298970
975155689
974170651
972525966
970820275
969772605
968454275
967324633
966961799
965593492
964715483
964128444
963354293
962201105
960492923
959322123
958214416
957641773
956331658
955708697
954298231
953152379
952676042
951247071
949791383
948871107
947723148
947195870
945804951
944637594
944150499
941716937
940965298
940512095
938961810
937893559
937255893
936500966
935753400
934184145
933350150
932112028
931891249
931025915
930123956
929167720
927989579
927150819
925648693
924276305
923405951
921711457
919916129
919521915
918755544
917711589
916264442
915078872
913916324
911982715
911499420
910354052
909275119
907733515
906329824
904966241
904141621
903378265
901732378
901469639
900127604
899134996
898526698
897806570
897237382
896616906
895756602
894854014
893457141
891858676
891060719
890165518
889183938
888551927
887940535
887461731
886082386
885058686
883397102
882057470
881255914
880974354
880232531
879297849
878351346
876832946
875214225
873052231
871415186
870945143
870144341
868664060
868066785
867213519
865633794
865159887
864485228
863715380
863487693
863181568
861193881
860334544
858904822
858103399
857624551
857545524
856789188
855851540
854138481
853846093
852622422
850783105
849488646
848698681
847783064
846758449
846115414
844812667
843419988
842807057
842657447
842611634
840529348
839961865
838846230
838039853
836939969
835770374
833932020
831976908
831063349
830371858
829895423
829515191
828022614
827225437
826792476
826623165
825857881
825148591
824478914
824087285
822942521
822242031
821465037
821080674
819137787
819112347
818133908
817152997
815430389
815112877
814547092
813156102
812734370
811578184
810784830
809725450
808504431
807529923
806218440
805382999
804456837
803341748
802343536
802086949
801777380
801378149
800398613
799053279
797703872
796286766
795908157
795320682
794349122
794276880
793518859
792405112
791588409
791535529
790563468
789567129
788657802
787462590
787073786
785538257
784107654
783267552
781920941
781208018
780660207
779475068
777848356
777698218
776663482
775569277
775088819
774324388
773637153
773621370
772507250
771784570
771060672
769107245
768078433
767409140
766959910
765955672
765601627
764693351
762413508
761633932
760510891
759262879
758096247
756788605
755618908
754541962
753523664
752804368
751695620
750220739
748723489
747510976
745866151
745342436
744581856
744302513
744029588
743133976
742333667
740697495
739974619
738226990
737957540
737026834
735023074
733790450
733054918
731342387
729620748
729353171
728179638
727521427
725843994
725013594
723764189
722887622
721786097
721085103
720165832
719180953
718455903
717569761
716308050
715773492
715413244
714450689
712620068
710996648
710518551
709369589
708754243
707203362
706684625
705568395
704368511
703710682
702218160
701356774
700828484
699418587
698379873
697747864
697064619
696264835
694319558
693242866
691773319
691317972
690879553
689585041
688289870
687811445
686702662
686279098
685256354
684489109
683144348
681876251
680960076
679904461
679282266
677969586
677862153
677005826
676392033
675609630
674086424
673596795
672663846
670742205
669861551
669429546
667755755
667221207
666403608
665633248
664905571
664052988
662653151
662024600
661252764
660330921
659324455
658564611
657802018
656527326
654738819
653872956
653312392
652193849
651147415
649630405
648990225
648409524
646829047
646297076
644325274
643538124
642499468
640304580
639888180
639321270
639066887
638300967
637712895
637276673
636103940
634730978
633884767
632407690
631585064
630263613
628733894
628097764
627469935
626497564
625566367
624462045
622893208
620760430
619748067
619155374
618562503
616893776
615354480
613576243
611590997
610230228
609103484
608687247
607866061
606095807
604868017
604559281
604252635
603991438
603335632
603165018
600689885
599087195
598486259
597539181
596910791
596018525
594400234
593046908
591611379
590165003
588814898
587948673
587176538
586324811
584750213
584066486
583902596
583493515
582891862
581324816
580704028
578865093
578281452
577247837
576232962
575536123
575164992
573534386
572496722
570885561
570093373
568601128
567939388
566669378
565332889
564872635
563192612
561636734
560246458
559340853
558343755
558335728
557591479
556576936
554686799
552876422
550975674
548747099
546609963
545615296
544728601
544220797
543453717
541957242
540541848
539063200
538027819
537324494
536623280
535285300
533689964
532629399
531022493
529073532
528230972
527516901
526568385
525983421
524660048
524035208
523343820
523127814
521440940
520310857
520186974
519398893
518489763
518090928
517482348
516035204
514450133
513195068
511591796
510653014
510025505
508967204
507797845
506914745
506309685
504636115
503430837
502208115
500963563
500529155
499110734
497092048
495677565
494798092
494156687
493270150
492174411
491990440
490802107
488879485
488637421
487672483
486550295
485115824
483198417
481730401
481725430
481000285
480885663
480228367
479016362
477154640
476118897
474923563
473729911
472208166
470850505
470255739
468475956
467422698
466786720
465955458
465623168
464190777
463328788
462069507
460902265
460160195
459112164
458534423
456656848
455299618
454381784
453438983
452647598
451954886
450602153
449431753
448490832
447259507
446307809
445573552
445045378
443662687
442371630
441998857
441454108
440646977
439664483
438409381
437835001
437190810
437117223
436725971
435327467
433556775
432980633
431672924
429567456
427723093
427221182
426619397
426455750
426342929
424666312
423246031
422653155
421223468
419288455
418266529
417456054
416804374
416732826
415571023
414088644
413548064
413269336
411750685
411010679
409895790
409244701
408430708
407354715
406445146
405157014
403899392
403300203
402212197
401540454
400794044
398685672
397645419
396311909
395507993
393992446
392255210
391869412
391311048
390647378
389353354
388574155
387955986
387272519
386416778
385270319
384201784
382889477
381354764
380472541
379863130
379017362
377846080
376244877
375172620
373959918
372255934
371839241
370816091
369828046
368353581
367115253
365498613
363935657
363590078
362235849
360968455
360619535
358910398
357289912
356524230
354957382
354574348
353799825
353250289
351502231
350176422
349581154
348165804
346588472
345610288
344594568
342892048
342165356
340924031
340835771
339806617
338448029
337404904
336575271
336351483
335568128
334044643
332510766
331447937
330320744
328780765
327598318
326598586
325823575
325018245
323775850
322628826
320828774
319734119
318635818
317932288
317169726
316389505
315383801
314222468
312062465
311344075
310823686
310016731
308813980
307908008
306983156
305977061
305839073
304767283
304221336
302855098
302352440
301813232
301249730
300447119
299501800
298270405
297722129
297417122
297127975
297046610
295783695
293985571
293519332
292650196
290762106
289937186
289475980
288669298
288320345
286807337
286063770
285670410
284591877
283215377
282469304
281492938
280890284
279397024
277599788
276502518
275204025
273924649
273764803
272576184
272416203
271120674
269916212
268849542
267723706
266496343
265006040
264449518
263623114
262381771
261073181
260397601
258579539
257447191
256156965
254695962
253296568
252634025
251337018
249825413
249158087
248445101
248351271
247146157
246841109
246123911
244588944
244154628
243447438
242079895
241173009
240184693
237881060
237274625
236164473
234860982
234682081
232873980
230620175
229709051
228898707
227721307
227040060
225921061
224804040
223444815
221661000
220594427
218595776
217643158
215991460
215054508
214184094
213549815
212863053
212170455
211054393
210201429
208994513
208393070
207321775
206761305
206078928
205208813
204555053
204275470
203183423
202768780
202446116
201109242
199736846
199509131
198989273
198317205
198305913
196979596
195608053
194049788
192763902
190638040
188585319
188008648
187085028
184850411
184439512
182729083
182447395
180859288
179405268
178440923
177505983
176853878
175272926
174716685
173228709
172137246
170553980
169535276
169111828
168350333
168272102
167295321
166572018
164950839
164828279
164083549
162841717
161926032
160996742
160002138
159606476
157842111
157300939
155659681
154824403
153352804
153289037
152790133
151704369
149903038
148342995
148017175
146919224
146643934
145545436
145496516
144897928
143414547
143021107
142191069
141138798
139580742
139027030
138319275
136503811
135456232
133991556
132931826
131561174
130568878
129635246
129036126
128118616
126979973
125733305
124483033
123908846
122720279
121946519
120138734
118723476
117827868
117478652
116557054
115233851
113685375
113594485
112659974
111409429
110780340
109515483
108636912
106285589
105613333
105145275
104836449
103701172
102651322
101116897
100519013
99094714
98530996
97026378
96375330
94503376
93638969
93325386
92158258
91006324
90029202
89066517
88861226
88092565
86701009
85820515
85079475
84673738
83574605
82191232
81093256
79378885
78091590
77143254
76471125
74911960
73737828
73142693
71808888
69930208
69192257
68371163
67935280
66453344
64714466
63445993
62883777
61778859
61219861
59238796
58257463
56449581
54802130
52935014
51214512
49881086
49112509
48293823
48063759
47314796
44878150
43921150
43066030
42394135
41058590
39169838
38938632
37725568
36625178
35464281
34360950
33314913
32849601
31585351
29994920
28818415
27776380
26053240
25880741
24966189
23664141
23356831
22196055
21621731
21419410
20485549
19187249
18559145
17751060
16065123
15973205
14615968
13226962
11661391
11397334
11047292
9430440
8470065
7824514
7093695
6818636
4920923
4049669
3255946
2274979
1636942
