1028654396
1028543785
1028392036
1028257450
1028188943
1028160724
1028093188
1027931098
1027805368
1027713947
1027625882
1027585998
1027449331
1027318527
1027214169
1027143416
1027048463
1026990139
1026883711
1026805584
1026684604
1026565668
1026488258
1026434191
1026373910
1026347558
1026341411
1026299151
1026278640
1026218632
1026129019
1025968174
1025829603
1025610092
1025486710
1025336959
1025277309
1025169974
1025165922
1025020808
1024982651
1024899104
1024625973
1024553876
1024451722
1024438162
1024341754
1024180993
1024112325
1024074330
1023953041
1023818895
1023650627
1023482460
1023395016
1023218760
1023105001
1023006674
1022907015
1022798767
1022743216
1022667563
1022538435
1022387338
1022228518
1022107328
1022035817
1021941973
1021856598
1021849213
1021684983
1021548839
1021392721
1021361541
1021152474
1020991690
1020904839
1020747625
1020634166
1020550723
1020408017
1020281030
1020121920
1019996231
1019949370
1019808966
1019737257
1019642911
1019588611
1019544983
1019395595
1019260592
1019233392
1019121119
1019044342
1018987261
1018903667
1018810739
1018753263
1018646081
1018610139
1018498011
1018369718
1018273475
1018180141
1018145329
1017947109
1017874337
1017768288
1017701252
1017671482
1017453924
1017403174
1017350185
1017325132
1017163806
1017061779
1016943932
1016896942
1016794322
1016682207
1016647804
1016483422
1016457528
1016433199
1016293665
1016196178
1016026536
1015995471
1015845748
1015765529
1015620764
1015473277
1015415413
1015257877
1015019124
1014938265
1014803649
1014654253
1014619532
1014526078
1014420087
1014331054
1014231184
1014121101
1014062437
1013993425
1013894862
1013786644
1013713830
1013686241
1013590039
1013512197
1013477816
1013438034
1013394459
1013325755
1013249718
1013185522
1013166406
1013057584
1012971300
1012899172
1012771317
1012662340
1012586071
1012527085
1012446004
1012307603
1012248193
1012117093
1012049932
1011940702
1011817686
1011707168
1011671650
1011517752
1011407118
1011326855
1011259308
1011181182
1011115653
1011012003
1010977300
1010751508
1010630483
1010501798
1010484910
1010400889
1010282158
1010174767
1010080554
1009929919
1009831549
1009681336
1009644380
1009534882
1009497473
1009447619
1009345381
1009245045
1009101713
1008920483
1008748997
1008657772
1008563674
1008518664
1008333143
1008305257
1008202270
1008057851
1007933739
1007825190
1007711884
1007605298
1007443386
1007381159
1007269323
1007134781
1007028980
1006884543
1006812253
1006676031
1006575386
1006434087
1006309477
1006141361
1006031975
1005945826
1005896229
1005852347
1005768779
1005648303
1005617149
1005495859
1005361125
1005242713
1005152603
1005096629
1005010330
1004926425
1004745205
1004647978
1004496251
1004399145
1004201225
1004161149
1004081727
1003947934
1003869146
1003681708
1003519672
1003365896
1003217545
1003082625
1003029269
1002907042
1002768618
1002731530
1002651150
1002488229
1002471242
1002385749
1002274957
1002136281
1002072909
1001960551
1001854381
1001749275
1001627332
1001502230
1001353420
1001173951
1000982521
1000852794
1000694864
1000624515
1000462967
1000294820
1000200032
1000142918
1000037566
999930722
999921442
999765968
999704263
999623219
999513514
999366700
999262422
999126138
998901125
998739609
998667745
998521862
998468334
998308941
998272543
998133030
997974673
997836528
997779089
997749501
997656784
997514245
997444521
997300889
997214855
997095525
996997617
996875816
996812974
996700906
996668151
996428441
996345440
996249265
996163617
996013626
995937041
995850167
995722915
995655849
995611228
995492697
995336055
995281051
995180365
995039094
994959655
994849746
994750061
994615786
994571672
994440773
994261970
994194453
994145533
993931950
993846263
993769270
993612029
993481756
993404983
993319886
993189046
993023361
992863484
992747527
992595157
992569912
992558851
992439259
992291539
992207057
992099337
992040342
991984039
991842999
991769593
991643296
991591675
991522865
991374073
991292197
991178596
991119892
991055397
990977119
990809616
990664354
990541157
990533283
990343686
990186686
990065473
989926478
989815528
989751567
989636375
989604597
989544468
989505369
989388665
989321823
989224449
989111804
989071771
989028252
988888174
988798245
988636308
988611469
988480466
988299395
988247212
988156191
988056799
988043825
987978770
987850516
987736849
987702000
987563974
987524279
987463153
987394616
987197790
987070489
986999201
986890563
986818721
986749243
986615488
986595392
986545097
986507791
986370177
986177009
986137294
986043890
985955679
985838883
985789094
985637710
985620716
985583319
985549971
985471301
985359068
985250713
985213882
985202291
985064561
984996587
984868911
984786898
984670043
984610203
984532621
984449132
984301167
984155022
984118598
983976822
983891975
983734181
983642740
983524681
983354371
983233400
983165041
983017547
982859257
982724801
982521330
982404055
982249475
982089328
981997618
981827285
981703175
981623284
981555158
981469552
981276477
981214879
981130244
981004503
980859110
980803128
980752826
980721912
980647235
980548758
980418967
980230215
980118527
979944956
979722054
979675044
979544625
979427113
979309479
979087196
978999671
978945654
978875844
978735713
978704468
978630212
978501035
978395257
978327004
978285738
978284796
978156864
978032903
977912983
977836050
977738954
977681411
977522325
977498295
977394946
977200130
977140587
977109910
977058375
976935519
976868649
976757714
976613643
976559933
976489359
976390993
976311017
976283614
976177003
976007108
975838282
975696851
975665978
975554041
975318124
975208192
975196191
975104661
974914482
974653533
974592835
974485053
974350507
974213979
974090040
974006862
973947894
973835076
973720454
973582311
973499234
973383583
973340081
973331982
973211849
973121703
973014714
972938419
972878741
972812663
972774252
972733753
972604558
972515121
972452685
972407727
972266396
972127841
972030860
971893689
971858476
971796213
971730379
971579489
971461254
971391260
971353117
971222172
971137815
971005430
970926365
970863844
970810368
970641330
970505370
970456508
970321993
970281626
970178424
970014080
969908318
969877392
969724918
969679215
969608796
969548237
969544489
969498662
969324327
969148980
969090158
969023924
968914932
968792774
968716054
968635978
968438153
968367875
968223057
968142681
968051001
967860797
967692331
967544755
967439840
967301299
967297742
967283761
967195316
967186009
967068292
966950791
966766049
966605203
966519619
966468528
966339721
966273586
966254003
966099953
965946936
965872379
965718529
965561313
965389490
965254129
965095749
964893067
964851170
964766146
964610253
964562509
964427080
964325413
964196797
964116479
963996995
963863600
963734056
963669464
963478306
963387244
963344185
963175751
963023175
962892198
962805124
962671723
962644551
962566518
962466549
962348083
962244307
962166543
962042890
961953730
961917357
961906840
961862185
961719906
961698586
961621071
961457567
961349593
961257335
961078332
961022548
960908625
960674910
960617105
960512899
960396935
960335830
960225257
960119696
959980599
959855919
959764358
959709953
959653100
959575289
959444824
959398510
959280907
959175029
959001084
958874151
958855516
958715249
958562471
958413904
958282403
958151995
958051348
957847638
957704149
957548951
957494090
957363543
957331939
957283690
957276581
957151993
957137154
957088000
956998470
956931707
956911745
956772390
956742782
956576818
956395165
956275067
956175163
956013919
955882937
955775099
955629482
955495642
955371803
955303890
955179101
955153069
955049534
954955439
954813519
954691644
954597531
954584969
954463752
954301395
954224927
954178098
954101591
953941394
953865473
953796838
953641884
953562989
953513607
953390928
953312584
953189329
953092930
953047402
953041312
952928015
952811417
952751900
952631955
952399355
952286662
952173380
951972077
951839846
951806406
951666468
951490653
951411401
951403902
951366453
951276393
951217162
951089319
951074415
950926041
950906349
950755614
950652083
950531098
950488609
950390773
950326566
950252642
950080475
949924677
949882380
949758104
949549393
949539949
949529347
949453214
949374472
949366999
949296270
949164883
949112803
948990685
948908688
948764004
948683965
948620137
948553557
948467787
948381440
948279023
948180498
948085395
948049738
947915428
947773302
947716590
947664434
947534926
947412974
947319978
947205835
947061679
946911193
946765185
946634472
946505117
946391585
946340749
946270511
946208182
946145975
946130495
946026375
946009358
945914254
945762737
945668802
945592598
945447134
945348267
945191876
945086838
945045091
945016462
944952609
944797412
944682995
944553461
944526319
944367414
944280083
944125072
944078330
944032186
943772201
943639224
943528569
943422042
943304908
943133317
942981084
942940613
942872659
942826762
942764856
942639715
942473096
942413804
942335231
942285009
942228381
942132063
942002054
941882010
941756670
941615441
941497669
941362220
941247889
941116256
941008067
940949827
940803406
940652049
940585903
940513550
940425618
940355186
940214513
940177796
940036855
939918210
939876078
939852615
939737251
939607581
939493632
939414570
939301274
939287083
939151698
939070583
938989897
938864529
938683037
938521778
938342542
938209427
938084018
938018004
937881255
937776961
937702498
937614984
937537762
937471324
937429234
937378617
937296930
937239434
937135492
937046733
936941188
936778246
936631543
936542104
936511482
936425770
936361993
936202157
936094616
936040760
935900374
935717268
935642431
935516971
935428589
935306710
935255411
935146824
935053866
934887650
934721407
934641894
934527609
934435411
934356502
934259228
934192810
934086592
933816966
933750115
933631831
933486309
933419413
933345397
933250006
933083189
932929394
932761110
932665716
932620204
932408552
932291336
932153770
932102989
932044883
931960985
931888557
931800150
931633811
931559844
931416356
931247981
931043451
930936916
930807321
930747995
930658316
930567178
930527637
930358848
930249498
930179019
930062637
929943474
929824882
929646198
929482470
929233928
929148105
929056553
928970900
928888761
928704190
928602990
928484191
928467634
928390886
928275164
928174331
928041408
927853865
927743116
927695729
927623556
927490407
927359497
927272790
927226619
927106572
927048776
926928921
926884821
926742792
926617310
926424582
926299987
926197129
926152145
926068430
926001634
925948705
925846053
925686480
925650392
925572680
925444168
925305107
925214527
925144178
924940858
924900667
924802895
924711129
924657072
924599255
924464255
924316389
924266707
924111535
923934556
923729428
923633177
923441721
923356539
923348357
923250307
923180460
923079020
922919016
922800049
922667953
922636562
922541278
922481651
922334407
922132230
922006709
921905462
921860704
921804426
921682614
921590997
921459502
921446504
921260237
921245345
921044659
920946583
920831620
920703970
920601245
920533285
920454674
920335121
920251193
920123321
919995256
919872369
919814071
919713494
919578502
919454440
919277943
919252160
919208729
919152214
919103607
919053486
918998431
918927930
918780286
918724006
918662997
918597502
918536490
918535268
918407618
918263288
918135031
917990350
917805410
917719015
917641851
917489762
917389044
917266654
917204382
917083954
917049823
916944946
916855262
916732805
916610614
916526687
916473872
916405527
916255198
915993556
915917020
915810107
915732365
915655303
915597366
915470685
915429845
915289834
915207236
915106675
914987477
914924725
914757617
914581243
914404345
914225088
914124407
914102968
913981371
913915450
913848905
913793426
913723606
913718087
913593807
913535547
913471131
913414904
913355205
913213145
913030016
912954194
912764798
912714936
912570472
912455260
912412949
912288373
912201848
912071690
912067116
911802225
911668653
911451202
911389497
911338545
911326728
911195616
911060874
911013868
910842482
910769137
910677239
910536041
910439516
910269371
910175620
910045614
909939123
909760047
909586922
909546231
909447095
909360289
909221995
909121500
909103303
909063187
909031474
908928572
908897575
908752620
908631372
908525249
908374513
908229949
908125726
908016711
907886608
907761233
907678864
907550286
907414462
907213300
907174400
907086204
906999886
906856977
906653090
906597624
906434968
906421873
906399294
906299286
906190830
906113060
906021903
905957481
905846715
905746724
905653450
905482073
905287570
905155950
904939372
904850037
904719789
904618422
904512565
904442820
904321901
904272368
904164875
904064792
903925036
903772386
903660990
903568920
903470001
903382944
903274178
903202517
903096585
902942268
902853127
902631039
902429762
902327105
902253268
902145819
902018915
901884338
901784464
901698521
901645983
901503236
901397511
901254667
901102860
900978084
900789088
900720756
900574155
900481942
900350568
900245724
900116860
900073339
899940121
899828632
899738844
899587875
899493592
899427565
899345342
899330554
899181822
899065654
899024634
898985146
898946603
898913744
898863243
898707093
898660275
898519823
898447534
898316235
898232420
898148097
897994675
897905626
897810913
897705933
897549879
897492668
897458630
897407160
897294937
897225639
897118360
897008813
896926783
896910605
896780464
896608440
896439675
896266300
896117033
895932706
895761576
895733064
895695025
895549820
895430717
895335992
895203009
895179138
895068811
894959579
894812229
894691746
894620446
894545929
894457596
894378777
894367270
894186059
894089634
893971976
893853109
893749017
893633453
893523641
893370703
893277495
893244969
893100657
893049367
892928082
892794183
892747129
892623598
892546746
892525272
892464375
892295104
892166388
892107307
892030337
891936167
891850089
891829666
891714213
891675497
891615899
891579336
891441943
891341312
891162469
891003825
890936772
890775146
890711948
890701677
890560721
890473237
890333684
890316232
890197706
890130579
890044697
890010460
889988691
889877899
889808405
889733456
889610078
889602454
889510182
889343385
889299916
889290851
889168410
889077645
888977490
888864224
888810373
888679625
888628323
888591976
888513143
888302875
888284763
888274512
888028505
887822705
887749273
887627728
887577504
887479420
887292667
887203211
887137602
887045391
886941396
886806520
886669467
886655092
886525780
886513363
886360695
886303699
886186311
886059584
885994187
885891086
885721027
885684701
885421540
885287622
885211206
885063287
884989109
884893207
884708751
884612624
884514151
884500573
884467996
884254549
884071706
883881633
883775573
883696563
883602814
883532282
883452449
883359056
883261375
883083251
882887174
882803136
882741757
882585193
882523342
882382767
882279163
882213663
882158774
882067573
882027820
881853065
881759789
881695242
881636115
881596193
881508801
881410047
881281031
881221041
881135889
881070708
880956253
880856321
880767794
880624724
880524075
880403268
880285877
880171975
880031356
879848169
879733732
879544570
879362679
879283874
879181112
879080167
879030447
878873104
878829475
878824844
878661797
878617220
878459399
878385499
878343859
878216784
878137865
878021720
877975514
877882562
877772103
877604823
877468866
877423224
877245709
877169905
877038259
876917063
876879921
876619989
876492612
876381447
876260884
876023354
875892699
875734528
875588302
875486197
875332450
875254959
875244978
875206879
875101505
875017678
874946159
874864736
874760013
874692973
874618201
874555622
874544700
874448477
874385335
874367079
874322809
874253848
874173378
874079887
874033081
873915584
873801471
873740507
873578144
873485974
873282778
873197999
873132844
873040157
872950636
872771290
872583837
872420413
872349165
872322144
872189282
872091785
872070582
872014535
871986285
871902242
871857136
871778777
871650673
871577103
871432948
871230313
871148571
871116195
870988771
870930739
870743429
870656792
870585747
870491401
870389571
870281878
870171356
870090692
869854146
869661518
869546422
869419183
869311358
869266812
869184365
869134406
868960478
868849548
868738349
868598361
868512220
868451190
868319122
868218644
868128643
868024071
867912442
867813022
867672925
867633385
867593934
867483005
867414444
867303369
867252251
867158364
867016978
866897790
866853239
866776232
866689531
866592066
866464902
866344571
866293630
866117883
866006654
865907630
865723829
865683646
865558165
865372802
865255535
865167982
864967570
864906009
864780971
864673622
864510009
864373728
864334346
864320219
864148775
864034915
863962629
863840601
863818308
863657165
863528186
863473949
863364164
863234048
863052138
862961906
862828810
862747866
862644765
862497125
862395836
862319452
862231259
862081836
861993886
861910987
861814737
861814320
861657049
861530166
861491327
861426018
861249276
861132778
860997341
860952532
860902574
860791022
860650855
860550819
860458947
860325085
860313565
860239883
860091132
859996054
859919538
859825606
859760070
859581943
859501308
859407874
859313643
859113348
859062220
858949177
858784250
858633699
858502056
858466881
858360887
858242917
858171005
857903273
857848826
857696648
857649690
857599945
857546839
857474326
857350764
857230463
857141359
857095477
857006592
856971297
856880233
856726285
856625190
856478597
856420612
856341398
856185261
856025982
855881131
855820006
855662501
855457253
855282106
855153715
855094553
854986007
854809753
854749019
854672433
854503647
854448910
854369268
854300630
854110345
854020180
853871917
853744830
853624709
853572516
853398444
853270705
853202795
853062367
852983526
852859936
852706557
852600613
852484670
852483892
852317560
852194872
852114079
851933571
851845409
851791802
851685394
851629198
851505027
851482786
851416828
851204986
851121773
851106588
850989205
850838161
850722189
850619556
850553857
850436267
850354016
850276456
850150605
850050204
849977611
849829356
849686898
849535112
849482463
849329222
849215592
849199142
849026223
848942373
848774330
848568129
848487790
848401588
848301460
848235217
848195019
848107418
848041395
847887901
847854740
847753472
847589275
847533782
847413921
847170563
847053347
846985670
846869165
846751208
846596892
846440553
846288855
846221422
846071534
845942298
845848183
845777784
845705642
845633971
845492946
845363937
845159037
845046612
844858558
844691669
844634125
844520417
844515676
844336413
844324043
844196560
844032896
843995111
843843011
843726327
843628505
843471459
843315403
843257337
843170484
843084382
842985167
842877903
842802424
842673468
842602956
842554331
842443552
842342425
842244053
842136114
842066973
841918984
841828287
841720704
841621241
841456370
841315967
841295278
841189825
841151159
841063355
841031729
840902480
840757465
840694553
840620397
840586832
840475360
840419747
840210063
840089697
840041115
839955247
839845012
839693182
839580521
839510134
839312572
839262440
839257608
839096943
839000038
838907093
838838331
838726106
838617390
838515405
838490407
838371097
838279780
838138870
838027378
837972376
837838650
837687755
837607910
837442623
837342465
837255216
837232145
837194414
837121151
837032698
837012046
836862148
836768000
836667032
836469708
836370160
836345135
836291110
836218020
836124160
836058832
836019964
835902617
835762355
835634474
835502043
835424637
835251094
835038386
834953046
834869141
834771221
834651593
834581095
834427426
834222979
834118085
834017961
833859390
833806922
833746756
833571032
833385192
833348097
833294963
833195445
833090769
833060529
832960233
832917454
832779190
832726880
832677558
832609256
832450781
832400527
832277683
832183278
832111187
832057171
832005661
831809262
831708498
831575939
831560857
831471078
831399568
831267859
831209632
831111368
831040979
830997481
830859847
830598816
830524191
830400085
830334062
830221907
830048297
829976105
829861555
829716003
829650656
829482431
829366159
829346765
829317876
829210568
829208221
829114273
829018755
828888691
828752774
828653391
828555027
828495519
828385779
828201781
828146219
828086550
827945475
827860207
827744188
827616723
827508213
827464157
827343535
827157746
827104948
827089415
826953322
826821832
826718118
826578865
826487986
826429756
826263613
826154750
826015455
825860007
825785157
825763440
825654406
825527864
825442771
825308869
825219657
825181888
825143553
825094754
824992897
824869654
824763374
824693259
824537407
824436244
824287761
824227066
824041985
823954207
823804178
823689534
823650688
823516740
823422100
823357631
823268968
823161350
823083823
822939488
822866145
822860537
822757169
822683870
822572020
822476336
822391400
822325946
822201478
822077810
822022891
821898575
821675571
821504928
821362492
821300992
821206585
821203265
821098377
821023111
820922748
820844569
820801380
820645573
820601587
820449978
820364632
820258617
820123191
820073365
819875128
819796143
819742156
819674654
819557322
819454314
819389240
819287164
819231265
819064992
818959513
818912879
818773555
818684787
818582855
818531713
818370197
818285715
818135374
818007802
817951671
817765141
817762241
817633349
817500595
817344537
817223657
817179682
817085102
816978397
816877534
816845236
816735262
816604602
816507131
816393327
816332791
816271937
816145434
815955197
815896312
815716176
815546446
815452167
815250680
815111945
815075493
814960112
814905203
814842533
814828800
814689879
814557945
814426250
814349764
814227638
814130695
814073432
813951873
813832285
813708795
813515754
813423811
813242741
813139767
813035367
812902652
812851237
812720175
812565274
812488981
812326328
812205140
812120366
811964977
811792519
811779340
811620943
811496704
811479956
811380953
811296468
811189546
811105543
810956911
810910290
810802971
810772907
810596839
810534762
810434153
810268012
810171961
809979690
809894655
809805018
809698319
809652103
809581123
809500414
809401596
809315669
809145034
809092727
809010840
808858678
808765629
808713581
808602303
808549075
808489959
808375734
808255081
808230441
808089060
807945887
807864561
807789026
807701188
807572823
807531940
807491135
807349222
807226171
807108301
807004975
806877776
806796418
806656164
806624593
806604932
806478598
806410967
806330223
806176341
806103394
805945928
805902166
805769428
805610120
805531138
805420409
805180958
805084060
804927040
804823971
804759251
804677591
804498363
804358359
804179176
804105117
803948368
803907055
803827776
803710917
803661647
803533701
803374793
803263776
803222838
803147406
803106319
803081460
803049114
803005797
802955969
802838361
802825806
802793628
802687084
802640770
802521504
802372466
802306789
802270040
802159109
802038112
801949239
801790826
801699530
801570436
801420443
801270585
801230625
801160659
801074394
801073903
800907551
800776851
800725153
800659954
800401756
800254259
800137110
800033116
799945176
799912754
799878093
799839405
799705994
799576771
799465081
799284156
799114730
799008509
798943344
798779921
798645620
798625722
798477719
798362068
798258916
798210770
798116792
797839420
797749427
797627426
797534518
797420508
797366687
797226052
797166068
797149964
797006966
796866025
796826995
796714909
796613814
796480214
796377266
796302884
796199502
796036344
795973895
795872156
795817408
795689008
795557923
795486612
795364225
795203127
795031170
794836777
794815804
794630374
794482526
794397172
794355659
794212512
794142998
793973230
793854713
793765018
793612728
793419065
793403876
793248790
793167361
793123486
793065224
793029152
792917700
792823989
792761348
792624736
792478702
792341557
792316320
792151890
792057613
791988078
791913420
791886633
791786086
791767952
791689159
791605767
791481570
791405035
791325233
791169915
790961271
790799456
790658721
790508292
790432248
790303253
790216116
790126150
790085869
789869709
789710404
789623529
789516090
789477561
789392670
789288201
789132959
789024295
788906465
788810061
788739772
788621852
788574659
788398160
788270078
788228423
788130588
788059950
787959929
787892255
787675790
787580477
787474643
787343370
787292074
787155214
786989964
786893065
786665733
786625444
786518568
786439984
786383416
786188569
786159962
786076657
786045067
785917599
785843075
785720316
785632925
785574692
785498715
785352730
785210750
785038273
785037940
784944710
784798290
784756141
784634746
784562735
784432451
784333202
784253867
784095451
784009181
783921412
783863531
783718013
783514996
783369693
783331895
783259641
783206763
783027235
782890614
782877485
782780255
782694227
782600746
782493071
782398765
782269530
782100544
781999526
781931402
781864722
781793214
781645528
781581070
781416073
781403050
781286553
781156766
780976262
780907450
780840879
780740655
780544346
780476697
780343670
780215953
780115523
780030886
779956158
779945842
779797195
779704948
779569839
779423818
779335279
779275639
779157177
779148671
779139494
779029112
778940776
778868254
778766999
778626211
778511773
778472130
778386656
778296453
778240517
778059622
777826946
777735742
777699310
777638132
777558939
777448398
777397763
777263336
777145871
777062721
777044048
776928701
776867449
776704658
776647001
776618886
776535851
776452478
776306691
776237271
776056713
775843041
775677509
775614118
775502499
775411743
775337234
775245022
775069126
774930063
774917768
774802802
774677581
774590122
774573024
774522409
774505562
774415759
774339915
774209893
774103206
774000588
773815239
773745582
773511662
773465662
773343091
773235936
773068939
772989738
772836961
772665719
772630127
772550999
772378669
772332008
772227906
772128416
771991214
771764169
771663363
771532335
771374548
771273436
771150620
771030042
770883249
770877843
770774271
770680402
770603435
770510080
770452876
770285527
770179377
770131397
770027761
769938038
769812604
769700797
769642429
769442062
769336702
769309592
769228339
769091229
769012115
768903978
768794345
768615992
768577231
768399195
768312925
768160292
768100307
767982291
767948804
767827471
767687952
767535219
767426536
767280252
767245105
767157206
767111497
767020397
766948065
766921709
766876434
766736825
766635099
766425980
766242241
766144165
766037271
766001483
765818462
765732021
765502134
765480550
765229386
765139446
765091446
765003868
764876946
764720837
764635585
764570686
764511662
764476692
764380966
764181865
764140823
764001464
763894004
763787697
763750561
763607719
763518646
763414115
763298817
763244535
763049132
762954036
762897494
762760722
762732636
762552675
762489081
762410429
762286951
762186052
762088469
761925259
761811360
761792493
761672520
761567913
761558055
761394351
761287374
761175304
761052082
760918258
760789436
760657290
760578370
760440205
760297209
760139715
760110673
759989936
759944497
759758545
759641850
759549552
759503019
759357919
759241180
759098037
758995909
758904178
758837736
758706417
758592589
758495133
758380948
758366770
758317744
758192517
758088381
758040159
757852682
757748262
757588729
757389620
757329503
757188271
756998336
756980699
756833999
756832057
756803310
756721564
756668452
756531334
756441946
756337908
756220051
756123668
755978401
755916657
755861314
755798822
755668976
755461355
755312296
755230761
755111879
755045366
754924526
754756758
754687242
754628309
754594200
754573016
754450496
754357824
754186266
754014251
753903481
753746250
753655434
753538029
753454339
753398475
753296094
753180233
753095671
752947976
752891756
752810548
752697263
752651757
752590426
752541420
752401762
752303999
752192445
752133973
751987976
751963579
751876067
751812849
751742037
751679772
751499584
751463073
751364991
751241443
751181046
751122878
751098909
751023987
750869188
750800548
750684296
750603773
750426440
750348928
750250398
750104256
749953959
749760081
749679521
749608344
749416988
749385457
749274752
749173500
749015521
748950998
748840969
748799545
748605510
748529987
748457430
748287044
748199461
748120511
748025279
747923086
747835969
747660844
747606959
747506565
747417038
747315113
747086896
747037125
746937411
746932425
746897945
746831430
746716330
746642061
746641798
746547530
746433614
746285133
746142432
746056740
745905745
745716943
745554900
745411030
745353581
745233593
745069272
744984898
744949392
744833920
744734099
744660910
744578167
744504861
744389452
744216086
744100469
743991922
743960221
743775925
743680727
743643673
743579248
743483140
743423508
743284416
743239141
743211597
743101090
742963416
742824046
742720237
742612606
742453989
742298212
742167778
742113320
742005061
741943719
741804226
741733325
741651561
741532574
741438168
741354433
741231052
741148828
741063842
740936335
740845058
740754712
740676992
740586501
740459111
740352213
740284625
740128930
740009546
739868789
739712789
739660554
739567017
739491042
739391665
739312366
739217095
739097598
738984526
738905850
738864087
738791493
738576968
738503908
738338906
738214741
738139976
738111816
737923956
737854488
737806846
737630993
737537652
737345915
737190744
737058081
736938352
736888935
736798162
736660777
736619479
736425944
736349083
736281719
736201526
736200148
736008824
735919326
735782841
735686873
735581104
735557353
735466384
735311006
735211258
735109614
735001222
734834864
734738744
734701187
734602813
734458924
734424063
734244704
734119744
734057999
733992977
733912706
733830270
733756806
733594999
733497055
733387189
733319478
733236452
733053867
733004141
732939381
732789368
732659734
732502052
732351764
732230847
732124895
732099616
731980129
731810219
731747794
731636820
731486549
731402756
731198314
731183379
731123596
731035074
731008176
730903075
730818382
730767554
730729818
730588707
730499080
730397671
730309275
730278768
730167388
730143912
730026409
729889288
729770820
729668586
729592152
729483325
729356289
729233947
729057518
728937920
728824600
728768331
728758156
728705215
728602287
728505902
728433334
728284189
728164466
728032689
727984415
727941128
727845663
727804721
727753940
727594235
727470636
727405484
727287733
727247706
727128296
727118534
726972437
726863839
726811413
726618147
726435020
726307869
726218535
726134131
726100529
725975754
725882596
725756553
725610174
725499629
725368717
725294094
725138603
725011760
724945512
724858853
724741944
724618947
724518295
724375685
724247583
724227148
724108912
723982010
723867055
723811181
723709720
723609200
723486495
723410141
723246659
723148359
723003693
722961559
722832493
722821252
722749217
722624301
722515988
722352687
722350836
722265752
722165442
722110262
722011842
721824387
721761731
721639795
721588371
721546956
721532512
721443277
721289373
721266233
721125204
720987528
720876428
720734651
720623209
720508402
720370230
720355442
720248675
720118989
720036783
719967503
719848725
719785884
719631389
719556079
719366311
719303406
719210237
719062325
719011690
718909000
718866412
718746884
718678939
718577176
718477102
718407783
718379886
718249899
718190503
718061801
717926437
717810783
717672488
717543210
717468107
717409038
717303785
717154940
717153166
717031789
716980193
716904656
716678493
716551302
716421128
716314071
716204197
716142873
716069909
715991738
715818960
715766722
715656987
715567251
715545949
715362170
715241173
715156190
715085224
714939143
714822648
714749256
714673407
714615906
714535853
714517862
714341986
714293375
714058862
713994098
713836736
713764268
713649555
713612782
713382706
713372913
713334879
713203584
713071116
713032309
713021049
712896681
712793733
712760551
712695580
712575009
712481939
712392465
712252132
712108192
711943536
711910162
711675564
711607796
711531292
711467710
711384155
711227153
711181903
711077962
710965225
710830365
710709202
710637889
710580645
710491959
710441519
710413908
710255663
710107140
710019117
709938242
709824359
709710993
709639740
709552296
709453596
709279292
709157886
709089273
709009219
708985184
708868055
708717908
708595949
708516611
708381268
708282941
708130293
708038903
707936237
707872320
707827480
707793280
707741173
707676854
707585341
707533406
707399086
707270666
707148622
707019641
706957584
706781301
706626165
706558016
706400667
706300532
706161346
706012230
705831337
705703427
705672871
705562121
705383612
705233667
705134821
705038623
704896369
704706106
704664574
704541338
704461933
704333140
704319476
704314553
704226729
704137401
703938946
703821344
703814642
703780299
703753735
703706665
703668646
703621353
703521569
703369817
703361295
703246205
703037075
702980574
702923293
702773609
702576687
702464922
702322769
702251330
702144595
701999288
701879386
701694813
701560343
701513065
701394889
701326812
701207028
701155416
701056232
700898676
700783578
700742009
700625658
700525844
700401963
700263688
700174752
700059995
700014076
699919487
699904684
699812849
699651675
699557129
699482397
699361656
699289039
699153604
699001389
698889350
698768374
698638434
698482072
698469765
698414885
698291459
698283224
698187596
698133897
698019396
697883427
697747469
697704170
697642940
697550492
697412470
697381046
697265831
697113049
697005301
696970315
696848244
696774751
696668031
696664542
696580280
696469465
696355983
696287882
696258894
696159094
696038727
695974284
695836306
695728820
695711395
695577561
695523100
695404339
695200308
695091661
694966560
694862764
694721095
694633880
694530291
694497781
694383028
694291129
694154486
694071743
693923669
693906243
693804206
693671772
693662163
693531087
693425398
693260086
693205799
693146488
693044178
693002274
692921831
692836638
692750283
692685325
692613570
692480502
692407885
692384454
692248596
692143550
692002581
691911405
691785534
691642302
691573644
691488660
691377168
691270071
691084954
690958344
690803016
690702537
690589336
690494549
690359613
690198574
690113476
690005624
689963757
689781687
689635225
689467160
689388778
689387108
689155139
689103168
688984096
688870228
688673321
688594359
688426965
688405552
688335165
688236738
688115449
687981133
687771152
687602193
687425920
687351903
687251357
687143900
687065345
686939663
686903831
686846015
686771353
686682074
686566356
686524014
686386372
686288091
686191750
686125971
686037053
685946840
685829376
685781842
685694202
685602911
685565573
685530608
685422336
685251873
685181347
685075235
684952982
684901639
684727637
684630495
684483900
684378365
684179424
684138008
684085882
684082930
683918751
683852800
683765010
683682087
683656135
683569105
683436658
683299200
683192740
683037272
682918922
682830640
682763564
682668492
682504070
682406516
682336063
682199090
682137600
682118992
681999841
681881581
681835431
681745625
681647321
681628089
681611026
681485891
681321840
681230168
681183332
681107907
681056185
680886231
680794186
680793029
680701896
680596645
680507474
680413943
680349285
680255333
680046219
679962149
679904577
679740281
679586594
679536098
679488205
679402784
679332250
679269178
679268819
679168012
679131879
679084126
678995287
678796647
678741420
678592357
678507332
678462442
678421938
678340239
678140109
678022010
677938999
677897914
677810936
677715584
677705940
677591995
677505390
677436126
677372560
677255153
677174319
677115328
676988087
676873937
676769685
676711032
676705895
676509133
676412896
676185200
676153223
676086222
675988369
675891931
675703292
675564944
675427835
675346062
675229109
675087594
675019990
674810978
674803158
674733556
674700950
674595584
674520241
674498925
674371016
674280423
674230092
674038573
673952452
673886023
673760721
673739667
673635702
673509979
673477571
673304825
673226729
673016206
672878556
672703448
672619905
672407437
672325395
672206043
672155178
672062410
672050543
671995001
671892681
671838980
671709974
671694748
671551646
671493905
671452354
671362479
671233083
671087645
671041789
670985801
670860632
670793099
670742713
670655994
670594151
670516881
670446773
670331513
670271389
670215217
670094863
670006689
669995631
669924464
669722696
669615775
669529663
669426942
669396816
669272878
669215803
669205909
669156406
669083989
669027837
668962932
668960813
668831760
668701571
668539438
668429452
668372033
668276368
668185137
668069618
667885827
667698424
667576427
667464002
667380931
667282655
667162632
667083788
666979153
666832923
666800606
666654872
666561611
666470743
666456624
666359078
666186889
666099431
666097273
665983318
665871353
665752733
665630886
665593022
665441219
665341302
665242389
665201266
665088829
664975599
664801967
664780500
664700316
664578193
664500255
664386541
664363321
664167613
664050732
663946727
663857773
663730095
663697990
663469545
663364949
663308222
663207934
663057050
662893352
662783550
662672952
662599277
662435181
662368683
662188559
662037566
661935415
661796349
661642726
661562516
661498883
661425072
661291433
661225999
661145683
661019047
660955355
660905261
660749137
660643047
660489659
660434296
660314471
660212987
660121141
660004473
659888728
659779315
659706146
659608898
659530036
659465843
659382872
659358576
659243847
659085523
658991316
658956246
658784096
658662097
658604365
658398326
658189747
658066595
658031573
657919356
657823055
657689455
657542494
657477473
657329356
657142009
657106144
657057741
656963679
656877472
656739046
656565315
656551331
656500457
656398625
656268788
656164529
656074365
655968344
655758948
655695284
655663209
655603974
655504009
655408273
655292159
655165197
655074457
655004225
654929881
654857963
654733994
654639899
654563537
654432101
654300492
654154009
653955990
653903501
653844513
653721705
653596716
653446761
653337150
653326146
653290487
653160211
653044407
652976642
652785062
652620214
652437439
652319497
652252915
652132100
651996841
651885807
651823022
651686542
651499060
651373102
651271191
651189069
651063490
650948357
650810141
650704695
650562072
650447190
650405904
650277654
650226445
650113905
650005241
649881608
649759963
649662471
649596620
649510578
649385235
649234681
649054642
648914761
648785543
648616445
648504091
648405221
648343059
648154333
648042813
647963477
647911916
647827113
647696848
647603077
647488168
647297824
647162463
647103944
647074781
646936516
646775387
646666490
646567221
646538160
646521811
646490672
646423578
646373153
646329086
646270238
646176171
646171483
646118437
646006908
645893704
645813639
645680049
645570840
645451220
645230051
645132060
645021039
644858195
644690436
644539062
644430710
644426511
644276409
644150813
644086348
644012298
643900763
643851219
643726278
643603392
643516480
643370421
643307746
643155373
643026805
642919597
642723668
642604147
642514178
642412428
642293248
642191180
642114665
641992520
641882251
641779586
641655972
641491454
641362023
641264754
641124601
640983280
640901937
640787421
640634902
640490915
640387664
640301871
640279899
640156374
640076463
640045611
639874905
639723092
639631428
639564418
639443663
639287677
639195691
639163902
639109143
638939624
638839748
638702608
638646890
638419531
638266948
638167084
638073790
637994497
637881611
637817687
637743103
637627506
637558829
637397213
637184975
636983573
636955888
636858985
636818058
636791306
636718072
636624374
636471031
636414841
636256172
636059001
635964640
635880157
635677253
635564204
635434415
635260156
635144928
635014861
634850652
634743115
634637658
634490642
634406843
634354857
634338848
634279549
634205627
634174952
634094682
634019199
633916303
633750218
633623311
633555703
633396379
633274982
633117713
633048820
632946160
632823354
632783513
632618508
632618154
632441320
632343014
632229189
632125773
632045921
631856967
631759403
631638476
631562074
631380702
631271211
631145823
631063824
630932947
630806605
630684742
630450654
630337581
630254056
630190467
630060800
629986506
629869346
629720711
629575548
629485904
629408574
629270493
629176245
629023951
628852358
628716561
628677421
628634750
628545122
628489219
628295293
628209577
628048637
627957068
627842321
627742939
627651294
627588565
627496644
627372801
627306099
627131398
627080723
626975655
626882959
626802225
626632280
626530996
626392970
626303958
626196706
626129836
625998615
625937055
625841754
625767953
625684397
625626128
625562618
625452929
625293138
625202378
625121380
625069706
624919600
624899241
624673757
624559357
624430110
624322439
624283399
624219734
624152600
624001745
623804497
623686960
623560732
623493677
623338586
623304965
623181913
623156715
623092190
622936024
622877392
622864646
622814888
622774103
622608886
622569118
622459170
622384073
622375706
622291317
622175234
622100551
621877179
621672969
621555870
621445407
621342412
621289895
621282670
621199508
621060812
621057955
620966309
620877799
620765065
620654426
620603576
620535650
620426309
620312278
620213886
620104401
620051436
620007225
619860805
619749905
619634782
619510423
619409827
619257384
619124491
619079129
619015849
618932366
618813882
618730633
618594689
618586239
618429845
618356937
618226621
618130303
618048112
618029458
617997500
617933837
617810565
617738379
617661147
617502564
617368108
617236014
617162156
617059255
616924928
616768778
616750959
616688121
616670216
616611731
616491406
616346031
616250900
616175198
616052542
615950167
615828865
615722904
615696078
615571415
615449058
615349463
615272210
615220061
615196437
615063318
615060739
614997161
614863545
614692181
614579754
614453469
614333669
614286424
614264328
614158394
614121002
613988645
613907481
613726393
613582184
613477563
613313953
613181332
613133916
612908030
612851781
612780413
612650326
612529994
612447545
612279985
612192641
612005446
611901398
611869368
611682145
611605136
611547562
611496993
611300908
611140828
611038819
610835738
610723618
610682044
610582206
610441851
610351910
610343540
610121094
609964723
609858730
609683383
609569271
609395681
609279008
609206094
609102846
609021721
608920212
608834858
608819439
608779440
608642765
608521116
608415214
608316844
608198009
608096685
607995571
607833780
607616744
607558645
607422030
607399729
607305919
607217702
607112237
607018507
606904081
606783676
606711548
606554419
606498798
606408230
606339440
606220695
606192857
606035956
605918169
605837515
605734957
605577150
605467553
605413137
605259903
605121699
604982507
604972656
604923095
604804045
604643090
604521689
604348405
604245636
604051679
603969287
603961863
603890608
603813681
603746668
603565080
603510503
603344457
603274518
603124617
603062625
602932639
602860071
602642768
602525489
602453020
602281515
602188015
602020120
602013127
601902814
601837996
601803252
601739454
601586062
601451148
601378844
601320251
601160239
601090133
600973300
600910849
600860201
600728341
600599163
600495405
600432204
600359161
600280293
600199583
600068503
599930674
599882901
599822874
599746308
599624071
599529666
599423168
599358308
599220909
599089645
598966767
598924370
598820234
598657148
598502277
598395657
598358372
598271531
598201514
598153841
598112679
598097922
598077976
597957444
597790304
597750552
597598034
597551185
597409757
597249364
597160778
597060436
596924906
596865762
596693410
596558911
596468271
596421906
596373837
596325582
596239873
596124257
596119037
596036223
596005444
595939266
595843963
595752163
595717939
595557024
595422907
595351932
595228067
595195470
595078498
594979385
594862153
594755154
594656194
594647675
594476245
594316256
594159496
594067775
593928026
593780814
593678274
593655375
593531188
593490539
593422401
593259353
593158891
593040639
593020524
592812836
592689344
592626419
592472744
592396315
592270690
592026287
591945849
591850006
591723278
591625236
591605998
591465259
591401965
591347339
591251212
591081875
590942188
590893362
590811040
590711850
590558568
590381654
590247304
590157621
590141194
590069277
589980652
589954613
589833529
589686599
589660514
589496606
589281730
589156071
589037490
588921530
588912960
588844365
588727579
588694866
588634370
588553114
588491884
588408695
588373769
588210817
588132064
588022216
587874359
587738476
587631460
587555599
587428908
587372099
587291784
587206772
587065391
587044249
586911244
586786902
586719251
586667879
586630190
586607934
586529203
586451601
586363662
586210759
586082659
585964846
585814781
585685671
585554108
585461270
585358533
585304494
585166766
585025171
584943814
584914932
584910659
584816967
584720894
584647166
584606416
584562922
584426105
584291542
584125747
584071489
584037915
583979684
583928174
583755130
583658054
583648412
583579002
583414438
583377312
583339479
583250429
583157669
583034868
582977817
582808315
582691589
582600662
582537780
582496499
582356643
582247855
582072636
581965840
581926235
581816476
581806363
581697693
581483492
581315257
581172827
581023683
580989409
580789517
580720387
580688322
580536216
580384238
580264047
580134525
580014033
579918141
579825000
579717955
579642769
579631850
579541678
579423114
579302861
579146221
579111267
579105848
578958632
578837092
578789579
578649335
578508489
578400973
578284593
578148489
577978177
577840668
577811482
577620869
577555060
577441359
577268529
577189524
577073274
577055077
576958161
576900176
576842118
576690007
576566240
576499921
576436306
576383172
576275682
576136413
575958167
575775474
575730029
575598463
575440505
575275561
575212127
575136890
575086031
574995186
574842977
574729802
574665863
574602809
574555321
574389536
574254508
574097037
573927290
573895163
573842876
573709896
573639325
573557835
573488112
573353491
573296559
573190089
573074965
572981238
572847748
572676512
572578758
572535207
572401608
572220028
572098572
571995193
571859560
571763709
571606295
571516653
571392944
571289020
571121730
571018036
571007525
570957028
570803549
570664214
570541648
570389141
570189311
569965047
569842487
569784950
569637111
569429472
569388031
569297457
569219060
569097044
568953960
568831015
568683528
568488675
568328941
568152790
568047112
567964334
567850585
567731358
567579692
567479967
567343576
567193594
567110071
567091304
566950864
566909981
566796103
566704564
566586240
566458947
566355648
566279995
566160191
566064998
565970068
565793217
565633952
565469416
565318789
565185994
565072517
565017740
564921272
564838226
564741977
564565428
564412706
564227731
564150018
564063163
564016830
563897522
563755286
563715145
563579349
563532905
563525631
563368938
563255139
563151546
563009734
562849017
562692385
562548338
562423023
562352252
562195959
562174595
562073279
561898204
561770094
561767269
561632437
561511980
561471222
561415288
561233435
561117287
561003030
560878802
560836098
560631855
560535608
560366451
560322360
560269259
560166631
560024907
559892585
559883435
559852850
559817957
559766123
559716342
559540969
559471297
559413302
559250409
559242867
559152095
559062051
558926777
558795429
558674493
558518464
558412185
558353262
558167741
558110612
557965983
557913481
557854796
557784998
557683829
557548544
557415861
557324120
557205472
557139209
557050990
556866879
556754263
556612899
556528356
556453647
556410639
556374313
556302089
556168990
556018334
555849242
555730988
555543965
555428196
555228703
555079196
554919258
554676675
554537657
554446107
554276259
554167696
554050867
553956860
553845548
553791662
553608502
553497039
553464228
553396414
553326264
553153971
553073427
552944008
552887319
552769523
552695759
552510597
552431642
552327948
552250746
552075043
551990144
551801618
551683712
551539082
551471202
551288620
551235918
551207327
551117579
550994672
550974262
550767284
550730701
550530948
550511851
550474400
550331723
550267273
550158034
550073684
549989172
549912629
549872180
549808071
549713653
549607153
549513426
549451905
549264994
549143372
549017786
549003581
548881425
548736309
548617713
548550286
548420642
548243558
548132390
548096093
548048198
547956958
547785646
547723959
547720387
547635818
547575419
547376456
547196031
547138276
546970064
546900138
546788367
546740179
546625400
546495668
546409078
546301886
546254311
546215759
546142972
546025017
545872298
545784975
545701830
545645118
545542732
545526356
545393406
545305705
545198715
545117446
545102890
544999333
544905997
544742137
544622469
544531769
544338738
544203352
544175553
544087617
543967588
543861372
543772187
543691169
543541796
543514187
543345931
543253099
543170439
543117807
543009543
542862928
542732813
542627550
542527435
542464421
542321931
542194223
542091999
541937427
541864271
541764864
541643298
541453493
541297675
541246252
541110929
540947784
540746183
540655482
540619278
540538449
540495150
540454528
540351070
540249987
540124095
540017202
539914518
539875225
539833021
539791894
539687968
539560179
539448165
539361659
539241658
539131612
539014480
538902318
538802317
538667769
538538723
538362801
538281201
538153115
538066165
537924593
537788244
537638637
537568372
537532309
537352296
537248779
537170681
537147679
537052234
536858104
536792492
536628363
536563608
536353819
536191920
536015146
535930658
535880288
535717945
535582756
535505154
535438191
535317881
535121990
534996890
534914048
534853317
534766780
534691544
534566986
534480292
534422738
534357145
534182441
534086527
533988211
533861673
533831761
533717417
533595733
533566478
533420056
533387512
533322500
533243256
533142405
533008163
532927061
532871510
532772822
532673573
532585971
532420426
532308746
532211105
532155864
532105356
532018086
531885332
531842748
531686692
531548184
531468852
531336043
531262378
531225317
531180713
531044428
530931822
530856602
530721219
530600023
530526209
530334467
530206471
530015783
529919858
529891905
529776294
529702755
529573881
529504378
529466326
529340689
529274209
529148560
528997083
528913755
528792898
528708903
528496014
528371753
528304147
528159808
528096244
527968702
527939957
527865288
527774239
527547490
527384342
527345845
527270985
527156653
527008087
526921467
526821304
526714391
526542063
526382488
526206470
526051316
525905352
525780273
525645578
525556739
525525104
525398209
525269031
525197807
525184117
525108877
524970831
524943603
524807006
524692493
524640373
524561301
524537595
524473942
524389062
524335018
524190987
524095444
524071428
524016286
523892934
523795401
523696718
523534864
523493774
523277159
523265396
523116454
523060542
522933985
522932139
522825729
522657097
522605185
522544194
522336301
522297265
522200315
522056026
521923485
521790415
521717708
521629604
521532430
521477112
521320105
521218503
521126124
521013778
520935603
520765185
520576857
520480153
520261221
520185510
520087788
520019250
519920505
519824485
519758773
519717271
519684083
519675725
519566890
519417894
519394365
519358120
519262670
519166589
519101345
519008836
518908482
518771631
518746533
518600362
518445360
518235394
518074720
518023081
517944201
517771823
517630819
517536614
517386168
517230273
517030045
516942044
516802226
516670042
516504699
516485057
516353086
516264990
516149929
516068340
515915627
515887166
515829721
515771597
515701704
515578406
515488762
515234267
515160989
515025186
514918905
514804235
514685328
514582153
514406078
514304885
514208468
514134114
514047385
513974076
513812786
513703192
513565922
513464572
513349388
513130440
512993602
512907140
512780000
512764709
512694969
512599825
512576388
512436342
512343139
512244653
512094030
511928454
511763625
511628202
511552440
511549743
511451919
511380005
511302719
511174649
511049653
510882365
510754345
510701183
510470061
510453827
510290966
510099128
509997453
509914033
509787883
509665794
509557975
509409778
509391331
509267750
509128758
509034758
508952263
508842862
508767769
508674360
508554628
508400176
508235612
508144877
508087554
508031976
507946920
507830352
507757578
507710514
507644832
507526505
507398792
507305524
507194410
507079956
506991981
506875187
506686477
506548551
506405955
506277775
506111191
505953037
505794754
505767380
505625682
505503955
505402729
505342539
505304591
505155014
504996936
504859866
504845381
504727806
504605735
504398987
504357761
504236099
504161224
504022001
503974293
503930774
503845934
503682805
503555443
503391476
503358464
503284053
503270340
503190741
503119748
503005320
502977255
502820128
502723426
502581359
502457354
502369640
502291915
502173226
502072010
501915778
501750465
501590101
501414179
501382995
501225436
501119550
500991497
500890644
500819218
500707809
500579375
500395770
500332766
500247494
500094935
499921158
499845804
499754831
499745257
499636083
499456128
499315662
499270224
499106400
498993547
498907218
498815248
498668185
498556342
498439001
498364121
498267824
498126934
497964735
497806863
497641706
497608184
497538214
497430921
497217825
497124339
497007764
496887106
496847531
496760580
496711209
496545772
496441456
496354496
496239106
496156880
496100650
495991912
495883312
495742801
495655031
495589226
495437291
495287958
495206700
495151807
495066267
494986727
494972950
494901254
494796222
494660955
494592508
494504518
494463784
494307575
494191570
494102838
494017657
493853046
493717815
493665252
493534491
493481296
493397398
493256250
493222084
493137812
493097045
493030995
492871385
492712268
492573300
492527163
492364353
492330669
492238141
492087646
492012928
491959863
491867821
491795914
491697388
491637738
491571860
491503322
491397452
491384645
491255345
491192288
491113094
491025519
490989229
490881048
490820725
490695323
490623733
490503222
490370834
490306669
490133483
490055663
489919128
489859543
489829335
489735052
489662899
489622023
489515483
489337436
489312882
489231139
489073938
488878175
488704353
488592341
488547548
488508284
488495313
488454712
488391085
488293049
488275360
488112721
488013555
487951550
487841051
487712934
487581310
487459406
487328987
487286532
487171196
487051557
486918514
486824496
486763079
486686171
486539026
486425712
486311142
486126037
486072436
485939444
485857770
485752722
485620047
485512811
485348517
485289906
485179613
485043750
484970124
484853617
484798453
484705826
484631762
484517775
484373292
484287777
484121111
483955143
483804287
483765945
483576736
483485094
483329916
483263194
483183023
482966057
482755141
482555031
482489067
482385471
482375545
482312004
482229389
482032515
481992224
481913569
481878305
481746029
481695736
481617267
481524948
481426780
481379104
481253991
481158433
481004535
480861476
480756744
480629754
480580523
480490093
480361750
480220829
480143324
480043293
479955710
479825120
479666366
479501582
479435393
479324226
479230889
479187531
479102663
479007419
478865089
478735577
478641229
478386399
478231382
478053722
477884661
477772663
477746740
477613657
477600473
477428152
477270924
477119739
477027987
476910019
476893821
476832783
476645526
476610377
476507859
476376028
476193327
476067589
475896365
475809872
475680298
475632385
475461878
475324490
475224599
475038302
474961646
474835282
474585044
474418567
474262866
474196652
474066845
473916919
473885118
473766550
473626047
473571749
473467452
473369525
473330942
473192856
473105479
473006953
472851897
472733459
472650248
472558463
472360980
472260581
472186766
472045502
472027278
471935334
471835507
471652474
471589236
471478948
471376237
471231252
471176656
471045891
470948173
470695090
470548634
470405982
470323401
470290675
470132838
470116514
469973169
469921055
469808443
469740189
469537459
469478152
469420134
469354483
469220196
469182919
469171641
469002511
468914860
468879577
468671888
468564336
468422117
468327423
468280590
468193239
468054644
467951584
467825270
467697604
467564051
467505902
467342527
467186634
467022667
466913395
466844174
466745903
466632785
466539290
466378970
466341915
466213988
466024976
465897140
465809562
465659142
465498857
465345151
465238725
465046977
465007869
464846725
464741632
464621652
464512881
464457859
464391191
464254745
464175337
463939629
463903869
463825086
463708406
463534223
463425978
463283798
463189801
463098118
463045823
462892939
462841316
462606034
462572292
462571312
462503868
462389211
462205967
462150996
462049207
461987556
461884253
461743202
461636221
461507686
461426940
461327255
461308978
461201347
461153665
461025647
460858654
460803299
460714741
460580050
460520796
460475924
460395482
460371498
460297798
460133441
460075360
459949012
459765254
459635641
459526318
459362774
459187354
459015941
458925695
458829251
458698266
458537271
458410114
458330921
458238564
458154680
457969646
457879975
457863378
457787086
457753885
457541594
457464727
457391581
457287044
457177821
457084455
457024074
456868190
456802896
456673952
456536366
456445158
456360449
456227830
456186040
456131627
456001191
455862285
455701560
455603132
455483324
455375603
455356640
455257080
455135853
455001061
454879673
454769746
454740958
454667403
454555076
454494233
454416794
454314158
454256889
454204212
454122387
454082399
454003122
453934440
453776519
453718303
453708346
453637172
453559395
453405592
453304572
453272898
453151010
452991343
452883976
452826849
452715550
452590184
452541231
452406498
452305687
452267372
452146783
452019580
451892864
451757588
451605937
451559277
451503849
451363333
451237333
451124343
450991227
450856849
450682759
450562333
450547299
450498092
450387389
450153360
450076247
449949369
449823184
449699892
449562159
449472817
449318126
449284617
449108463
449020687
448994852
448892721
448775700
448643100
448488607
448404884
448331411
448241669
448149679
448021791
447866974
447735291
447579616
447519409
447381317
447294079
447224349
447192229
447123773
447096876
446936780
446817521
446705771
446580658
446398534
446307338
446253686
446166737
446070772
445933764
445793729
445713058
445513854
445402263
445225015
445165325
445095636
444960126
444807640
444706199
444586979
444520654
444429735
444299078
444228361
444131637
444129852
443985274
443888744
443733796
443648519
443517189
443489441
443282704
443219489
443104669
443025508
442812625
442631785
442526113
442456661
442351742
442337039
442195533
442040297
442009543
441913371
441767262
441725490
441679833
441558120
441549527
441414390
441316705
441202790
441049758
440897923
440816544
440647134
440475892
440351623
440234021
440175892
440041872
439965394
439737465
439674149
439591258
439502628
439331470
439183919
439140783
439053763
439010451
438963578
438861338
438773049
438713385
438614294
438602179
438510079
438440677
438292102
438209720
438033245
437764971
437684765
437598679
437526021
437474330
437313069
437174801
437092168
436987607
436843361
436682495
436655623
436588131
436454191
436417976
436261420
436136384
435992924
435913936
435840902
435720456
435576099
435553788
435487769
435363349
435309225
435193495
435085690
434987854
434943433
434842987
434775111
434621008
434579456
434497698
434422763
434317553
434297539
434093511
433934337
433874111
433726013
433635954
433530242
433412156
433298708
433210103
433120119
432980036
432789728
432624177
432598811
432529591
432445429
432315055
432166944
432059815
431991369
431936311
431826782
431776074
431691878
431587152
431426003
431256454
431127607
430972822
430939349
430875261
430799530
430764429
430653515
430525784
430341792
430230491
430060765
429983493
429868973
429727746
429726181
429645701
429575345
429462611
429339328
429277064
429180889
429076713
428995489
428934233
428788947
428706968
428667016
428567240
428483402
428274478
428116148
428030674
427932818
427762863
427624870
427498646
427318624
427251907
427092953
427077135
427025238
426942708
426844054
426772283
426654144
426511666
426431611
426264840
426130418
426073788
425969294
425913347
425784342
425665866
425595871
425519549
425384488
425274368
425113740
425015428
424976326
424885166
424726644
424716279
424636702
424604926
424568783
424395064
424262142
424130360
423993915
423952971
423815590
423688544
423497771
423370134
423278699
423104785
422979687
422834639
422801562
422692865
422584385
422445072
422332138
422217801
422098225
422005585
421978942
421911686
421787079
421654116
421516277
421471418
421324378
421183944
420996653
420922542
420898754
420879453
420731243
420651014
420514624
420375409
420286588
420182215
420007709
419929579
419921679
419785322
419700670
419512899
419393920
419191070
419172708
419124584
419026882
418944436
418826719
418638504
418564760
418390829
418294434
418255057
418063468
417983283
417874042
417748180
417697808
417544388
417423408
417264071
417127047
416973958
416937672
416793105
416665304
416570217
416501113
416364983
416310234
416137596
415967429
415838648
415748377
415656380
415573119
415501898
415375681
415249027
415149767
414884420
414841804
414780713
414736454
414571490
414559285
414410335
414310085
414213438
414174334
414091269
414020896
413868099
413630034
413484015
413439661
413389427
413327330
413277611
413220716
413167068
413064180
412953986
412861346
412778439
412689264
412634908
412478958
412372833
412255803
412194274
412097890
411982627
411906589
411771173
411731182
411729665
411609620
411496572
411464350
411379312
411264864
411165860
410974789
410880547
410738803
410620903
410548242
410374720
410279403
410206818
410159330
410012560
409918837
409750970
409747077
409668438
409626991
409476448
409409150
409379288
409126074
408978158
408851777
408770770
408684607
408581147
408531406
408434482
408300248
408235652
408174436
408011132
407884558
407736967
407673797
407533289
407334070
407327125
407144490
406979944
406849678
406791028
406720051
406662385
406589252
406458653
406354231
406292221
406112277
406041648
405898894
405828261
405671059
405607699
405452908
405342806
405153012
405078827
404997374
404948779
404783470
404756030
404677942
404606043
404425658
404344840
404220204
404010283
403911935
403879574
403810294
403720403
403607988
403554932
403527784
403402608
403253610
403085423
402951836
402838378
402735130
402599354
402513211
402395350
402264782
402117160
401953506
401898784
401771854
401619210
401540156
401401124
401336737
401236984
401127259
401098925
400812808
400725822
400679594
400510224
400377398
400348347
400212905
400172724
400106003
399998603
399969158
399845317
399724689
399532015
399520824
399386165
399255410
399215461
399140028
399069595
398912656
398827391
398715034
398621568
398492501
398360073
398285809
398136578
397962244
397898709
397781240
397656910
397528945
397440080
397272856
397231509
397146297
396979338
396797739
396710663
396623414
396434903
396328719
396253282
396109987
395960098
395899334
395707066
395457025
395346570
395227165
395103720
395071753
395071642
394978809
394781149
394677619
394576120
394334693
394316426
394239970
394167590
394069312
393946824
393802462
393690158
393592878
393516802
393360834
393299869
393155610
393103194
393000795
392905844
392776819
392583091
392488483
392380067
392248551
392089369
391940647
391769508
391716143
391577909
391527908
391514829
391422943
391241982
391142352
391031908
390895263
390779960
390619432
390460422
390402396
390363890
390214479
390163414
390072608
390024603
389927232
389811987
389658544
389551479
389479214
389385720
389264283
389177270
389006321
388943548
388925429
388770495
388661189
388556183
388478823
388463718
388381668
388222616
388137329
387951246
387879829
387859481
387719438
387680329
387612642
387594401
387391803
387349555
387290531
387187944
387096241
386924588
386803823
386673692
386538631
386443337
386349468
386163856
386050583
385936212
385818121
385715894
385641684
385441253
385253431
385155852
385058184
384933831
384799944
384695514
384659767
384483605
384398716
384301002
384259693
384138107
384068520
383970652
383769035
383678988
383586370
383574993
383468457
383375651
383366118
383225803
383135245
383112083
382972760
382850631
382751156
382582582
382526680
382386541
382297148
382126052
382001327
381941910
381839061
381678039
381542307
381396016
381292958
381224964
381067015
380855168
380738936
380629287
380562721
380397321
380296142
380197448
380080782
380025504
379948634
379839419
379752416
379634774
379502279
379351047
379245943
379223191
379022553
378947909
378829646
378660153
378496526
378432226
378284361
378100479
378050842
377943778
377796027
377703482
377661127
377599154
377515801
377448474
377233459
377055191
376979472
376948376
376886473
376752708
376601641
376455240
376431647
376297715
376223401
376099654
375992494
375843807
375766125
375641502
375515675
375345599
375238735
375153298
375106414
374892868
374740685
374679570
374657500
374553294
374502661
374431620
374320066
374187914
373989887
373875996
373701728
373669068
373536005
373424794
373382914
373285156
373141870
373072954
372954688
372825164
372645878
372594974
372527138
372388712
372247613
372192654
372133234
372037408
371931004
371866986
371722019
371653794
371602232
371455834
371398824
371346578
371196834
371053170
370965246
370744578
370698223
370560326
370450515
370427361
370343031
370275329
370126648
370098421
369973805
369825985
369679812
369570651
369438477
369328679
369214944
369189534
369088423
368964469
368901132
368750528
368728600
368706079
368587373
368557406
368451094
368381758
368217468
368072295
367882720
367694172
367663671
367470503
367351318
367271017
367156757
367023419
366887566
366779178
366688906
366529438
366518142
366354622
366149713
365955035
365843736
365776816
365666258
365578155
365529687
365397886
365313692
365206048
365066832
365015119
364936786
364831212
364725529
364648847
364595993
364537978
364397555
364341168
364265068
364239069
364166545
364089667
364012671
363966130
363794563
363741679
363713328
363625341
363575979
363441006
363398838
363305636
363124357
363016413
362893667
362794894
362706665
362683966
362518691
362355051
362190753
362067802
361961048
361932223
361787929
361751160
361627980
361526849
361449448
361327399
361245886
361150970
361054434
360973693
360933746
360869692
360815129
360755278
360609333
360466672
360354311
360216655
360183115
360064294
359808201
359615101
359529595
359486952
359365230
359220875
359111209
358941981
358878734
358765866
358665291
358557190
358442112
358315173
358230003
358119595
357989821
357854217
357678626
357575606
357507369
357401536
357350136
357241430
357183807
357077134
356913118
356837227
356727903
356606780
356486390
356486142
356442317
356323017
356255394
356122184
356000843
355913335
355758267
355601388
355417658
355308111
355212482
355150403
354968867
354932721
354891327
354776451
354686604
354567443
354503095
354458498
354401867
354346111
354250301
354040874
354013657
353925180
353808168
353759670
353661086
353553923
353473028
353349600
353295849
353254535
353177379
353043027
352979732
352833641
352608733
352573244
352562298
352485757
352445095
352385416
352286612
352136227
352122826
352027284
351951844
351759327
351707969
351572943
351476680
351384567
351356624
351225331
351075893
350938343
350837935
350793257
350667166
350634306
350633361
350553036
350409759
350331432
350248251
350136163
350100456
350067678
349951409
349847695
349785697
349656327
349437402
349359918
349282161
349125641
349065278
348955239
348838593
348722752
348628853
348593177
348531024
348394454
348333237
348208093
348115055
348023770
347956638
347829316
347721106
347604055
347510961
347379216
347316157
347160938
347042544
346947467
346814341
346662730
346598851
346499107
346370608
346256596
346109249
345995401
345875307
345693362
345603884
345494677
345471193
345293421
345181872
345074657
345008900
344885163
344795363
344682485
344525017
344430632
344251511
344166445
344097671
343888034
343861255
343728583
343634184
343500897
343401348
343369453
343317331
343152086
342967492
342899138
342814510
342682290
342561988
342449734
342435740
342270679
342192892
342187059
342057449
342009146
341887999
341866423
341783985
341735941
341704427
341648960
341525261
341405961
341314564
341279911
341223701
341133289
340996932
340896845
340754885
340665498
340583523
340549735
340478634
340386034
340271995
340153004
340060129
339973619
339894814
339715429
339645262
339589026
339471611
339368037
339265389
339165624
339110145
338931104
338873734
338789593
338723260
338713167
338654065
338616461
338610791
338607463
338461767
338300786
338234912
338123082
338059374
338029018
337946056
337853952
337737203
337617493
337538059
337411860
337274589
337212112
337101144
336988082
336941808
336796554
336647965
336503005
336413864
336370486
336307131
336255141
336148035
336064646
336038234
335979666
335963987
335906707
335788705
335746866
335697659
335557645
335445701
335295484
335233639
335220646
335028877
334990094
334880389
334842325
334768000
334668294
334507162
334415403
334249808
334227814
334097277
333957814
333897505
333833932
333705931
333652926
333642375
333489029
333459816
333355131
333267096
333090588
333047958
332951670
332778328
332723583
332643705
332509416
332400438
332249526
332163703
332086014
331968529
331912983
331892548
331814535
331570167
331432132
331347919
331314426
331303938
331208394
331069162
331003462
330981953
330844271
330767264
330548355
330456866
330355334
330177733
329964566
329939854
329819714
329678128
329599536
329525338
329368751
329282426
329197123
329081376
329021619
328889786
328795056
328615504
328547680
328402367
328315985
328098071
327988961
327855524
327713918
327567219
327548604
327369849
327280858
327161021
327091104
326975219
326845436
326764551
326581978
326469459
326290571
326154799
326015053
325922486
325794094
325606699
325521788
325429013
325379665
325270640
325209969
325115866
324899947
324715108
324617909
324471660
324361285
324237101
324052647
324024283
323963216
323828971
323748389
323684743
323612020
323500392
323443591
323337515
323125920
322984970
322905595
322774189
322766456
322675546
322492068
322417858
322278544
322202331
322083901
322004869
321939049
321791996
321654391
321579918
321496082
321429999
321410752
321294888
321107627
320965183
320792474
320621679
320494740
320397820
320317438
320244774
320098999
320094444
320039221
319927222
319897279
319743320
319586450
319492773
319445056
319303582
319215443
319145638
319091991
318956273
318852908
318705037
318608180
318556618
318494919
318367324
318241999
318184766
318145606
318094615
318067763
317915992
317671605
317588392
317539597
317418755
317324744
317178125
317013279
316959135
316856222
316817578
316671355
316564897
316556926
316385293
316255792
316128937
316035322
315977869
315856049
315712294
315667091
315491138
315329236
315236602
315180378
315012057
314963367
314748381
314733229
314708958
314603307
314552834
314482769
314259423
314230068
314149713
314017363
313882667
313739810
313595080
313556321
313418148
313290664
313279921
313204811
313147820
313041225
312942390
312847103
312720134
312566356
312406535
312331710
312149700
312006934
311919470
311811858
311662663
311628551
311493609
311260945
311137359
311011173
310863202
310777852
310766642
310764549
310693480
310560918
310514996
310414919
310304597
310175628
310056297
310006831
309875837
309760155
309630620
309568965
309510897
309455278
309429556
309400324
309380445
309177401
309017156
308964565
308888678
308728113
308685223
308517807
308402706
308363683
308315276
308187869
308054779
307915588
307760249
307751988
307580413
307514904
307308404
307168667
307069128
306967721
306895880
306856123
306760932
306675005
306642035
306582341
306396583
306270773
306106798
305971524
305931592
305879372
305816573
305754560
305646339
305442125
305282316
305115956
305044042
304981245
304858490
304791471
304645729
304595642
304465529
304368847
304272123
304195137
304077265
303993121
303929266
303790212
303726863
303655652
303469758
303350837
303205378
303092914
302981731
302915828
302899151
302825360
302697350
302621991
302550975
302430349
302369374
302247230
302177797
302070581
301918304
301803444
301781733
301680460
301556810
301465278
301390582
301282459
301132563
301059631
301012255
300868543
300810495
300676163
300532735
300405379
300356480
300282336
300120674
300053610
299949860
299815609
299758548
299659616
299513797
299436072
299386331
299278786
299198024
299158505
299086320
298937195
298849805
298778358
298694158
298626850
298542990
298447303
298309536
298223744
298096695
297958821
297927011
297854597
297650782
297534721
297343354
297164019
297038744
296943193
296869289
296779195
296768172
296716149
296591542
296451748
296380384
296305631
296202813
296128560
295980591
295886969
295852893
295716357
295622919
295482391
295345232
295259625
295087491
295000178
294874275
294805054
294618757
294541545
294439357
294301889
294211137
294078611
293983572
293897822
293844014
293762562
293608548
293475085
293361785
293294730
293153699
293012933
292870848
292781864
292664212
292622453
292513007
292406587
292281893
292224880
292147286
292004206
291864869
291733196
291645849
291580927
291483703
291465228
291421974
291372484
291359836
291352665
291291460
291091997
290948806
290842751
290752952
290659049
290561688
290515346
290465680
290446491
290443254
290382370
290264324
290129154
290033990
290024907
289879200
289672652
289565343
289513978
289377125
289302406
289240443
289144824
289128944
289018996
288954441
288813494
288717419
288673317
288626017
288564109
288401214
288265567
288149274
288070881
287996462
287802909
287669797
287568780
287376340
287321893
287319447
287206294
287099590
287095765
287021010
286958067
286864595
286798016
286661860
286585956
286497433
286368604
286207630
286132889
286079347
286003180
285854973
285739006
285625524
285539550
285509712
285349699
285344631
285250757
285224122
285049057
284901581
284828652
284750713
284674373
284628289
284536853
284358036
284233813
284174755
284102718
283975903
283838519
283709037
283505765
283426034
283347395
283243621
283187770
283072302
282861286
282785551
282696900
282666999
282534347
282531803
282441032
282361979
282235373
282107804
281991192
281840600
281815766
281682383
281554895
281501290
281448594
281371927
281236880
281148874
280983661
280816551
280739808
280602579
280540195
280428079
280360194
280299251
280211906
280165879
280061945
279974859
279801964
279601302
279550756
279460969
279335001
279199693
279121121
278981179
278939527
278837578
278788910
278648692
278555101
278493045
278445703
278412307
278296304
278167291
278108608
277947493
277866608
277696775
277523123
277453868
277299109
277210915
277066684
276966741
276854838
276740874
276629654
276614208
276515998
276333385
276293393
276211649
276109088
276032894
275878333
275777643
275740579
275573610
275509322
275415739
275367660
275330447
275183353
275141682
274984898
274881655
274712189
274699911
274580662
274487139
274321599
274194450
274023380
273844563
273653402
273569110
273532162
273452164
273287710
273225091
273212079
273174658
272970139
272918235
272838498
272677290
272602482
272506852
272469019
272404897
272279509
272172042
272053579
271925189
271861715
271746208
271621991
271518630
271424191
271296684
271235956
271180615
271113608
270921836
270841840
270639616
270537324
270365052
270347279
270232494
270095314
269985207
269875011
269695795
269637050
269589737
269492627
269251937
269212414
269109041
268921527
268880138
268803112
268742319
268612154
268443367
268386233
268303385
268303330
268273964
268125547
268115393
268106095
268006507
267880154
267719447
267656870
267607516
267466139
267342873
267254330
267168928
267056878
266949345
266906546
266797025
266719998
266632490
266504537
266446883
266329783
266212017
266102059
265938062
265879475
265767599
265760018
265641960
265513543
265415067
265303682
265150306
264977962
264963015
264863791
264750423
264675411
264563731
264450304
264303122
264177528
264024035
263914537
263857621
263731502
263648467
263572291
263411847
263286248
263133357
263065323
262901902
262806599
262750221
262742436
262673121
262618815
262452411
262396454
262243234
262074330
261933221
261813930
261758828
261670201
261543641
261536243
261471878
261403914
261274723
261156438
260984991
260850173
260741649
260635902
260530309
260353531
260228807
260164521
260128544
260122551
259979345
259896479
259783149
259708338
259571353
259339961
259226732
259130891
259039871
258938174
258822985
258678295
258582023
258502828
258453866
258398151
258252051
258112325
257906460
257868343
257775889
257625923
257508644
257390435
257272592
257199803
257116984
256989289
256878867
256687433
256571548
256455638
256325065
256266125
256195543
256156236
256079627
256006480
255989952
255917973
255859347
255661184
255583232
255555437
255351225
255244777
255165626
255063605
254944995
254892836
254835868
254746447
254674638
254657992
254566300
254408965
254278290
254176136
254023605
253895682
253690639
253506446
253451249
253334692
253223962
253120825
252938485
252836163
252767314
252712060
252564602
252462059
252318719
252193812
252082076
252013081
251945054
251805483
251632559
251510029
251366724
251268266
251165713
251120295
250950459
250912608
250780137
250727085
250626071
250585311
250476385
250351168
250255706
250145288
250094113
249991974
249887673
249789635
249711986
249592750
249436390
249397557
249262938
249168208
249106271
249017039
248882163
248761186
248722617
248558831
248503288
248365011
248291062
248177892
248141765
248092593
247980736
247818510
247745203
247671988
247481266
247477036
247357386
247274836
247171229
247069172
246970466
246881677
246801897
246690549
246574636
246558585
246470697
246342894
246153752
246043042
245957237
245899667
245897276
245777952
245612096
245470725
245376647
245292445
245131726
245017447
244864759
244797889
244771668
244637006
244612074
244536523
244482209
244439074
244353705
244272445
244150721
243963122
243893799
243808268
243730067
243572246
243527095
243340086
243292795
243214206
243033258
242936883
242759273
242713153
242617786
242573159
242487577
242448921
242340561
242114259
241969414
241801716
241696382
241613561
241447162
241319663
241201747
241113653
241042279
240869765
240790334
240737170
240649380
240601916
240448803
240375530
240169471
240000295
239883128
239802142
239671087
239641622
239530225
239403132
239348841
239283542
239080706
238951687
238884480
238722193
238647382
238470439
238348997
238325040
238201974
238088062
237993311
237806193
237744730
237650725
237573507
237449174
237384854
237256646
237142425
237064522
236998692
236957400
236811012
236658895
236562941
236310419
236184302
236055108
236015321
235890850
235823759
235642776
235559208
235473323
235374861
235288566
235214184
235208079
235161320
235105058
235098715
235023503
234887712
234861439
234737866
234539964
234426262
234389055
234269182
234163439
234042840
233933724
233848761
233759176
233618860
233399126
233277261
233242621
233090882
233010612
232926881
232806431
232750708
232610223
232492646
232423348
232247832
232156318
232149393
232002489
231815210
231688817
231664057
231541835
231511524
231374302
231303189
231298110
231151533
231053538
231007286
230917631
230691298
230525076
230424152
230222355
230098023
229968763
229918243
229818229
229779778
229739361
229624017
229601501
229594594
229511575
229397664
229250437
229236522
229155925
228992127
228779409
228766546
228592708
228517074
228401884
228177285
228058023
227971495
227848144
227704807
227585993
227396122
227295873
227199268
227089932
226983443
226876152
226738217
226560919
226498127
226436122
226390246
226302426
226102904
226029762
225875914
225772536
225662358
225515514
225403453
225311249
225242916
225135430
224995664
224941855
224926017
224784777
224629262
224477887
224470089
224353668
224334300
224162944
224066295
223963662
223840394
223674469
223663535
223521080
223371341
223222821
223100234
222992569
222677141
222574662
222395013
222257154
222197758
222016633
221913479
221857842
221757300
221702070
221538443
221365298
221308013
221189990
221080116
220869772
220783892
220709295
220589242
220461180
220357619
220215263
220158648
220093747
219969595
219852215
219740778
219622971
219488282
219405228
219302071
219184810
219081755
218923483
218775448
218598936
218583182
218441180
218365811
218349001
218262324
218198775
218130684
218040928
217933714
217737512
217599485
217366847
217252754
217215232
217079285
216988080
216890402
216768203
216622326
216571826
216481039
216372638
216290706
216059178
215957011
215805845
215704595
215591525
215514113
215351451
215156846
215053541
214987315
214928529
214871619
214783682
214654708
214589563
214419798
214356275
214227448
214033857
213936309
213753222
213659933
213533360
213308506
213148324
212999099
212891027
212761796
212702472
212628633
212511055
212421179
212300042
212170008
212079849
211979989
211875060
211783903
211654083
211538988
211365633
211287535
211161039
211027627
210937519
210866567
210800030
210731982
210613590
210531883
210447069
210350689
210223799
210134390
209984655
209955686
209856241
209644754
209558535
209448224
209417192
209306393
209193253
209146398
209041120
208979393
208790079
208754696
208738984
208634171
208554936
208455605
208381727
208213871
208070655
207945216
207783519
207703276
207596594
207475453
207372494
207272285
207128770
206990579
206866974
206766484
206639836
206473718
206379500
206189762
206115078
206045068
205857806
205849531
205780780
205699752
205517010
205410937
205396681
205351036
205232657
205075013
204983882
204846743
204737093
204735221
204615239
204500994
204456700
204357357
204202235
204095231
204060964
204008487
203928390
203854374
203728532
203645611
203606476
203341785
203309629
203184936
203071966
202809251
202680448
202552417
202527470
202389673
202266424
202138475
202047502
201956081
201866667
201675097
201640331
201557364
201394995
201288184
201155462
201075318
201019101
200887695
200809554
200764152
200604377
200486025
200348758
200142551
200035040
199956521
199914995
199799408
199702541
199637886
199526570
199496603
199354918
199241220
199148484
198993445
198987434
198919154
198760231
198669491
198637609
198594511
198511407
198399699
198334606
198265678
198153019
198086794
197986954
197958551
197848264
197727294
197564703
197502035
197432911
197310386
197213296
197104125
196941773
196831603
196759415
196714078
196636820
196418523
196396223
196315164
196216776
196039018
195986706
195910256
195784827
195657486
195576151
195492577
195407990
195329190
195168416
195080742
194964684
194916035
194873112
194695200
194561071
194449185
194216465
194083433
194000171
193861907
193817982
193680893
193578984
193532534
193374036
193294369
193250849
193189794
193136107
193066404
192974887
192853313
192720935
192557899
192444737
192281402
192157678
192096786
191977714
191918023
191765879
191723488
191542708
191403405
191369130
191279187
191249399
191141306
191037587
190913244
190785480
190673684
190579854
190498542
190425098
190274823
190121493
190060966
189940178
189896260
189747054
189567404
189452917
189358224
189214792
189131335
188972731
188827436
188704224
188663531
188538021
188463457
188419156
188270945
188150827
188019757
188004424
187863495
187772490
187633064
187620500
187516528
187492466
187458247
187395142
187313831
187182658
187076967
187009062
186979028
186915564
186726770
186671533
186554087
186492205
186335356
186253014
186125033
186031661
185949520
185839157
185715779
185647544
185616243
185503538
185416645
185322755
185246481
185091886
185068076
184935958
184858472
184782019
184695449
184589840
184482678
184395403
184285549
184222145
184147242
183970612
183824573
183726556
183678580
183575254
183484688
183343879
183139319
183040025
182926015
182868076
182805421
182714661
182670238
182548835
182392757
182294391
182223113
182025608
181935541
181749997
181734933
181625811
181468889
181362033
181238785
181172889
181001181
180851568
180846494
180797878
180634765
180485099
180361511
180138823
180017669
179966183
179819746
179737976
179586255
179526868
179357732
179327402
179223467
179095208
178941033
178733123
178628809
178517763
178465403
178258710
178105879
177950471
177886018
177753716
177670106
177571820
177436116
177293023
177179785
177080918
176927001
176879097
176640380
176610469
176484587
176474805
176376587
176315273
176264198
176215912
176160764
176091709
176033468
176005382
175976904
175919944
175777571
175741271
175679675
175541597
175476208
175359402
175244566
175113982
174954395
174904840
174857410
174810212
174694225
174572497
174442836
174288834
174136835
174035828
173944284
173849074
173764631
173634491
173603882
173571154
173472234
173361679
173287751
173152501
173071751
173058300
172969691
172844381
172707905
172541333
172432378
172326188
172300218
172189176
172164854
172035068
171875300
171708359
171613346
171480080
171355927
171338855
171237944
171141850
171125078
171082853
171014750
170856839
170710454
170607740
170521181
170402502
170362443
170239365
170182325
170114763
170031006
169940288
169789389
169737090
169694939
169604936
169511120
169473595
169382649
169257040
169124163
169035297
168883488
168716623
168653697
168547490
168467448
168321976
168229447
168073349
167980924
167831702
167682632
167677286
167543752
167447149
167359509
167257831
167129937
167089544
166990464
166762479
166725890
166611118
166547406
166428887
166332306
166257912
166157459
166106387
165971918
165955781
165876988
165801523
165696650
165675180
165525643
165481594
165464477
165287480
165226455
165100983
164981699
164906170
164841091
164726331
164579082
164491175
164351707
164246797
164212581
164081648
163967084
163852554
163663138
163654504
163551995
163378556
163282789
163180864
163069802
163019706
162808347
162696027
162549404
162449127
162336435
162304962
162193262
162120525
161976719
161955832
161875624
161774190
161650915
161577434
161518751
161355456
161274988
161166371
161116450
160964081
160865150
160776670
160741569
160696249
160549353
160395426
160285017
160144097
160027063
159970610
159782004
159610390
159551197
159452267
159397647
159391854
159358212
159283072
159132947
159115591
158964832
158825282
158720043
158627057
158519730
158437275
158347427
158284150
158178620
158110431
157978304
157862994
157722370
157570519
157483063
157415583
157329205
157190209
157078403
156962879
156799623
156739730
156561100
156487737
156443545
156435492
156346651
156194992
156076875
155985857
155881375
155792906
155544495
155489942
155335926
155270208
155131600
155103083
154987398
154963729
154798089
154640464
154581039
154496405
154340654
154192475
154135354
154064155
153949960
153807410
153729679
153586538
153455004
153335318
153171331
152970047
152876772
152769146
152673411
152604227
152559254
152418296
152356180
152191319
152152146
151985236
151842056
151675675
151456538
151343457
151276305
151168652
151022774
150946112
150825469
150589814
150476469
150389425
150230240
150135967
149935778
149876447
149700558
149580430
149422358
149338668
149270275
149219664
149184104
149112069
149066556
148964360
148879297
148817730
148717315
148571616
148423806
148339814
148288950
148196700
148100590
147950174
147790366
147694664
147597203
147474653
147467886
147406708
147245380
147135415
147091710
146976724
146938641
146683638
146598290
146504612
146428628
146278929
146123837
146005656
145933329
145860327
145775067
145592664
145567795
145488415
145381139
145313428
145178574
145033373
144918707
144837504
144759124
144624445
144491436
144441201
144319545
144260580
144250970
144225090
144172277
144028819
143923973
143871874
143758813
143605305
143493111
143364264
143321875
143226968
143135167
143120681
142965618
142900873
142765258
142649492
142559259
142524069
142463141
142396938
142368359
142320302
142225947
142083002
141958603
141814222
141638346
141544754
141437984
141339923
141308548
141200778
141085156
140978853
140868419
140737635
140588099
140473823
140345074
140226977
140156585
140112517
139984566
139912325
139728300
139643329
139570954
139440713
139393645
139289319
139153008
138974789
138847042
138739445
138608907
138487432
138382879
138328378
138172474
138105117
138094967
137974374
137837153
137795584
137691168
137562508
137470001
137329342
137184806
137122445
137003697
136813257
136762941
136720718
136671636
136537926
136456823
136353161
136256281
136187838
136138269
136006290
135909473
135814924
135767509
135609152
135517584
135497722
135392043
135299580
135161557
135019184
134862806
134767583
134663724
134591300
134467679
134361047
134183436
134155076
133963566
133853095
133754797
133698639
133541554
133455090
133357800
133213727
133010231
132887562
132733424
132566264
132396806
132329397
132217904
132158206
132061793
131996262
131920593
131803843
131621676
131521240
131415993
131258622
131129162
131062739
131003311
130826867
130751002
130644095
130549171
130406075
130240905
130191821
130045696
130041248
129968227
129822745
129652946
129561156
129493226
129445347
129320929
129268366
129221700
129087924
129020744
128923508
128838609
128767514
128686163
128607707
128547642
128466820
128342756
128239874
128076072
127941012
127856300
127840211
127649796
127493044
127491978
127455345
127377367
127321303
127243675
127124845
127081205
127011885
126898204
126759487
126645912
126541164
126403977
126335395
126215682
126081804
126022001
125849643
125740881
125587897
125531075
125447181
125240827
125097500
124997539
124930932
124767463
124676828
124651511
124563941
124457527
124334405
124153773
124031670
123760864
123530066
123409670
123347393
123301887
123218819
123086630
122976805
122869799
122708958
122515312
122429859
122404004
122300680
122225168
122145414
122032750
121959243
121900916
121735021
121606395
121533644
121355319
121170248
121040591
120893927
120820081
120762800
120639630
120476870
120447794
120335759
120188419
120100086
119980493
119885209
119745860
119671965
119563515
119546502
119423465
119357267
119242351
119180201
119045380
118877432
118773703
118633315
118630889
118542388
118496218
118397719
118224719
118096991
118040084
117953881
117830578
117714605
117661399
117601212
117543762
117425837
117350809
117218947
117108996
117086074
116911663
116894193
116789735
116668368
116623072
116575076
116436370
116327460
116162311
116066367
115870016
115833743
115777755
115730985
115611091
115488464
115353394
115342695
115320048
115282699
115170803
115026367
114908936
114728564
114670705
114621486
114487850
114451640
114332242
114203296
113969110
113869701
113792194
113742032
113630309
113527406
113526071
113451733
113354314
113283957
113171354
113047797
112955251
112835041
112686539
112485127
112375685
112251099
112248602
112094200
111900600
111774713
111627213
111514958
111320438
111127711
110991270
110867493
110657680
110602190
110456345
110352296
110303956
110144511
109987188
109960885
109827838
109714684
109523103
109428312
109305874
109209490
109148625
109101489
109022611
108994451
108942098
108803199
108749179
108637833
108531718
108381321
108379547
108275222
108225603
108068263
107982405
107910973
107794353
107669341
107629429
107499204
107387403
107297518
107133196
107054568
107000476
106820269
106780452
106737200
106588290
106467442
106326531
106276911
106172645
106040555
105900667
105839515
105739577
105548080
105417295
105410972
105369838
105288603
105210151
105114768
105008892
104907698
104798136
104651492
104518580
104452760
104383409
104230229
104192765
104064784
104000443
103861340
103798178
103721262
103621939
103486966
103327737
103241759
103122772
103052243
102982753
102863370
102826947
102757876
102663686
102638988
102519830
102367681
102231795
102051112
101856718
101745998
101662980
101559475
101545250
101361744
101361268
101264176
101075595
101054331
101015334
100919888
100797958
100654031
100458253
100271728
100134938
100070202
99992594
99852350
99659006
99540067
99444971
99420781
99272962
99204355
99158381
99050547
98940271
98819742
98740481
98648727
98543085
98430041
98282762
98133869
98029419
98024357
97873134
97775586
97619577
97432042
97390538
97311119
97295210
97269162
97230408
97186920
97185660
97076202
96893513
96736090
96648850
96527014
96456756
96362375
96309965
96230979
96197265
96070304
96005891
95886488
95796031
95700119
95568635
95478953
95408319
95347833
95134607
94971421
94840068
94767310
94605701
94436865
94303474
94179117
94002579
93965085
93925796
93823953
93660110
93501371
93326772
93253951
93114016
93022970
92793883
92709587
92580807
92434189
92418925
92338776
92244634
92075742
91984239
91869793
91798962
91614986
91502189
91407440
91282413
91177081
91102446
91010085
90866194
90711196
90654124
90552116
90498068
90372218
90241613
90130197
90054401
89949600
89846744
89758801
89725388
89680299
89471382
89334751
89141031
89026201
88927367
88776616
88575472
88473046
88446442
88345160
88280417
88184891
88044413
87907520
87807668
87684577
87506845
87413279
87262941
87183961
87165812
87067319
86935575
86845845
86702090
86545379
86405657
86314448
86261767
86210770
86179417
85964062
85856514
85772366
85709149
85558292
85548039
85413306
85289361
85178444
85063998
85015984
84946257
84798534
84642022
84579564
84467138
84330797
84254259
84145535
84135315
84052318
83967133
83869277
83755486
83650492
83558604
83514140
83379481
83285168
83170259
83122104
83005798
82938867
82849351
82735576
82675190
82444463
82413118
82329552
82156510
82059195
81923597
81779975
81689561
81569961
81454249
81246137
81197705
81140950
81018227
80910635
80816718
80658177
80573458
80548035
80518618
80386549
80196399
80089221
80082629
79933362
79825061
79752210
79689460
79607258
79542394
79421357
79257693
79111502
79017178
78966170
78889987
78813200
78672124
78644689
78599723
78528035
78347294
78165986
78062070
77952510
77898311
77829679
77727732
77585379
77480302
77456419
77386613
77258919
77220601
77166727
77114802
76950320
76732657
76639514
76552448
76415866
76314007
76307804
76242793
76040196
75851090
75836828
75719771
75603642
75450342
75356094
75214122
75057059
74906184
74819477
74689877
74529970
74460245
74307588
74204832
74037685
73852044
73742366
73626292
73519645
73457986
73304381
73273641
73205827
73001037
72846774
72730796
72629280
72565980
72446421
72348819
72184789
72099130
71934457
71838640
71763190
71588712
71519460
71480817
71324212
71211041
71165176
71012000
70851966
70709251
70617061
70437607
70287335
70271939
70155109
70065260
69868242
69825945
69728520
69626198
69557841
69453831
69249054
69164320
69133178
69054286
68954942
68812650
68777752
68731476
68621273
68465967
68294736
68154041
68035523
67943414
67881432
67674719
67583562
67479725
67391130
67342844
67194359
67151678
66987387
66908918
66872607
66769290
66643652
66457321
66338543
66233289
66088135
66068314
65976699
65931642
65838108
65782267
65611716
65530428
65489841
65300001
65262184
65147713
64997756
64889074
64804288
64740123
64714062
64616230
64496185
64482793
64385138
64196718
64044327
63993297
63947812
63895443
63713292
63554484
63531031
63336682
63223555
63117320
62949214
62839752
62714722
62520434
62378635
62249619
62166735
62079825
61856419
61774813
61694520
61562611
61405091
61295387
61155383
61106287
60936317
60895043
60724230
60531820
60380463
60218606
60161679
60030344
59847516
59804733
59753593
59656780
59570745
59484975
59353243
59278259
59201527
59042420
58938397
58802001
58684417
58611156
58510999
58445524
58406789
58322062
58216939
58150214
58091943
57943454
57796023
57745401
57707004
57591029
57560808
57420227
57275341
57182614
57125012
57111197
57030067
57007052
56848733
56742242
56521688
56436959
56324346
56195091
56115279
56013076
55810699
55788731
55627801
55477440
55300680
55174641
55019417
54901214
54670533
54658210
54581945
54428578
54294133
54272553
54210252
54083977
54020405
53909365
53794456
53715116
53570919
53493235
53347896
53294235
53203304
53056222
52970275
52898797
52801204
52731048
52644771
52539998
52418082
52340552
52208870
52136662
51994300
51887477
51794981
51642007
51574702
51567741
51480663
51379826
51248490
51239020
51118597
50958646
50801967
50656378
50499696
50406164
50284573
50204923
50162299
50083079
50072197
50039773
49928329
49860783
49711978
49579268
49493019
49351345
49266867
49110748
48959765
48917713
48856765
48776593
48698275
48555927
48411812
48281891
48194633
48033689
47942657
47777693
47669204
47545898
47411992
47259370
47197187
47123106
47058457
46921005
46774923
46733462
46641507
46550180
46466687
46373306
46306832
46194000
46150514
46033139
45866005
45796933
45711832
45568544
45515655
45379457
45323861
45277772
45193440
45136462
45119613
45076529
44931890
44772047
44611490
44584983
44514251
44455353
44373520
44192321
44047105
44043456
44027718
43932208
43862463
43805637
43776106
43666932
43599967
43505003
43387307
43232005
43154937
43066955
43000997
42790758
42654363
42601810
42574409
42375188
42364134
42317239
42179339
42059745
42024942
41848708
41768607
41650447
41581731
41489342
41367824
41285001
41244140
41162641
41100003
41023473
40905786
40794683
40674296
40558629
40369421
40222286
40040438
39904623
39764106
39694938
39543788
39375391
39274427
39123696
39030473
38961156
38825896
38696156
38596594
38447338
38326569
38152979
38134862
38053871
37940133
37795594
37659083
37633220
37392672
37311691
37215733
37151448
37010470
36930417
36814963
36761267
36741033
36660796
36543500
36458564
36368142
36210577
36122762
36107045
36001433
35890960
35840539
35651639
35533945
35440738
35340781
35284086
35251907
35068181
34958145
34870115
34863900
34784408
34707208
34695391
34652514
34459637
34354875
34258935
34218160
34198180
34138417
33994291
33833849
33740146
33651282
33563900
33473845
33379962
33229211
33056696
32946203
32843860
32652200
32587152
32437149
32316093
32276020
32239484
32099178
31958464
31840121
31626031
31478479
31370893
31269083
31109877
31037140
31013464
30911999
30887045
30834847
30656655
30577359
30403145
30332155
30231356
30185685
29996404
29962850
29873206
29841662
29731547
29663095
29582141
29482722
29291413
29180933
29122449
29010383
28927142
28862141
28804188
28606369
28483692
28360291
28224900
28182208
28039809
27894170
27780384
27669706
27539752
27444852
27324270
27229356
27106759
26994859
26901255
26820228
26755864
26673872
26619529
26509890
26416169
26256251
26172693
26050384
25986775
25859267
25674522
25626649
25492627
25447511
25423966
25319778
25243285
25155809
25000297
24943412
24834072
24805953
24590853
24474967
24397424
24378554
24311916
24145328
24038750
23812618
23666071
23517484
23466110
23423467
23256411
23108783
22950905
22813470
22675308
22568076
22401025
22323424
22184548
22065862
22004959
21923417
21867341
21814678
21791735
21726347
21620507
21461707
21387555
21183732
21083635
20927035
20807252
20707484
20640353
20499546
20341204
20319699
20166859
20074468
19958123
19922655
19842967
19786563
19557933
19493497
19405043
19225071
19136081
19033126
18931398
18717637
18686859
18529686
18471768
18423974
18292499
18186316
18045679
18040047
17924069
17914633
17821783
17785932
17741668
17653381
17598533
17474190
17342150
17293027
17233118
17164228
17118197
17020892
16951918
16813521
16718361
16666800
16511649
16425666
16335656
16265418
16221001
16136410
16045369
15900417
15865784
15717286
15673040
15527869
15398033
15213051
15120783
14953975
14838743
14669958
14628868
14556765
14431927
14248549
14181174
14002933
13889644
13766238
13613149
13476497
13280477
13201578
13127169
13038140
12947525
12857723
12814655
12713380
12513826
12425609
12382166
12272402
12226486
12184843
12088755
11966168
11756180
11678733
11575673
11513745
11421856
11367765
11260193
11163826
10973253
10843403
10714267
10649017
10513219
10330069
10169619
10043063
9894041
9861919
9688687
9584488
9428299
9308897
9142218
9064771
8892787
8799699
8684776
8618322
8539583
8493987
8334577
8167048
8044311
7879443
7680084
7646164
7523473
7390704
7263645
7157898
7053508
6996832
6928243
6849141
6748224
6605846
6460408
6296416
6209446
6091981
6019667
5941135
5835377
5802455
5712996
5589508
5433442
5367881
5290060
5168396
5045789
4962155
4769552
4648821
4462677
4425170
4342128
4270606
4183187
4026469
3904380
3773040
3735828
3718004
3610957
3547716
3457449
3418456
3374073
3235408
3075285
2933915
2870635
2794384
2632288
2498103
2349289
2279746
2185329
2156501
1982308
1818474
1761512
1629015
1504938
1503658
1480758
1377549
1289689
1171271
1078815
977225
913774
768479
628538
598787
490212
465970
350283
294251
180501
