2147429519
2145236492
2139456811
2139054496
2137029509
2133922741
2127508995
2120233462
2116299887
2111547846
2110707530
2109735715
2109479722
2105709002
2104653885
2101904847
2101869215
2098139500
2098108411
2097997014
2097337600
2093976091
2093570627
2092790263
2085158547
2084792209
2083694130
2082255562
2081051767
2077380349
2071161048
2070750936
2067762714
2067441148
2067440749
2062596287
2061296041
2054339562
2049805813
2048960768
2047170107
2046990722
2046316922
2044030510
2042503085
2042044942
2041827312
2039726377
2038677574
2036820778
2036168488
2034600695
2033813851
2033050258
2031753438
2031532802
2027848549
2027696660
2025643751
2023442224
2023340128
2022810135
2022635228
2020902687
2011718749
2007917214
2006071576
2003808174
2002610181
1999817031
1997628976
1991709937
1991001216
1990759591
1990449237
1987163173
1986730866
1985696929
1985048497
1983824186
1981391223
1980847595
1980415939
1978846336
1978538607
1978123511
1974879766
1974725088
1969841884
1968478032
1965420827
1961978379
1961215003
1958399310
1953680319
1950109847
1949090791
1947327302
1946219175
1944948611
1944875088
1942631581
1940243933
1938314729
1935885434
1933810017
1930124504
1926535812
1925229551
1924692188
1924566307
1924071735
1922469860
1921984156
1920189683
1912344142
1908197954
1904166639
1902938965
1901922597
1901139193
1899103373
1896909272
1895911003
1895339594
1891461213
1891308233
1889980854
1887643641
1886862276
1884500180
1884414833
1882084658
1881450876
1877117362
1875345254
1874906880
1861078901
1855567842
1854732333
1851341335
1850797950
1844004903
1842757693
1840689059
1838873444
1837751669
1836602123
1836338172
1836305460
1836055798
1828687543
1826684079
1821836605
1821827233
1821071654
1820450021
1815603484
1815001815
1812401285
1809114862
1809088997
1807755070
1806568378
1804884862
1801894616
1801876921
1796847221
1796642812
1796629647
1794131669
1793814551
1792514827
1792421508
1789837193
1788399971
1787608572
1785519559
1785033250
1778135574
1775014388
1774833388
1769619977
1767228869
1764391013
1762078694
1761274649
1759640412
1758482449
1757301074
1754728588
1753712083
1753207171
1752122710
1751057226
1746875459
1745334317
1743853580
1736710348
1733790043
1730555313
1729806075
1729024028
1727128003
1727044658
1724563332
1724427407
1720770195
1719267111
1718558855
1718239005
1717375817
1714825752
1714815444
1714408206
1713988714
1713811008
1712735975
1711138544
1710996072
1708379134
1707071383
1705556834
1703635127
1699965746
1699808886
1697478586
1696397085
1693775189
1692378907
1692301047
1690242828
1689975940
1688937429
1688461480
1685279489
1681211866
1678520508
1672696542
1672689858
1671109501
1670733189
1663269686
1660939857
1660201334
1655032543
1654687478
1653723850
1651654039
1649356067
1645484653
1644248392
1642436906
1640414294
1639596870
1636655849
1636024122
1635379778
1634336852
1632538400
1632287901
1631862761
1627751725
1627209384
1623844163
1621464644
1620633187
1618479846
1614845728
1612926389
1608791707
1607174428
1606567740
1602044874
1601527024
1593912895
1592239714
1590790584
1590619860
1590551855
1590089369
1588620192
1588324000
1585761993
1583806984
1583670703
1576912546
1574815396
1574260292
1573960893
1571110727
1566628141
1560805001
1560795755
1559793611
1558633553
1555243769
1553617139
1552379723
1550480401
1549158662
1549072452
1546947918
1546007424
1545762376
1544591652
1543639182
1543311090
1542355870
1535454407
1526670861
1526222493
1526120874
1525759779
1523863169
1519823985
1517479440
1516730464
1516101733
1515609668
1513570442
1512225619
1507840349
1507191649
1504942947
1501670536
1501089148
1500318162
1499912524
1495687819
1492467806
1492170888
1490335875
1488105880
1485326495
1483924132
1477971367
1473691491
1472726150
1470875572
1470039890
1467144717
1467032509
1465788989
1463311260
1463212618
1459829915
1459519716
1459510809
1459257568
1458678075
1457420167
1455378422
1455266286
1447754621
1447095480
1444339100
1437879908
1436488326
1434818763
1430532955
1430396764
1428597341
1426564978
1426305123
1420250447
1418686871
1417269609
1415116340
1412697729
1412590982
1411268345
1409266081
1408209369
1405551972
1397553931
1396185789
1395144441
1389237366
1386347239
1378446797
1373475320
1372507708
1369622234
1363943139
1363914591
1360371284
1360062176
1360043934
1359864266
1358213024
1356741439
1354510020
1354002831
1353491799
1350196340
1349582337
1347127500
1343974451
1338517407
1336692896
1334950165
1333689428
1324896451
1324410004
1322974372
1322270649
1318549013
1311346800
1310912020
1310589843
1310278447
1308749784
1307657366
1300775732
1296184269
1295553198
1295019054
1294572456
1286750047
1285292715
1284243537
1279066780
1279024989
1278885734
1277150790
1276356476
1275706832
1275123010
1274733609
1273554670
1271002870
1270357153
1269749184
1269306477
1267434960
1266543357
1263584825
1262434672
1257764243
1254097305
1248828191
1248497721
1247135686
1245386317
1243337789
1243120139
1240234738
1238330116
1229825235
1229725840
1227168239
1224653662
1223309797
1222352312
1222334649
1220552049
1216645678
1216119421
1215510823
1214328148
1214211693
1213351039
1211742572
1210921638
1207675653
1206262135
1202305627
1199809394
1199536854
1193574424
1191677569
1187547424
1186528964
1184549435
1183755901
1183168037
1180862888
1180500096
1176288599
1174840761
1173868576
1172595490
1170131876
1169250459
1167957586
1164962568
1164744705
1163245095
1161963749
1157094298
1156368341
1155796563
1155502444
1152211247
1151930154
1150683438
1150604515
1146624434
1145493779
1143780807
1142709309
1137248832
1135237915
1132694082
1131916133
1131516804
1127835918
1127501528
1126665079
1125996907
1124335482
1122815102
1122103444
1119269998
1117990196
1116609255
1115531992
1112991710
1112775562
1112641995
1112157830
1111929382
1111022821
1110077803
1108668791
1103722543
1100209068
1094327071
1093375580
1093300316
1093163057
1092742832
1091096886
1089542629
1089219738
1084809342
1084555843
1084475376
1079531894
1074496969
1070306201
1069798992
1062454270
1061849529
1057229507
1056670636
1055440806
1055299702
1048024008
1038903239
1037248984
1036926315
1035860471
1034245905
1034006182
1033033315
1032486771
1032451208
1031909071
1031271679
1030361449
1029865064
1028483624
1024279151
1019458724
1016142874
1015379315
1009297995
1009191557
1008457051
1004177089
1000607828
1000309311
999692823
997921764
996196491
995781010
994679439
994043171
991972651
990059209
981898272
981792637
980824526
980196202
980095962
979979852
972998477
972974648
971601645
971016036
970079231
966785340
966514246
966041008
962245352
958695508
957028641
956174637
952922269
951838501
949441716
948590957
947937237
945708721
933335689
929177822
928844670
928057669
926011049
925404881
922804631
917957024
917246949
916744147
916269341
913651519
911135541
911041230
910888045
909926014
906142305
905703075
901422093
900583335
899916910
899442372
896778404
893037891
892438984
891667449
889445160
887716151
882655115
881732223
880100320
879010554
874940820
874158518
868263246
868127034
858086468
857152333
855879394
852032200
851030310
850668493
847319542
845838824
844979551
844436753
844368123
844075663
843574947
843078532
840634645
840467900
837835367
834919994
834887623
831842872
831264360
826491244
826316819
825961724
824064921
822324145
822278249
821941311
820587677
819203765
816855798
816159038
815134405
813861601
810895179
810585223
809182163
809104472
805979156
802685103
796991167
794562030
792993880
792881731
785107446
781197625
780435110
778670832
778382867
778313846
776524481
774194541
771374229
769861549
766766871
755992476
752210253
751069919
749491440
748852964
747050365
746296610
745460105
744999476
742513115
737355103
736753058
736484724
735162443
732770434
732074635
731743097
731054330
730063346
727330331
724465423
719793102
717997059
715507642
714129484
710812437
708151240
706757994
703165547
700013476
695772088
692327728
691595064
688799549
687320801
685777752
683565573
682439817
677179375
672496024
671641746
670060796
669861099
669314497
665466631
664550129
663832557
662184921
660810811
655019120
654332303
653884222
653456091
645210459
644279926
640569375
638857969
637321370
635459129
633006071
631825885
629219722
625383133
623268966
620026273
619576108
618018475
617408406
616395567
614504477
610505821
609692534
609648394
607776398
604637825
601136401
597107566
595440736
592868017
587167152
587040522
586128176
586118687
582451092
579543789
569196524
568656398
565109315
563059984
558752779
553862586
552404040
546336487
545212222
538246997
538152958
538117946
531389095
530422065
530197715
526214176
525577449
525505023
523695842
522243644
517939768
516171564
508118141
507093431
505519398
499901539
491341854
490174536
488709306
485044172
484675779
483247448
478175002
477358856
474402304
473646327
473573117
472875568
468632533
466153845
462919855
462271833
459940295
457834236
455981799
455974966
453385492
452644289
450699046
449356728
448951404
447056372
443705411
441911394
440655400
440052400
437789390
436233775
433470534
431603326
430950633
427767031
427339294
427210563
425628033
425039348
424456381
423271869
419076074
416777610
413989503
408737666
407631786
405474409
403201760
398251720
398041850
396864010
393853722
393730386
392520541
390950533
388431989
386653341
379006041
374693991
373833192
372383397
367782558
365026173
360522833
357161533
355129891
349734581
349271380
346559024
343145839
342599635
338877311
333240557
328487028
327601753
326485707
321994369
320024027
318658672
318476303
312572309
311069167
309536846
307584998
306170788
303292796
301678106
296969359
293465402
290810203
279664165
278630572
277389506
275798660
272723192
266964376
266408904
261152633
259703572
259667372
256626227
256064433
252420376
247742254
244424110
243224856
243079323
235869453
234971047
225706156
225642136
225449189
222626306
221815543
215021797
207428401
204687186
204659023
202937038
196403176
195210867
194407757
186798713
182227711
182101785
181130453
177130798
172825568
171911955
167400492
164817017
164565399
154181305
153774896
151211800
144299172
141909138
141717345
138268955
137858341
136862106
131515912
130901921
126260843
125986304
125275854
123888026
118245642
116721987
115395208
114292085
113539945
110985404
110476661
109320043
105378774
102425540
98146966
92109627
91963715
86633322
86388621
85295539
82445933
81306614
79422005
78104072
77522198
75122519
75019974
68322879
66942915
55951506
54514215
52983910
51353575
50921708
45994284
45198854
42495480
41342089
38875777
32367144
31470480
29904466
11135934
8387583
7871095
7517885
4227600
473111
