1019274273
1019208847
1019186347
1019093595
1019049598
1018949478
1018936656
1018831931
1018732466
1018627208
1018469749
1018283081
1018207840
1018058360
1017973526
1017879813
1017726132
1017639337
1017474901
1017424468
1017299307
1017216580
1017035491
1016931652
1016927627
1016855547
1016771082
1016576538
1016500213
1016397408
1016264052
1016080808
1016010401
1015969004
1015896613
1015724857
1015602940
1015552788
1015428630
1015293767
1015231469
1015152898
1015040767
1014941708
1014755392
1014683760
1014539884
1014449409
1014279863
1014221446
1014083599
1014018651
1013952001
1013851373
1013636681
1013553131
1013419080
1013301533
1013148465
1013057333
1012956044
1012724851
1012586711
1012405950
1012363044
1012248469
1012150803
1012050256
1011958290
1011856989
1011718901
1011645503
1011580857
1011569175
1011448585
1011316164
1011303230
1011252409
1011204832
1011201886
1011149244
1011081391
1010979062
1010893415
1010714695
1010627688
1010455320
1010347460
1010201955
1010098057
1010028421
1009952583
1009872670
1009752858
1009639503
1009518944
1009402282
1009323562
1009262861
1009115399
1008990848
1008895914
1008797972
1008712782
1008576294
1008464226
1008370211
1008254858
1008140309
1008087276
1008009132
1007969426
1007808753
1007766479
1007671623
1007554923
1007450053
1007333764
1007213121
1007127882
1007019596
1006914765
1006776007
1006660369
1006592043
1006517435
1006389501
1006373859
1006217913
1006160078
1006068224
1006036835
1005920227
1005829506
1005697274
1005608806
1005582974
1005509484
1005456270
1005382398
1005225582
1005194082
1005163658
1005151104
1005009647
1004843133
1004761997
1004651998
1004513527
1004450963
1004334772
1004233478
1004140890
1004021263
1003919749
1003801396
1003676017
1003550501
1003520080
1003361741
1003236342
1003185249
1003089553
1003003187
1002862588
1002783555
1002685213
1002569828
1002509625
1002336272
1002233702
1002068765
1001945927
1001878188
1001870402
1001720614
1001652415
1001536386
1001440518
1001278140
1001218533
1001131324
1001000550
1000944627
1000829073
1000738513
1000694274
1000523576
1000442332
1000410911
1000350583
1000241209
1000177428
999958626
999872882
999677086
999568713
999494773
999439377
999253164
999188180
999117261
998928264
998816760
998799316
998700195
998561827
998450201
998449558
998295160
998166958
998163713
998106329
998042373
997813638
997648034
997494112
997362472
997263377
997207415
997083513
996904390
996862052
996634519
996591735
996492844
996487506
996372604
996212353
996190491
996090475
996003155
995882094
995766038
995690016
995645947
995536230
995364058
995250932
995139454
994982842
994856334
994730860
994691513
994594586
994519150
994305473
994234040
994222543
994179785
994036702
994010868
993943346
993889813
993884748
993763878
993693774
993595406
993524493
993505722
993389204
993295642
993147286
993064359
993038740
992969505
992919830
992813976
992733521
992630524
992501938
992356024
992192403
992052339
992004092
991847334
991814102
991740632
991695426
991498478
991367284
991206662
991090979
991039586
990931793
990880845
990796090
990767039
990683360
990445710
990367826
990352206
990182581
990056871
989991486
989914605
989793271
989669796
989579052
989492196
989403103
989286488
989224358
989062504
989039705
988869347
988808425
988652742
988584818
988448106
988375815
988217372
988057357
987927550
987855117
987775340
987650112
987530748
987453707
987212786
987049705
986944132
986847311
986813815
986701821
986568016
986424935
986344949
986274883
986196491
986129727
986024320
985936146
985789513
985729247
985531345
985413484
985279678
985143302
985080423
985010133
984839473
984734712
984573490
984455607
984361847
984249617
984183323
984036567
983927524
983812301
983641491
983497077
983336138
983327691
983276838
983165977
983001689
982905332
982721918
982677743
982492830
982462077
982329570
982202634
982073605
981952739
981817935
981716946
981628294
981564720
981453994
981337485
981222158
981177989
981066275
980987396
980910643
980837617
980754473
980681500
980577516
980435846
980382949
980237821
980120822
979857646
979695439
979668115
979562550
979549644
979376410
979284690
979168569
979088314
979013721
978814525
978718149
978711138
978566763
978419730
978293409
978129795
978007323
977898072
977814711
977691421
977487921
977443837
977399642
977344982
977259607
977222910
977159094
977003889
976952983
976857437
976737138
976672698
976662270
976483327
976432939
976405096
976339813
976143859
976075667
976045904
975942140
975936520
975844166
975729559
975624523
975482198
975278651
975176945
975166305
975072004
974911036
974810266
974734135
974689805
974619598
974480956
974349514
974277077
974099346
973870022
973736806
973647864
973539537
973524011
973419540
973357181
973283431
973163680
973080995
972942523
972889487
972787349
972646521
972527653
972381876
972296194
972278558
972239378
972223385
972167811
972047684
971973648
971829144
971740782
971594865
971559315
971462917
971347156
971292770
971201205
971025692
970898713
970754331
970642920
970583696
970544265
970417564
970302508
970251425
970065569
969983787
969914316
969864270
969842900
969777973
969581734
969473797
969310435
969273200
969171587
969088433
968996782
968937451
968753907
968651323
968596140
968436433
968227798
968092322
968057106
967917617
967806739
967767218
967649269
967433782
967316928
967168956
967164548
967087877
967008396
966874098
966847667
966748330
966657902
966606430
966475483
966450182
966425497
966300847
966139843
966038194
966013559
965894338
965841555
965671210
965652169
965562919
965500129
965282091
965190815
965080652
964934526
964878484
964821602
964643038
964525978
964472432
964421480
964390208
964312307
964304369
964142303
963959029
963872125
963729878
963630860
963575756
963433013
963262832
963148566
963004661
962975443
962793004
962729898
962671248
962620143
962426823
962357386
962278574
962140576
962021053
961894001
961836231
961740273
961619732
961534524
961484803
961361618
961219231
961138390
961093599
960923038
960900318
960824506
960675008
960523943
960450902
960375830
960215364
959971073
959837459
959690481
959583312
959509762
959431359
959306188
959229842
959123646
958989826
958796754
958767298
958653692
958595111
958521917
958384335
958299703
958177837
958092023
957987313
957930671
957848673
957702250
957576488
957435460
957361443
957208086
957118666
957022594
956940134
956900311
956819642
956699302
956587986
956448165
956372363
956332828
956248721
956240324
956121934
956074145
955996294
955856255
955811513
955737925
955591585
955522094
955410045
955380679
955364912
955308598
955154027
955098052
954893399
954892597
954847032
954795611
954756183
954683439
954671557
954643194
954550449
954503620
954322493
954229125
954165941
954011520
953877416
953782948
953681675
953652878
953564445
953489037
953355179
953202225
953124239
953060427
952951350
952878592
952777868
952624473
952547847
952444786
952425689
952270602
952192569
952125311
951952047
951931647
951843260
951720150
951690433
951594590
951568947
951447059
951397124
951261038
951185495
951011614
950930878
950793276
950690797
950538054
950450129
950357745
950172938
950171033
950070902
949971217
949867126
949777882
949725545
949593782
949578018
949470729
949430406
949370655
949303922
949146655
949136699
949080930
948997073
948938256
948870981
948776204
948586538
948485058
948385076
948247632
948206034
948112326
947952519
947756109
947712903
947545491
947393547
947292207
947172949
947076671
946943229
946890099
946733473
946658084
946615738
946472994
946337259
946274013
946217830
946128472
946048275
945899892
945803160
945687936
945551377
945483322
945316401
945165128
944999928
944887813
944762763
944756174
944695265
944597565
944391323
944325454
944204225
944145173
944095710
944004155
943871205
943816620
943781517
943560877
943460134
943378811
943264053
943125657
943055528
943012708
942860999
942764636
942687609
942509644
942428619
942303983
942138086
941993087
941838698
941821799
941818573
941716901
941631087
941526517
941446870
941398456
941302860
941114002
940989400
940928846
940737922
940704518
940697143
940623564
940575157
940443911
940311668
940157214
940046669
939890077
939847915
939719540
939673375
939556020
939367703
939315112
939199915
939008983
938918210
938749996
938605226
938482527
938421710
938386192
938321197
938203322
938100944
938010642
937899562
937780252
937662882
937522700
937361945
937268258
937159218
937089234
937031937
936940011
936876454
936761367
936699952
936654909
936531158
936427653
936363043
936245588
936228002
936108682
935989028
935972623
935801833
935752278
935650347
935538909
935433659
935378029
935288596
935139582
935014424
934876398
934739561
934638725
934584628
934458187
934372060
934129983
934036583
933908094
933870562
933772561
933646372
933600517
933408065
933256653
933243057
933096754
932944396
932941378
932876387
932824812
932739328
932661586
932571860
932444484
932373236
932311919
932218174
931979526
931916416
931765656
931630768
931461173
931334436
931222731
931129769
931012052
930908699
930805869
930707272
930584988
930452412
930331640
930304923
930159603
930085394
929988429
929945066
929808165
929656761
929489458
929397536
929233697
929178603
929106155
929050452
928968188
928904919
928744161
928619729
928493248
928368234
928157372
928064900
928006360
927864895
927817025
927709014
927552912
927426469
927325464
927209774
927070762
926981116
926863040
926842656
926790066
926625937
926491053
926432994
926361998
926338869
926216000
926080550
925930996
925688334
925594887
925491480
925403414
925371687
925314818
925168309
925032897
924856916
924747659
924698840
924633237
924550048
924321756
924195339
924067789
924032868
923890803
923873118
923842617
923784244
923767811
923676248
923534080
923414779
923382076
923279307
923259051
923156024
923035379
923001009
922886746
922812657
922632019
922491484
922346438
922272238
922252663
922157993
922084665
921977382
921895569
921862166
921715984
921624375
921510211
921401862
921253901
921118917
921049404
920955632
920808009
920692846
920539238
920383642
920309137
920165069
920064241
919969844
919873782
919755384
919626801
919517919
919463728
919274459
919193936
919142846
919041583
918917285
918805135
918720547
918522509
918354029
918248646
918122203
918023548
917858055
917795485
917672626
917520257
917373436
917225011
917136267
917035774
916949145
916830675
916711855
916592920
916559453
916459787
916287706
916252892
916187878
916036272
915913016
915730087
915515750
915429697
915421254
915342264
915224634
915192239
915082336
915046184
914972341
914822820
914807392
914699855
914629725
914504644
914388009
914218550
914086223
914019150
913882037
913693206
913571715
913536334
913474071
913304207
913273481
913144683
913110428
912943120
912841102
912712413
912658186
912622796
912503965
912381977
912312254
912229931
912131232
912092415
911965921
911929514
911772478
911672765
911607993
911546890
911482323
911398565
911268959
911235657
911084298
911024846
910915488
910831324
910695792
910588236
910490212
910399067
910249823
910166438
910121468
910022443
909931972
909778248
909636837
909486261
909396118
909207219
909079680
909019370
908925469
908903401
908870343
908736662
908689749
908530803
908449460
908372433
908322025
908228464
908192514
908107092
908033861
908003624
907990117
907971561
907803025
907742032
907563893
907406306
907313667
907297395
907254157
907136902
907109655
907051491
906951425
906809289
906720923
906709045
906589951
906406606
906374290
906360810
906183355
906033978
905954792
905909199
905733813
905667814
905501705
905320309
905172231
905105334
905044854
904995698
904904445
904802365
904774068
904542627
904379712
904343434
904214402
904169706
904005677
903886140
903820237
903632895
903586616
903426764
903329691
903237688
903094360
902992742
902864668
902794338
902670480
902634651
902524596
902501878
902389596
902382999
902311236
902130578
902061622
901934583
901811329
901668753
901559664
901542536
901408829
901302809
901159182
901012697
900873132
900710127
900580265
900460001
900332417
900272279
900200851
900110097
899990284
899899847
899847380
899841637
899717035
899663778
899561508
899447643
899343199
899241027
899082182
898957582
898833638
898777276
898545624
898411503
898334482
898160608
898041534
897918459
897868943
897730532
897541055
897455208
897324681
897190353
897148682
897036383
896993064
896912915
896758536
896712535
896568350
896473961
896331074
896228989
896179307
896012976
895993989
895974635
895967345
895840055
895805400
895687540
895559843
895470496
895368031
895359150
895243909
895090242
894970815
894838375
894797843
894654207
894567218
894455253
894316336
894153268
893956045
893897644
893715641
893522101
893493068
893443933
893360876
893250278
893025957
892846736
892656725
892580526
892537502
892532011
892415695
892394929
892249896
892164421
892123805
892076661
891905250
891764916
891613293
891503757
891381077
891317498
891292338
891258377
891169525
891096300
890954842
890863385
890735833
890636101
890480943
890393657
890382367
890318822
890165143
890048065
890010799
889906233
889746007
889596317
889411804
889326850
889236776
889122883
889019488
888988384
888935209
888901839
888788243
888703258
888614162
888574888
888502709
888386558
888264220
888131995
888017926
887924085
887843581
887709356
887577697
887382925
887257381
887097689
887038380
886947045
886861138
886766266
886646897
886619996
886445991
886300566
886223767
886106854
885995043
885853632
885784784
885664580
885502640
885407086
885370180
885249749
885115850
884961791
884806304
884736456
884648733
884569610
884518559
884432974
884329974
884256293
884038492
883891850
883878164
883825232
883715069
883571446
883412264
883262125
883201169
883101765
883000669
882990883
882933696
882817819
882684702
882484305
882366267
882180013
882010367
881918824
881824376
881742861
881564871
881477793
881419702
881262904
881112349
881045941
881035886
880974431
880909738
880773237
880679749
880552863
880397923
880382352
880324181
880285115
880174107
880131484
880036884
880012154
879932177
879877108
879826995
879732437
879598910
879451312
879378405
879337923
879245218
879136862
879038890
878902333
878802103
878711469
878604841
878443122
878309119
878264101
878263131
878105437
877972304
877916314
877810060
877788695
877719252
877677611
877543656
877427936
877335720
877221835
877147301
877126699
876974385
876876605
876839087
876646914
876557102
876424139
876389364
876281763
876143007
876046192
875902798
875815289
875726985
875620481
875612064
875494873
875432122
875275260
875172684
874992936
874867329
874692116
874641618
874487999
874428872
874298777
874218832
874121715
874018911
873882942
873803508
873747479
873676149
873541611
873401808
873335802
873228568
873096742
872942637
872913758
872727199
872653600
872533552
872336980
872247467
872122788
872076328
872038610
871937331
871872937
871798823
871677241
871612626
871461930
871361306
871208182
871161051
871114142
871027156
870935683
870781945
870705511
870645901
870590006
870453325
870381788
870277413
870131574
869975084
869870351
869769471
869568774
869550479
869407810
869284005
869183630
869126483
868999421
868868298
868720126
868508348
868331551
868278166
868209259
868059833
867962231
867900534
867783488
867674804
867541879
867427822
867243719
867045713
866898723
866780612
866579964
866462447
866390007
866302332
866241599
866234799
866178153
866006629
865864347
865749161
865644313
865537527
865508356
865393695
865241907
865167967
865041634
864944140
864915779
864860242
864710692
864708487
864577103
864457381
864434373
864310290
864260619
864182070
864112685
863966395
863771500
863701217
863592732
863522759
863431144
863309050
863260701
863202845
863055884
862920374
862862140
862723706
862598740
862451425
862303845
862138186
862009012
861912219
861894564
861730476
861572096
861524009
861453396
861297516
861194884
861153874
861118885
861055702
860938167
860741354
860537715
860480230
860472483
860334422
860324332
860286347
860108122
860041313
859898858
859784338
859676815
859581286
859360415
859182376
859031098
858929460
858832055
858760952
858738736
858639381
858624863
858534805
858453436
858381344
858255930
858097853
857928539
857796205
857738505
857558313
857537432
857437383
857341347
857145330
856991132
856901654
856781944
856609130
856575001
856528188
856488557
856384254
856196405
856004865
855908550
855888803
855776924
855695606
855579488
855408515
855363296
855142681
855047781
854982630
854948259
854916936
854840040
854715681
854632285
854566273
854428299
854239640
854044828
853960026
853780156
853685062
853512292
853463984
853334224
853203606
853146217
853043964
852973333
852875369
852695816
852507943
852375281
852195452
852049560
851900244
851835791
851834513
851674700
851605508
851381320
851331964
851198387
851106491
850995384
850911284
850787648
850709645
850530834
850326799
850180502
850031775
850024264
849964705
849915042
849781508
849677332
849562544
849557914
849391180
849327898
849234548
849140832
848968337
848814954
848676940
848587360
848445039
848385647
848292926
848281047
848220082
848094330
847940329
847772778
847617439
847504060
847452831
847332770
847201324
847166310
847086091
846920935
846788383
846782430
846626001
846530737
846415404
846371089
846246951
846155969
846108173
845876192
845701538
845642486
845587813
845514864
845476038
845385315
845256595
845249571
845211737
845139996
845005935
844851669
844765162
844634997
844468911
844432742
844351479
844254875
844137681
844108205
843951020
843801266
843753152
843722300
843578468
843445917
843293771
843203608
843065092
842923085
842832116
842699627
842639150
842582065
842470240
842327335
842260351
842184944
842106449
842025381
841924879
841893506
841828565
841700272
841587671
841405425
841331955
841247890
841171831
841128900
840969027
840895149
840732382
840645729
840523027
840462983
840329943
840288262
840189690
840112032
839981357
839943470
839814464
839635712
839615449
839526831
839487262
839297285
839220173
839097173
838996829
838866545
838768598
838625642
838544945
838344937
838235587
838166937
838083270
837947325
837795263
837767204
837673377
837578800
837441428
837274072
837130144
837110818
837037759
836888851
836680481
836632991
836452742
836394246
836264272
836190542
836038229
835958651
835868337
835770794
835685907
835577953
835507702
835432073
835320849
835288585
835193063
835137741
835068448
834938202
834833522
834722652
834691544
834605279
834444135
834224609
834150082
834000528
833917309
833779399
833755411
833611788
833506565
833375801
833224508
833065820
833002001
832912343
832764011
832643687
832507693
832423999
832288618
832164773
832043272
831970045
831801506
831636107
831518172
831512892
831404576
831253419
831133324
831027563
830989983
830895156
830731849
830572599
830557383
830435438
830323831
830269664
830209883
830123325
830005721
829951751
829869063
829741875
829608511
829502630
829397391
829275116
829121753
829023645
828934755
828841318
828686930
828576006
828358015
828263856
828229649
828216487
828063103
827899511
827828524
827657194
827558764
827499282
827365791
827156236
827025485
826913620
826826025
826747796
826610689
826497211
826337315
826259045
826138544
826060834
825912440
825789897
825733524
825597069
825409689
825262393
825160332
824976275
824862189
824721082
824688100
824673794
824608516
824487689
824408682
824269411
824067375
823980997
823940652
823881232
823723530
823550023
823404873
823312613
823117051
822992635
822909148
822882941
822785032
822635623
822609309
822467269
822416815
822330335
822129509
821960672
821896154
821843939
821658314
821565231
821440073
821414608
821293389
821210016
821015067
820928444
820859990
820821184
820704898
820580111
820428867
820376092
820322316
820227898
820074673
819998707
819920995
819768875
819584937
819478448
819422021
819264653
819165627
819049071
818894878
818711436
818587051
818469481
818394758
818290591
818233018
818123900
818037097
817918926
817819135
817723016
817707073
817610893
817484680
817354695
817298117
817218268
817018205
816868093
816807945
816723263
816556974
816409772
816327961
816214010
816077187
816000536
815975563
815855718
815797588
815712805
815641373
815606703
815486363
815433375
815341049
815288731
815217514
815143726
815046518
814918897
814799033
814749079
814655055
814546524
814431731
814334479
814189120
814076216
813956679
813845424
813687111
813537146
813393334
813332172
813278690
813134836
813026406
812882854
812802896
812678573
812614431
812580540
812497403
812486900
812412163
812304528
812200373
812086883
811972565
811887322
811745430
811634064
811437030
811179509
811092106
811013734
810918071
810760837
810670358
810585476
810438008
810291225
810171927
810065287
809904991
809794869
809712468
809639955
809594141
809565140
809441004
809367611
809251611
809124982
808998081
808824953
808788065
808699690
808633927
808519068
808445041
808338058
808335866
808169504
808084109
808012043
807876797
807809744
807665476
807523412
807426066
807313695
807245356
807145006
807015728
806947507
806894074
806830836
806710483
806599351
806369003
806300685
806229286
806148297
806125387
806046170
805966975
805814425
805790141
805693868
805628729
805556792
805395803
805236183
805142517
805018528
804986241
804911166
804714540
804661487
804556872
804549723
804415738
804374936
804233354
804148200
804107044
804028114
803975092
803862814
803735908
803630616
803554961
803502670
803417051
803253198
803029490
802875359
802826108
802709170
802616904
802513087
802482266
802472707
802360972
802234550
802158799
802059808
801973518
801772002
801668021
801488007
801472438
801413736
801327900
801242958
801104617
801025241
800882655
800792987
800710964
800613253
800600592
800492696
800317597
800186960
800099252
800021163
799905745
799730924
799631165
799548262
799416497
799188856
799072267
798882901
798778849
798690862
798655830
798510298
798361749
798331454
798302994
798164198
798062223
797984820
797838892
797739549
797666661
797592162
797463288
797319856
797204518
796998637
796943670
796731881
796704108
796673937
796513117
796462472
796410115
796327638
796207162
796139989
796019394
795827964
795730202
795614168
795536489
795432590
795332516
795236528
795090670
795036526
794934742
794853093
794796205
794787037
794629103
794433837
794363111
794258126
794185998
794048084
794036009
794025519
793844221
793686107
793606188
793484820
793455403
793324413
793217902
793122376
792947524
792876972
792861593
792817982
792714314
792608475
792429437
792346266
792199532
792177488
791991371
791907066
791763790
791700970
791632450
791576438
791494594
791418599
791283808
791236666
791072579
790995820
790901845
790839101
790774349
790625846
790526681
790485413
790417497
790331879
790231682
790137781
790087079
790064987
789960659
789842168
789706783
789636823
789517261
789411773
789307002
789258363
789189778
789083441
788978067
788788342
788678035
788599202
788507947
788433120
788325177
788253287
788164448
788126524
788062985
787890913
787786539
787722443
787657330
787646796
787528524
787493887
787407557
787358573
787270879
787174665
786978040
786854221
786805558
786681411
786613208
786611606
786505618
786303059
786280022
786187494
786077189
785948371
785788070
785644593
785487480
785359404
785298544
785216351
785105680
785030213
784832044
784770422
784647667
784570904
784523337
784435683
784338416
784218366
784054305
784016671
783891126
783882486
783807766
783717448
783647700
783611180
783592374
783513099
783419682
783324845
783252091
783102128
782951607
782729441
782591469
782510527
782357841
782306806
782274097
782165997
782104804
782051462
782017495
781892420
781781717
781667273
781564255
781498375
781315979
781124856
780962685
780875731
780830182
780807150
780759326
780599220
780508443
780372033
780325870
780248607
780186969
780104241
780034154
780009082
779897049
779701822
779637635
779588790
779490703
779464144
779402443
779235340
779157044
779065223
778903709
778772927
778715554
778561573
778401863
778303123
778162420
778144729
778067675
777957701
777863684
777806435
777687496
777519672
777392644
777294530
777184652
777078689
776919498
776829153
776784116
776753121
776639953
776514944
776453454
776359554
776292290
776242576
776170817
776141733
776049872
775841716
775738473
775682493
775548899
775520084
775396111
775366947
775301252
775234118
775220820
775124083
774993731
774880857
774753707
774618731
774551272
774545695
774507114
774349985
774252797
774209495
774115435
773971878
773813429
773733951
773693990
773591295
773500667
773376593
773297931
773122052
773089027
772971094
772848550
772748128
772630850
772439429
772369135
772297953
772137275
771988133
771950375
771842352
771745751
771645913
771511440
771415202
771230819
771137544
771103586
771032783
770991927
770785093
770653273
770596871
770499811
770431462
770316085
770200177
770115410
769965180
769810574
769732542
769654124
769543108
769495452
769369015
769275062
769216941
769138573
769000823
768862375
768781442
768621428
768494098
768404092
768381209
768189431
768131611
768038429
767953142
767776602
767675121
767497702
767468158
767318386
767314303
767152691
767004196
766985711
766937078
766817544
766745254
766592188
766500989
766335708
766285645
766220424
766027674
766025442
765988716
765785306
765705596
765567960
765390985
765338313
765267301
765230235
765178931
765034270
764840817
764793843
764668615
764537029
764483072
764376714
764282747
764259758
764182705
764066964
764023938
763827058
763688041
763612608
763532196
763469659
763406253
763298288
763225788
763100471
762953594
762869662
762820158
762631903
762521904
762428475
762373086
762315131
762207796
762198519
762165736
762097378
761937707
761772154
761668612
761575232
761504581
761358107
761226643
761072410
760994489
760938140
760733227
760573191
760486937
760394210
760277599
760176486
760046584
759972252
759925666
759892396
759766633
759683247
759473636
759440075
759257145
759211566
759126055
759077327
759051967
758961633
758817340
758723547
758605617
758526930
758391220
758235701
758121529
758024754
757886482
757783844
757684004
757600360
757421236
757258426
757134236
756967647
756816719
756744326
756664884
756513882
756420564
756400461
756299735
756276636
756201882
756136853
756019127
755819311
755717013
755630818
755553639
755453889
755335817
755249942
755116156
754997285
754909777
754857017
754707337
754671104
754511695
754361073
754170390
754026817
753922359
753918710
753830299
753796847
753737731
753638808
753503901
753445276
753331758
753227720
753135049
752998579
752933205
752889511
752825139
752777032
752725431
752695536
752620537
752499921
752443543
752293542
752089055
751979633
751888903
751842193
751769610
751722054
751699747
751619127
751482834
751317984
751264154
751168088
751016837
750913062
750750674
750637121
750492511
750357774
750239679
750123412
750008408
749907974
749744031
749692883
749651367
749607995
749480600
749386687
749288808
749214680
749134628
749013416
748895513
748815073
748765339
748707264
748641241
748502964
748392683
748316417
748175813
748059955
747989785
747846983
747806524
747737131
747680014
747532997
747410278
747266582
747109495
747021796
746874401
746805330
746655850
746492589
746385149
746216789
746092203
745953640
745860355
745778892
745669442
745573381
745504320
745417429
745339671
745339092
745324701
745252378
745115986
745052025
744945287
744916562
744810749
744711360
744540944
744399043
744324343
744151585
744005461
743937037
743865716
743685462
743551279
743431500
743306230
743233637
743058396
743042501
742892873
742844370
742656737
742484074
742413403
742386849
742324496
742181013
742052945
741838253
741716469
741712866
741615840
741515450
741412380
741333228
741180422
741041792
740995938
740898344
740861488
740771010
740660923
740613035
740532575
740423516
740271927
740096653
740050600
739859438
739760006
739710817
739647729
739499457
739379997
739267656
739203330
739156029
739124873
739002490
738867673
738749113
738604466
738511765
738375043
738354331
738218599
738120848
738031437
737952709
737859873
737774831
737693638
737569370
737502995
737420140
737235263
737136858
737048335
736942227
736747998
736644267
736519831
736428628
736303752
736140685
736011692
735977817
735887154
735718123
735682941
735593514
735538897
735428607
735348915
735206916
735107789
735000599
734895930
734789657
734669628
734630319
734428391
734333162
734296908
734232234
734190808
734098546
733950665
733857697
733804738
733660762
733558558
733432236
733363284
733215127
733132738
732986027
732919816
732819094
732740949
732575402
732428388
732262971
732095505
732003753
731854604
731708224
731577062
731453109
731326175
731235011
731022251
730866107
730753449
730628665
730520912
730442251
730304757
730231976
730192214
730004763
729841355
729678046
729475744
729389023
729297894
729147558
729035819
728988729
728877052
728717568
728703013
728507643
728339315
728324801
728255359
728048842
728021186
727890075
727839477
727685983
727554276
727509788
727440053
727249969
727117233
726949845
726883431
726807628
726671339
726485090
726323520
726241199
726132526
725972757
725772050
725712826
725572088
725512406
725358258
725280766
725233013
725102221
724906591
724790529
724762963
724722690
724550090
724432663
724308498
724230243
724164677
724139495
724080159
723972291
723857958
723777267
723633097
723553222
723530399
723474773
723436223
723319410
723274510
723203233
723084384
722999795
722942861
722853143
722806628
722710349
722615891
722504381
722416619
722344220
722309617
722257212
722235323
722180511
722091320
721914056
721777648
721662845
721563500
721494943
721370659
721230042
721078282
720996578
720930475
720800870
720706707
720577265
720421358
720265045
720146320
720104964
720072913
719949590
719856023
719802401
719772129
719727030
719681291
719491056
719451875
719371609
719253645
719070083
718972961
718868588
718800780
718691858
718550874
718513756
718449344
718298407
718161947
718086577
718066457
717913357
717857871
717794662
717717394
717702468
717627797
717524464
717444979
717304307
717069693
716944325
716806864
716706740
716643020
716555746
716430930
716333415
716238757
716165010
716146885
716021923
715948024
715882455
715861726
715735189
715508162
715431628
715366380
715263151
715146197
715103411
715042037
714949392
714906501
714840911
714734270
714656309
714623411
714472676
714319842
714223608
714099960
714086006
713938864
713844590
713747071
713641850
713452364
713248850
713040201
712891741
712830075
712790711
712720900
712660541
712568718
712505774
712468612
712388480
712265885
712148044
712026822
711920010
711812338
711708624
711692764
711544294
711508169
711325024
711176940
711126792
710990061
710896323
710879186
710769014
710598270
710411420
710334704
710207159
710033437
710005563
709954307
709860151
709845705
709681356
709589621
709462027
709298232
709217657
709070305
709016661
708935836
708841074
708729868
708623796
708507474
708415116
708315648
708208043
708152795
707974986
707881544
707750772
707668613
707480125
707388699
707261907
707149912
707017186
706880307
706759609
706604776
706509838
706345605
706261020
706090563
706060758
706007221
705889117
705775392
705637344
705458491
705450428
705245639
705112465
704992658
704922120
704902688
704734486
704680394
704583617
704459993
704350517
704252665
704138815
704078696
704047047
703927625
703860185
703798476
703758822
703645206
703566678
703399019
703293899
703169052
703114456
702986466
702899424
702838512
702710070
702612732
702609722
702519447
702466303
702450653
702376550
702262459
702105439
701944455
701879412
701796089
701764310
701661726
701425925
701410284
701288747
701132200
700994780
700851901
700751756
700629379
700532260
700437433
700270981
700265383
700182434
700114402
700022761
699929043
699881661
699797952
699737916
699598725
699509836
699478295
699425578
699300683
699221530
699133370
699109381
699064097
698994177
698976022
698890747
698769612
698628592
698518790
698340217
698281455
698206325
698161889
698067453
698009682
697886070
697815162
697683383
697557958
697409579
697346788
697266024
697190043
697141410
696997791
696870603
696777061
696641483
696504629
696360387
696263394
696185461
696043343
695939421
695816106
695725386
695585909
695556290
695485407
695450700
695278532
695227158
695113341
695088616
694989850
694847857
694769560
694658036
694603864
694529585
694409312
694350932
694340909
694216103
694122092
693955755
693823235
693664082
693576157
693430646
693345817
693245153
693127602
692965369
692848350
692654909
692558391
692403913
692332408
692184360
692027686
691915258
691840660
691726337
691673121
691576975
691472129
691358940
691220294
691165003
691070809
690987983
690854026
690714571
690654654
690432227
690320995
690244476
690117697
690046682
690027944
689902672
689769624
689687482
689578414
689438668
689344699
689169985
689048932
688985549
688914407
688888464
688762832
688617503
688583331
688469935
688411950
688382684
688354041
688210039
688186197
688057236
687984558
687891293
687768555
687707760
687623767
687467528
687381176
687265698
687146497
686973537
686901728
686790406
686616776
686576230
686475005
686398265
686319597
686221575
686111878
686062181
685988211
685884072
685771386
685618109
685612465
685517076
685330029
685135465
685030145
684885386
684713720
684639838
684515542
684405879
684251552
684176623
684090535
684037268
683869486
683738217
683723387
683594023
683500034
683358823
683259544
683106845
682969182
682890784
682859801
682774952
682641699
682533756
682406818
682246060
682098191
681920083
681854983
681697801
681560880
681442841
681298708
681148603
681047116
680943528
680876184
680698160
680560777
680508899
680407007
680304964
680288843
680256291
680231482
680219944
680205876
680047723
679938567
679746147
679659175
679615385
679436155
679316798
679182258
678953083
678884934
678821430
678657877
678559873
678446260
678310904
678187820
678099989
678003093
677818876
677807169
677670849
677526743
677397495
677257729
677241553
677104395
677011780
676823806
676683874
676641971
676563598
676409220
676269210
676068461
676040732
675939344
675911810
675809833
675671463
675609374
675590594
675473568
675424539
675335208
675221425
675042928
674905675
674848788
674779918
674660053
674570189
674498440
674348349
674295962
674264445
674252956
674218374
674125254
674081304
674042831
673925073
673900975
673669118
673511459
673387637
673199870
672985569
672877601
672836032
672671578
672571272
672520228
672416593
672275077
672196752
672131343
672043246
671950123
671815963
671631752
671477235
671380866
671229362
671145269
671052658
671042845
670898789
670800969
670727083
670716877
670671683
670621522
670561338
670395934
670353651
670243590
670116349
670084110
669960726
669856962
669758384
669629629
669530498
669350473
669271486
669163432
669074382
669015954
668885935
668805149
668659643
668508630
668353036
668254728
668226352
668170057
668000979
667911701
667797430
667684134
667563380
667548047
667425334
667399125
667290421
667222997
667150697
667100731
666910357
666873555
666835966
666762886
666648365
666533034
666398783
666311873
666141289
665988860
665865644
665805070
665597820
665499853
665444687
665303805
665137341
664936554
664897704
664795172
664716626
664613339
664490927
664409100
664235678
664174351
663986335
663903498
663837278
663678130
663566335
663530628
663455175
663353370
663268331
663179044
663115621
662964445
662875635
662714882
662531679
662410553
662310031
662203893
662178889
662064512
661932087
661871881
661839634
661683002
661655780
661554008
661469868
661389625
661373667
661233282
661120355
660991789
660854934
660758361
660677391
660589130
660508685
660485693
660422880
660333876
660242767
660095520
660019232
659850926
659756583
659718233
659601296
659527255
659425770
659379326
659249761
659191152
659063336
658965866
658961816
658850188
658676930
658585779
658443234
658419493
658279258
658162949
658071846
657997663
657902173
657702712
657598659
657426575
657350188
657262963
657159478
657040181
656876150
656743515
656642862
656547532
656410448
656372542
656242995
656210483
656133930
656044606
655876108
655775637
655680377
655595723
655518580
655446045
655253940
655105636
655068091
654961432
654876765
654731252
654633469
654462253
654353965
654206073
654113728
654020490
653884135
653747029
653655847
653618728
653489183
653340911
653247197
653211646
652987197
652925100
652878853
652737454
652617428
652542187
652449719
652351010
652166789
652036400
651849193
651798559
651671377
651594840
651454763
651411139
651342765
651252463
651155396
650948238
650892018
650886774
650749582
650598043
650512473
650343003
650264437
650226747
649953570
649887869
649773829
649677691
649580974
649498744
649462393
649370165
649215005
649103205
648963879
648872957
648823927
648707688
648617524
648567138
648470716
648380496
648226089
648042022
647949429
647898325
647742020
647656739
647483110
647364782
647254331
647161915
647034770
646845355
646691654
646509235
646418876
646336723
646178255
646170844
645967099
645849202
645806582
645729123
645530806
645491319
645395022
645267756
645220693
645133282
645022925
644895976
644741858
644629246
644497850
644374258
644301603
644177774
644022714
643841545
643783722
643606055
643559904
643434541
643363681
643284470
643206461
643112338
643052787
642945142
642861768
642767494
642604748
642513462
642406686
642333641
642169977
642104663
642052776
641959254
641780570
641594881
641386759
641230783
641189938
641112711
640959858
640865664
640696499
640610092
640431889
640315521
640155658
640096520
640043515
640001464
639997486
639846097
639811495
639674837
639549117
639452577
639327713
639236058
639132736
638986884
638887152
638794247
638610967
638477475
638326585
638272190
638171251
638063612
638044414
637977756
637863025
637861457
637688439
637599948
637396580
637231956
637169017
637145796
637080440
636959070
636752951
636660272
636542323
636442393
636355034
636295210
636212737
636103001
635967909
635887940
635722966
635698274
635536893
635491617
635352883
635249952
635086385
635000874
634969327
634898978
634754331
634695091
634643955
634556078
634454125
634370951
634240986
634146864
633993785
633940964
633835334
633649872
633542328
633406752
633316863
633222911
633085760
632968855
632821380
632763566
632707160
632572318
632478800
632289429
632187906
632068374
631962579
631800336
631688790
631568453
631457478
631321586
631168010
631006838
630872992
630758220
630601132
630457291
630329490
630253768
630204976
629989454
629752124
629610875
629482524
629361713
629297406
629175059
628993291
628945638
628905306
628816589
628717740
628572750
628468287
628276030
628204106
628068667
628021984
627954618
627871689
627662083
627561128
627466005
627312673
627203646
627085720
627046849
626840882
626702260
626607844
626460407
626347200
626337654
626256733
626124119
626032496
625959785
625792069
625662473
625515512
625489552
625442974
625169342
625027362
624941914
624918307
624815731
624734639
624658062
624514420
624426682
624335886
624167066
624106549
624028396
623861981
623707500
623658948
623555629
623409649
623397465
623319137
623114119
623099229
623015277
622908334
622821406
622735874
622602452
622466821
622369904
622275916
622145335
622079604
622068864
621954727
621752798
621621217
621542540
621427482
621293458
621124167
621040728
621033134
620970103
620799379
620764296
620682566
620551704
620500107
620404217
620295193
620192697
620186057
620052950
619980660
619926891
619869217
619837092
619701574
619606363
619477948
619317542
619270820
619166163
619114134
619053547
618880946
618873182
618743969
618600058
618525011
618382875
618254835
618102133
617981985
617845126
617707075
617600880
617553187
617493399
617372643
617335770
617182663
617087318
617056163
616949597
616853308
616697612
616635965
616540023
616484233
616269379
616172894
616056317
616053117
615856676
615763362
615647061
615540723
615452335
615381733
615222741
615067467
614994118
614814682
614728393
614524096
614404890
614327104
614214545
614163007
613999736
613981182
613839616
613682813
613573050
613501222
613391667
613318646
613218060
613076009
612957628
612759281
612616278
612461612
612398465
612241293
612198961
612137770
611979133
611885697
611835240
611769703
611740769
611649225
611596311
611356763
611291716
611262288
611163651
610973795
610905206
610835673
610707021
610598907
610539343
610397332
610371405
610296842
610209007
610141806
610051530
609922849
609816057
609639260
609452835
609342255
609238050
609134136
608942798
608814673
608770741
608686429
608542891
608356523
608274706
608204772
608118506
608017343
607978064
607958956
607877232
607744761
607611769
607529592
607457870
607420956
607304035
607124946
607064085
606970498
606854203
606798048
606715697
606641018
606545545
606440411
606286131
606135757
606073128
605966024
605853380
605744295
605654726
605478966
605419499
605286573
605238735
605164883
605101543
605042150
604862051
604650921
604451164
604371216
604273868
604141934
604084909
603870380
603795478
603675624
603551287
603446455
603372323
603306965
603214462
603180320
603042285
603023194
602914230
602799372
602659600
602573527
602463693
602337399
602253860
602134533
602071115
601941974
601937257
601802567
601674425
601487206
601443083
601379520
601231554
601164950
601108851
600938777
600819121
600728137
600620199
600418416
600245338
600180705
600125869
600037239
600022574
599982107
599882381
599775515
599697394
599638377
599521574
599513209
599401635
599275484
599150141
599030195
598917049
598868628
598768862
598690604
598538359
598478385
598397711
598337512
598210806
598044872
597932598
597879922
597762769
597655831
597448343
597448046
597340516
597226466
597110861
596864110
596861107
596760784
596700534
596575519
596496637
596359496
596301332
596215386
596123332
595976789
595867150
595830171
595750349
595615079
595594908
595483676
595423335
595414512
595285003
595179702
595090764
594923644
594813763
594705696
594606629
594524577
594408334
594327405
594237279
594144250
594039527
593993895
593841958
593811190
593693147
593630952
593622059
593529726
593461009
593336117
593170056
593091845
592965934
592824132
592647604
592504425
592398236
592268437
592138049
592000207
591990099
591892492
591682775
591650667
591529842
591380265
591296443
591214828
591171814
591137394
591066963
590908944
590778577
590656005
590574916
590481490
590340165
590259775
590177071
590098493
590010426
589922292
589796360
589644759
589577880
589537940
589503095
589412012
589296047
589241126
589169369
589106382
589026990
588991418
588879299
588696883
588656091
588465852
588438669
588327405
588177351
588138747
588087936
587966956
587914711
587790625
587693165
587538845
587422327
587268798
587154725
587070713
586963720
586937238
586825147
586681638
586611205
586521804
586380623
586261160
586139574
586034731
586021845
585883121
585763512
585715924
585605177
585467046
585385086
585327695
585163791
585010969
584867522
584720899
584567617
584442885
584359961
584282207
584226449
584129439
584077908
583953622
583903550
583862169
583778165
583559969
583458497
583417199
583237998
583155126
583080530
582946582
582908505
582736236
582717753
582653864
582458145
582320588
582278753
582175779
582112317
581966942
581825379
581644869
581482419
581385981
581314277
581307931
581216850
581089423
580961349
580844558
580837755
580735303
580680119
580561811
580499890
580409914
580322650
580213471
580123340
580029856
579869102
579724822
579706418
579576014
579548704
579536472
579355743
579153662
579065299
578974743
578838109
578733956
578621666
578507836
578416846
578268467
578220360
578170171
578051756
577839282
577685975
577559201
577372466
577289644
577154132
577074258
576938183
576847460
576692128
576614371
576527414
576385178
576259842
576127308
576011306
575942333
575841048
575797041
575647674
575535706
575398063
575330565
575263427
575117239
574990244
574896416
574719594
574561384
574459639
574353799
574267990
574178871
574095063
573958842
573842832
573715470
573636961
573581894
573515443
573398372
573238027
573067252
572974820
572825825
572750204
572562548
572529926
572456617
572269519
572172987
572054703
571977688
571872380
571748950
571562949
571485604
571411052
571270404
571188602
571078470
571010967
570848784
570708663
570635083
570523049
570436562
570370776
570256185
570081049
569996662
569944320
569827999
569730324
569659187
569497370
569374014
569291742
569155081
569056870
568982142
568936513
568890218
568819384
568741083
568661633
568613194
568568400
568426546
568275628
568181576
568049280
567974264
567957209
567872626
567713731
567557072
567448010
567435109
567402571
567357052
567219275
567211277
567144433
567123262
566997275
566928359
566837629
566712485
566636041
566559790
566360342
566213803
566117908
565902793
565718947
565564078
565524448
565434951
565238337
565143804
565007924
564953242
564779756
564766790
564645501
564543325
564365647
564288334
564195157
564106127
564027521
564020075
563956029
563902399
563771391
563700020
563606750
563599026
563529437
563409951
563368962
563312228
563277176
563160894
563005189
562884441
562802421
562676613
562471283
562450887
562369828
562320930
562237424
562161203
562072605
561992705
561962203
561915876
561812837
561729339
561679593
561660637
561525250
561296063
561218404
561158735
561078377
560915294
560824515
560756871
560623093
560542998
560413263
560286672
560215549
560207491
560113586
559989739
559894511
559701684
559637421
559556595
559437856
559359736
559262794
559150133
559046408
558897110
558763759
558710001
558692733
558532135
558478796
558378033
558313440
558233539
558091213
558044551
557944364
557774832
557712051
557656589
557598543
557395896
557303050
557140110
557106728
557045036
556967869
556903872
556727737
556607364
556467342
556400934
556262963
556086018
556049021
556019431
555959366
555926214
555903744
555852969
555706999
555600898
555568413
555403178
555211755
555131240
555099063
555025782
554955717
554814781
554679556
554494656
554359846
554300175
554189510
554141355
554118585
554027870
553913814
553857219
553777959
553704884
553613310
553474380
553244738
553218268
553070031
552884280
552787680
552764922
552701853
552590632
552455699
552389957
552287483
552225273
552087259
552011007
551953949
551845458
551733547
551667039
551562823
551531036
551485482
551377096
551255002
551203994
551177434
551145474
551058323
550967555
550830945
550755641
550638702
550486467
550421375
550281911
550187324
550091360
549980630
549934042
549798391
549700919
549553952
549414296
549302294
549189414
549134581
549098451
548961341
548860106
548699691
548608741
548424841
548371421
548307945
548154545
548075021
548052292
547885228
547830573
547707968
547673427
547524494
547470137
547335209
547266917
547144963
547134897
547065072
546967025
546825449
546682307
546559160
546420745
546275998
546111244
546009131
545913243
545802876
545699595
545589359
545540154
545446091
545281894
545204422
545150675
545057758
544848212
544747283
544602172
544460483
544354213
544232655
544175952
544163225
544028388
543920902
543787585
543763956
543657738
543638523
543533315
543403861
543328846
543187027
543024259
542883478
542700985
542656529
542616946
542559412
542478911
542387820
542274731
542101953
542058583
542026906
541954583
541856552
541749946
541640968
541580371
541489311
541359207
541298598
541250366
541119273
540974979
540827745
540785463
540679250
540658053
540613063
540486800
540464850
540302421
540103066
539947123
539859088
539835873
539806049
539665800
539652231
539592689
539445195
539317160
539210895
539093034
539024683
538890577
538880389
538728067
538567963
538434102
538384762
538316516
538219899
538099434
538076658
537919690
537788273
537722571
537668882
537524908
537376290
537305619
537260501
537170758
536978298
536899946
536843323
536734243
536565699
536500955
536358882
536208052
536120086
536016469
535927878
535816668
535784668
535690617
535576213
535529698
535499616
535395575
535340731
535221304
535150958
534996117
534818131
534708649
534669730
534628901
534472424
534338003
534247541
534102099
533976312
533888018
533768029
533635232
533496576
533405067
533353500
533133585
532918427
532735392
532612012
532460251
532395862
532296530
532245867
532111665
531996806
531833859
531756244
531604598
531491043
531335306
531175665
531146757
531026021
530925819
530811003
530684103
530605052
530480538
530359056
530327610
530151482
530041492
530016621
529831107
529778361
529710493
529592352
529515357
529412709
529350376
529287064
529156621
529118287
529027210
528852442
528692337
528602411
528524253
528407000
528336741
528232586
528039842
527878563
527781202
527759482
527545695
527462193
527357516
527218614
527104352
527023304
526831758
526799240
526754490
526569686
526556611
526420888
526235345
526164844
526063386
525987017
525896261
525826132
525783951
525699994
525611119
525516479
525391456
525299990
525213959
525195190
525153383
525078505
524908032
524776605
524680431
524532454
524519624
524483390
524380064
524319311
524195698
524137869
524092268
523984987
523928627
523803019
523667104
523591367
523492624
523420507
523391422
523264256
523184257
523115604
523018073
522963589
522804418
522624852
522534006
522383796
522198241
522017932
521784524
521662101
521585599
521509922
521398194
521296302
521245183
521106220
521041078
520991648
520831029
520720023
520617812
520481425
520441748
520340605
520201104
519962714
519884467
519712674
519649466
519559997
519429235
519305001
519180008
519140295
519061990
519036884
518983624
518828878
518774664
518607992
518515048
518390142
518331142
518205745
518173405
518061115
518007883
517882112
517767158
517660975
517527250
517418391
517368422
517342038
517263764
517229833
517199321
517097590
516972504
516834555
516800260
516736075
516580475
516431434
516284426
516146638
516054732
515953070
515845091
515689474
515601805
515567847
515382508
515140973
515025921
514886727
514738465
514662380
514501216
514440136
514280979
514174116
514029302
513897390
513804251
513745106
513645659
513639868
513522716
513427360
513298533
513198713
513029881
512943145
512905230
512747853
512673075
512575215
512419802
512351311
512245295
512197146
512107359
512080447
512003161
511990224
511938223
511836131
511656031
511511810
511375898
511315444
511174037
511107049
511097324
511033386
510932830
510866414
510779772
510642303
510549156
510504356
510425322
510301424
510144880
510046191
509927474
509779781
509601331
509533555
509389095
509324948
509248431
509188194
509037856
508985057
508850065
508789885
508692628
508559269
508500832
508479366
508365315
508272165
508177499
508065044
508010930
507986431
507841377
507778638
507768808
507617788
507581800
507490523
507346302
507203176
507068618
506981761
506904122
506809675
506655517
506598489
506442437
506350004
506285477
506180466
506109125
505963768
505832161
505731535
505602666
505594064
505506272
505392587
505262252
505189438
505063543
505045915
504955404
504924746
504765349
504681680
504599618
504565241
504401579
504243854
504150862
504102600
503990448
503982009
503928638
503770229
503571131
503428682
503248412
503122298
502962413
502889692
502728024
502626194
502524095
502386485
502276422
502189854
502095121
502010891
501907601
501782414
501664172
501591038
501562919
501490476
501379261
501301226
501194134
501033010
500865457
500846077
500785759
500624320
500604202
500469100
500406791
500351865
500204425
500102557
499970100
499883343
499794072
499739049
499650372
499530940
499432879
499277033
499194107
499015740
498928744
498716719
498592295
498536766
498468760
498405241
498298661
498211781
498210964
498071069
497927080
497893064
497755279
497724264
497602362
497499946
497426864
497354741
497254313
497140537
497046210
496889550
496825513
496705696
496605022
496521259
496474239
496353906
496330637
496217643
496178138
496061473
495914541
495839909
495662159
495569232
495411117
495287550
495139737
495051748
494986864
494820460
494729570
494561754
494467692
494281303
494188157
494064414
494018664
493993417
493942850
493822243
493723398
493564420
493349461
493276706
493217305
493124834
492970800
492880753
492747166
492604625
492579878
492570687
492480293
492407411
492268113
492118992
492033223
491936888
491816568
491744649
491536376
491361205
491254704
491156377
491149845
491042698
490976190
490817167
490633294
490582919
490510392
490411127
490330025
490173028
490153559
490074314
489930464
489845007
489711947
489669184
489528528
489371521
489327513
489218873
489167654
489032863
488925382
488750247
488681521
488637704
488427914
488367632
488353411
488134985
488035231
487938522
487818738
487683743
487556558
487420527
487262047
487126899
486965854
486832600
486735060
486640198
486571741
486469129
486382529
486217058
486100067
485884200
485782098
485669277
485496552
485405244
485359225
485279621
485097827
485021884
484903567
484874432
484699344
484596640
484462343
484329671
484257745
484197557
484043730
484000677
483932310
483849617
483703951
483617219
483504361
483457347
483393813
483285475
483165853
482974834
482942537
482925578
482784635
482703571
482565877
482430257
482268286
482176926
482090374
481936853
481856979
481782309
481688145
481451431
481388423
481328259
481221406
481132429
481069087
480952054
480786146
480740530
480602466
480520799
480386219
480375119
480260221
480169614
480076069
479937157
479844923
479812689
479765522
479723109
479554540
479451713
479383568
479224443
479201713
479030046
478958823
478862054
478759632
478622748
478555844
478342683
478222213
478114300
477996874
477917614
477860108
477782927
477709497
477628735
477574900
477401312
477366991
477184805
477050018
476939464
476791401
476683454
476649245
476502861
476455779
476192092
476137013
475964864
475939740
475928437
475838496
475740133
475695040
475470585
475327813
475239731
475137256
475043130
474964710
474795598
474762403
474674026
474527651
474459631
474380667
474373467
474312820
474178909
474062298
473961533
473830514
473755489
473664877
473637388
473484371
473409633
473288179
473266888
473162972
473086460
473003226
472973025
472876620
472746177
472489770
472351917
472284286
472160518
472033172
471938606
471806811
471773761
471673902
471639266
471530624
471458721
471363136
471304043
471172983
471001429
470846519
470755028
470654353
470440348
470421221
470254600
470030939
470001816
469965365
469873996
469868249
469788466
469624061
469454815
469346875
469275678
469164823
469113461
468925172
468836816
468714413
468623111
468527491
468362322
468256309
468103077
467949496
467901356
467795095
467712622
467638847
467499783
467382400
467281971
467250021
467111147
467078854
466975471
466861423
466691522
466552592
466453334
466303385
466174763
466071595
466038866
465900771
465750077
465636472
465478842
465363994
465220892
465093966
464955443
464861069
464773430
464740590
464698149
464588942
464480975
464392124
464265550
464202703
464159739
464055246
463928792
463779815
463708956
463517579
463488637
463340104
463230689
463145699
463012763
462923629
462863852
462778592
462735037
462664109
462633151
462440723
462341577
462201588
462110740
462035367
461958658
461932177
461832364
461796747
461726304
461610212
461430159
461292618
461196309
461013510
460869739
460828193
460772584
460629874
460501147
460465487
460277239
460098161
459945401
459815852
459703390
459623774
459469873
459394126
459331633
459167331
459108798
459057737
458906183
458753737
458711159
458567781
458387851
458291735
458233734
458184560
458018970
457902372
457671802
457527627
457354290
457165117
457001679
456935567
456865121
456729311
456552151
456374342
456311218
456175520
456061842
456003213
455895802
455772078
455659114
455588174
455419717
455306016
455239800
455132107
454934711
454866269
454683371
454600708
454468745
454403777
454215587
454118528
454051234
454006354
453889503
453815883
453695482
453522470
453435325
453270793
453113888
453046521
453032301
452961024
452803655
452732276
452691395
452571901
452511361
452434265
452343432
452239498
452181440
452021469
451859583
451800224
451657233
451565372
451450993
451342485
451182862
451141566
451018926
450914579
450843501
450800901
450747645
450620535
450458750
450340008
450238350
450116638
450034105
449881627
449856141
449705256
449544153
449419594
449346555
449123649
448991228
448962675
448805111
448791788
448664204
448499535
448371080
448283645
448254078
448245101
448146503
447959149
447819850
447717927
447647560
447631690
447588545
447480228
447386689
447291275
447141241
447028955
447010139
446933512
446819605
446744596
446632781
446420877
446309918
446144074
446118289
446009574
445927787
445814057
445729108
445645491
445427386
445424453
445275185
445194569
445123788
445101606
445045601
444974739
444900167
444715345
444662873
444494704
444355934
444241120
444122045
444108003
444008845
443929202
443737041
443646040
443584258
443546550
443441705
443378597
443177743
443137921
443081107
442922333
442880457
442730619
442602775
442451504
442394843
442241938
442181505
442128272
442071321
441922346
441757955
441736963
441608838
441549236
441471962
441362048
441321875
441109223
441003272
440868205
440727430
440611613
440561758
440499467
440440300
440319818
440223130
440154707
440118777
440068489
439986750
439901633
439865973
439761932
439655438
439484354
439478871
439385697
439338803
439151415
439084316
438964826
438822474
438705449
438592378
438498741
438321310
438263213
438166438
438052520
437898530
437692800
437571846
437376345
437199448
437084351
437077765
436963640
436836032
436792213
436706071
436538939
436422298
436361387
436273351
436180106
436057402
435937838
435838089
435729682
435715354
435599518
435544776
435517639
435403220
435380676
435300564
435203425
435091477
434981805
434857093
434748397
434605160
434566599
434414998
434398656
434313381
434165033
434029148
433960301
433898891
433795176
433670086
433532828
433439130
433335120
433237677
433141636
433037819
432935233
432825694
432657211
432570226
432526987
432477898
432398884
432318035
432128634
432124529
431996216
431819270
431656227
431554008
431397832
431275353
431064587
430998458
430911839
430797860
430723159
430560568
430403610
430246154
430221814
430118837
429995909
429882582
429870709
429769124
429715881
429638829
429563081
429440113
429408314
429228240
429028905
429016397
428893323
428807901
428690582
428587383
428485149
428277410
428188221
427980966
427896631
427866044
427653147
427488105
427309692
427154650
427089781
427019391
426814430
426695812
426599377
426546559
426498899
426405647
426286675
426145407
426037549
426023614
425894310
425891545
425833851
425674033
425567574
425401111
425344822
425213857
425117905
425063356
424983726
424876260
424867223
424684909
424484938
424377631
424321466
424288601
424187790
424145312
424033706
423998515
423873215
423764362
423656313
423562627
423497722
423472684
423324960
423248051
423139242
423104737
422947711
422842805
422722294
422642320
422495972
422391732
422283377
422208934
422085133
421987240
421915549
421824086
421815561
421658094
421593285
421489163
421337436
421299787
421164309
421132420
420964967
420867159
420821738
420715299
420677013
420533522
420447744
420360144
420187234
420053730
419922380
419794454
419725746
419555482
419503686
419493116
419425676
419414485
419246352
419091280
418973647
418923628
418846666
418825016
418707313
418662379
418581382
418529909
418381975
418296205
418179023
418078350
418001318
417854726
417760477
417636201
417525282
417303594
417276233
417065157
416969636
416902493
416849085
416769680
416747076
416603234
416471954
416288502
416160259
416078579
416066558
416002735
415910558
415758389
415637205
415585780
415476920
415377452
415294700
415121893
415062460
414921348
414823271
414808703
414693631
414622977
414481651
414410483
414274707
414107304
414053483
413984178
413883671
413762505
413713179
413615411
413468362
413368950
413269666
413237645
413203827
413084610
412968455
412856942
412742785
412618387
412451005
412394392
412243469
412219636
412000337
411899713
411845056
411744112
411651737
411499558
411360098
411272180
411229560
411142086
410943170
410831111
410731292
410591545
410519219
410453540
410420104
410261959
410149672
410141592
410135895
410067788
410012251
409793295
409583566
409436748
409269507
409195262
409143383
409048352
408953689
408834549
408717909
408586666
408462597
408355754
408206039
408058991
407998059
407962909
407848961
407724977
407564843
407501430
407346594
407252791
407125559
407017383
406958046
406934949
406743521
406595260
406530882
406429753
406343063
406241029
406094235
406011891
405961958
405849929
405735490
405653518
405514446
405382237
405314095
405210634
405071786
404943260
404789533
404612827
404437922
404426339
404222228
404076161
403987385
403874371
403724316
403641575
403504609
403314861
403187278
403163398
403037056
402910654
402742177
402602041
402457243
402418978
402364500
402319685
402235233
402134992
402038160
401992423
401958810
401895872
401840937
401763378
401709172
401587064
401490371
401349462
401199915
401160658
401089878
401061681
400887032
400658239
400485521
400382244
400313494
400270439
400194625
400135242
400074234
400018945
399873542
399770437
399723921
399653625
399583044
399470093
399374116
399250482
399145818
399014234
398924100
398820964
398602835
398578147
398492711
398299257
398180314
398130528
398012462
397960534
397785079
397626484
397599001
397436855
397309164
397241982
397105799
396954736
396784642
396671122
396555944
396456531
396406502
396275872
396113209
396112275
395981143
395825496
395778506
395749058
395642132
395541763
395470290
395364188
395286044
395164344
395110153
395072160
394931664
394929357
394859529
394696738
394618493
394399013
394389335
394321258
394145946
393972658
393848314
393738470
393665274
393619493
393477071
393374899
393315653
393201839
393092614
392986623
392882589
392799462
392628082
392537224
392396190
392330930
392218764
392085581
392055118
391929119
391871735
391738426
391641297
391568032
391421920
391365067
391331869
391167393
391099106
391044562
390952484
390907258
390747398
390600716
390553441
390422780
390364644
390290135
390106698
389979277
389903216
389803234
389643575
389486521
389355922
389277869
389141282
389005954
388900128
388769949
388663374
388508769
388309966
388068728
387882296
387716389
387627405
387532752
387324404
387214846
387098981
386987770
386841066
386766273
386628019
386547910
386480641
386370284
386305541
386193833
386132659
386013453
385933416
385859468
385721496
385567434
385487210
385389143
385352296
385212132
384987483
384873019
384722023
384552273
384464468
384360907
384359596
384254359
384128948
383974444
383921140
383825241
383804225
383716038
383674293
383611748
383479457
383432004
383304432
383263364
383184795
383113925
383075134
382992579
382845188
382654525
382622206
382460437
382403321
382198068
382114224
382098909
382001560
381922756
381755309
381681783
381559653
381451464
381388984
381260776
381130009
381000094
380931456
380768955
380663941
380622240
380564686
380435026
380386016
380224278
380155795
380062892
379912937
379839540
379753316
379685805
379623670
379536052
379426678
379280492
379159982
379086290
378885351
378831888
378787085
378610388
378480196
378385008
378261241
378128208
377992119
377860296
377718569
377693314
377587016
377459339
377340919
377270676
377212274
377185590
377146274
377049959
376861408
376772555
376735304
376692657
376507195
376366692
376301263
376236224
376053589
375958896
375925959
375821223
375757912
375740566
375598773
375544152
375442324
375414009
375234824
375123007
374976259
374751687
374647351
374582985
374571227
374542368
374446907
374349478
374330886
374273323
374206153
374072944
373954852
373780896
373745041
373563683
373455784
373379861
373170758
373030197
372909042
372813384
372715050
372560917
372412077
372343487
372197192
372138148
371957117
371889617
371799807
371781850
371704890
371645251
371579692
371438679
371298026
371187505
371118920
371040385
370982935
370897840
370839047
370821872
370673661
370627572
370549661
370435601
370348089
370266992
370090774
370015355
369900638
369771340
369685696
369561180
369473669
369357007
369241037
369154962
369074276
368886622
368782947
368656997
368594464
368422614
368219824
368154133
368055887
367944629
367863903
367742690
367610843
367450461
367352347
367291427
367179479
367083081
366939022
366840947
366752397
366632002
366525728
366407902
366373343
366308687
366149184
366042362
365927590
365682246
365584001
365429762
365420770
365332587
365236100
365191255
365091607
365019292
364899872
364877000
364814750
364685024
364555381
364462376
364397768
364314354
364287756
364159894
364068167
364026812
363945965
363869979
363791164
363701023
363651097
363553695
363405584
363350340
363190721
363124874
363000368
362856661
362771247
362660406
362557249
362456865
362344364
362250068
362119460
362054535
361964774
361874024
361818550
361763229
361646585
361471568
361337238
361222714
361077028
361012148
360936848
360764456
360615920
360552244
360480825
360305414
360205875
360110828
359962723
359842258
359753066
359649520
359476549
359365621
359337022
359249281
359197900
359078827
358966088
358902155
358753111
358568932
358502409
358478407
358419144
358344415
358280834
358181046
358123882
358064509
357964190
357800761
357706761
357697874
357587233
357474443
357436288
357388188
357269238
357255477
357188938
357041937
356962780
356754741
356691310
356470452
356455812
356409082
356332930
356249800
356107214
355928003
355720907
355654305
355485668
355366757
355303582
355297978
355174354
355116884
355038260
354901377
354723072
354681449
354616985
354542535
354356339
354288215
354224541
354142184
354113425
354038897
353935953
353827704
353753186
353639507
353531369
353514643
353435512
353348477
353239305
353143371
353098914
353006512
352898420
352814223
352724223
352522199
352429551
352355305
352239100
351988615
351870717
351836674
351693085
351662174
351555343
351515555
351405836
351289089
351156970
351121580
351023251
350946720
350817774
350687528
350542242
350433855
350247256
350005997
349878120
349789069
349761441
349676044
349562519
349518645
349446518
349292892
349200381
349064470
349044374
348909636
348904962
348765705
348617957
348523822
348377728
348209592
348133593
348082287
347934562
347710190
347660916
347478734
347401792
347387785
347285213
347144187
347069871
347039378
346983600
346806828
346661708
346475538
346362024
346227293
346107841
346000721
345876443
345806517
345716424
345576872
345516892
345438631
345392046
345364078
345247757
345130360
345035202
344913956
344869579
344760921
344710277
344602923
344551677
344370639
344266491
344073141
343910449
343797019
343680783
343651685
343527626
343482465
343395619
343302175
343135486
343011619
342944910
342860093
342808628
342730583
342568819
342447030
342225675
342107121
342007314
341876862
341709724
341572684
341475392
341466395
341422212
341337156
341229216
341015856
340920897
340791740
340751138
340602080
340453557
340325299
340222764
340005436
339968582
339850967
339814023
339750893
339750755
339645843
339592240
339468903
339324829
339227413
339049651
338970936
338865889
338856029
338677809
338548436
338376221
338373600
338184684
338043186
338010169
337945566
337820437
337715331
337632072
337508770
337371992
337299294
337167499
337125785
337045074
336912260
336786424
336756554
336715919
336670017
336517312
336408426
336308913
336236681
336065785
336045612
335984082
335919135
335864618
335709628
335704049
335533320
335486415
335414229
335301738
335277616
335164164
335133347
335036588
334906040
334710615
334643663
334623043
334513785
334323343
334175839
334087489
333966700
333796098
333699516
333584889
333506851
333418316
333273707
333151174
333002979
332956900
332779251
332683963
332643211
332577866
332471263
332322483
332227483
332130848
331968662
331818722
331749716
331701197
331626688
331449832
331379101
331361050
331215621
331044503
330984315
330834080
330616919
330521097
330458448
330358652
330354086
330214924
330190971
330115116
330061287
329929749
329789036
329694646
329587838
329473382
329401534
329296092
329152197
329024207
328887394
328772847
328737941
328616666
328586007
328506222
328422068
328298070
328205116
328126452
328012792
327853426
327737933
327645258
327492429
327402051
327310665
327196192
327162530
327121487
327010157
326911836
326823607
326681485
326561154
326514710
326437149
326264410
326211858
326113668
326022418
325927320
325825883
325648916
325579748
325575771
325450685
325424308
325291589
325233989
325145947
325039559
324964755
324946248
324852986
324827016
324773730
324715996
324650718
324479688
324404369
324325432
324207186
324121741
324007978
323877734
323862995
323739531
323647753
323548348
323505602
323402716
323339823
323201176
323063017
322907468
322832154
322680593
322588549
322533387
322400275
322333946
322333590
322202995
322070885
321957063
321843077
321796198
321645732
321605948
321538137
321486894
321327429
321215326
321089640
321009638
320922343
320817111
320675307
320570841
320423597
320310853
320203085
320084053
320012064
319941892
319879223
319816358
319747774
319648945
319573918
319489379
319243962
319070042
318947156
318943641
318902070
318863546
318788603
318641328
318505943
318411965
318386605
318312854
318168164
318023077
317935622
317926947
317796835
317754402
317599234
317476376
317381885
317280154
317124892
316955005
316954859
316819931
316799899
316755941
316535207
316431541
316366358
316301187
316254388
316158430
316058966
315967161
315828163
315729480
315666372
315489017
315429639
315410656
315347119
315254640
315177804
315053539
314898034
314799506
314660910
314510210
314463373
314331255
314302903
314167518
314070343
313980065
313833728
313684265
313604313
313519173
313406556
313286704
313263032
313173397
313113557
313057590
313014888
312937586
312794674
312767550
312679111
312574545
312435611
312407721
312307378
312178243
312068438
312010400
311897540
311779721
311687179
311626862
311474436
311370247
311331790
311202107
311066962
310943688
310843432
310671524
310521870
310500700
310465003
310361499
310167224
310061538
309975313
309895937
309856545
309711336
309577601
309563716
309474852
309322988
309220281
309110066
308945588
308886739
308678785
308578005
308487569
308451214
308360935
308259546
308159469
308057836
307953772
307806486
307669534
307520432
307448868
307348864
307178793
307130121
306958207
306774917
306693597
306675930
306594300
306525486
306298354
306185900
306169211
306104341
305952813
305875407
305752617
305664253
305517828
305381046
305249876
305111858
305058265
304942368
304837441
304714154
304619514
304494138
304269055
304226723
304067112
304009850
303924476
303780498
303597725
303462172
303352421
303259951
303126093
302952492
302815371
302730508
302661096
302483910
302416726
302332376
302174626
302112620
302016382
301927203
301808030
301692369
301505314
301360167
301293774
301180162
301099700
301003169
300908702
300880776
300772089
300702939
300575289
300514343
300361772
300268177
300078898
299987389
299816846
299739467
299635198
299487419
299424263
299361636
299197900
299178779
299143425
299009370
298937304
298816083
298709853
298610010
298495936
298345123
298277878
298185590
298138070
298011308
297963039
297854549
297739695
297620534
297443918
297349464
297269446
297136642
297002361
296915829
296849102
296791958
296738996
296652746
296562912
296473884
296435620
296388039
296216192
296097399
295977672
295961573
295915542
295835033
295734485
295608186
295481909
295425791
295273456
295200833
295073935
295003359
294892737
294740843
294643066
294637808
294605748
294514765
294387567
294293443
294197680
294125741
294113100
293982791
293905883
293838256
293692574
293531490
293508103
293363347
293350024
293237961
293167639
293090571
292984574
292920650
292828462
292761548
292664716
292651273
292524399
292454176
292415763
292310809
292195152
292064590
291918678
291857899
291830128
291825120
291782884
291678917
291583532
291390733
291262591
291241486
291122749
290960413
290779822
290759754
290623588
290543767
290427892
290345223
290321887
290220010
290130893
289922659
289845463
289765460
289630500
289564391
289465289
289401444
289306001
289217402
289051700
288905401
288768250
288639631
288630731
288576931
288507880
288431989
288376624
288243786
288096691
287940617
287767235
287685716
287629526
287553662
287477907
287361296
287238095
287146968
287070291
286969843
286878215
286764643
286689614
286588658
286525351
286379777
286362630
286269210
286137071
286063396
285980317
285887786
285809980
285587163
285488263
285435228
285325551
285207208
285005621
284990549
284885684
284753298
284647108
284558189
284496533
284391901
284303218
284241961
284183374
284037475
283906421
283825790
283661901
283552371
283522441
283450297
283422043
283286424
283249947
283190418
283070181
282963467
282879550
282753312
282606842
282596597
282490515
282411079
282217582
282137260
281992756
281908193
281810384
281700651
281631612
281471068
281382157
281295929
281156542
281044586
280947509
280918235
280850016
280737028
280668097
280611656
280539457
280421855
280328702
280104511
280053028
280006853
279898066
279788057
279643239
279614919
279480134
279407813
279401379
279387153
279274888
279196095
279108287
279061787
279009637
278989370
278897737
278793979
278726397
278675899
278586687
278447842
278379064
278348402
278244303
278117950
278032492
278006772
277839296
277690168
277582634
277477281
277353411
277154874
277077491
277016292
276835538
276782340
276694871
276659414
276587386
276438863
276266798
276175616
276060167
275937359
275917050
275800245
275766745
275730623
275636184
275609799
275546903
275380544
275339839
275264518
275125168
275009488
274905198
274833389
274761532
274651956
274552564
274432184
274408142
274337779
274255098
274235854
274152646
274005927
273926852
273810068
273693660
273615412
273550947
273436394
273377997
273328645
273226261
273129109
272998981
272941811
272843739
272707756
272540498
272408699
272239226
272096451
271981145
271935998
271843403
271753839
271598538
271593246
271431488
271421032
271306888
271240022
271091860
270983747
270855542
270725567
270603363
270506355
270455647
270293511
270134515
270088180
269897626
269865115
269750090
269618081
269433100
269367945
269272530
269143954
269039026
268934865
268825778
268744300
268620088
268520447
268337735
268211861
268113055
268024747
267966447
267883407
267773319
267685022
267582661
267455763
267273370
267245973
267118107
266955841
266841536
266696357
266588302
266391345
266350527
266308282
266229268
266193060
266141376
265924278
265862957
265788082
265702087
265606881
265530802
265497058
265412903
265335096
265252466
265064253
264922101
264843640
264671964
264483158
264362505
264255385
264103291
264084506
264025077
263974943
263891846
263857018
263774889
263656654
263509090
263401880
263355285
263182288
263101172
263031826
262904072
262800459
262728955
262675810
262653582
262581946
262547423
262454765
262386543
262286466
262144859
262069355
262005360
261854732
261705496
261623803
261568687
261458506
261327375
261189667
260968207
260830548
260809625
260714384
260656251
260588791
260492056
260384970
260235997
260204478
260111071
260068306
260002948
259873503
259782948
259729145
259697261
259664657
259598301
259402035
259337579
259294269
259176956
259131097
259013312
258853282
258672035
258639194
258524960
258461702
258322283
258191430
258111189
258010867
257862844
257800974
257676465
257554811
257512310
257388820
257242393
257140095
256991159
256875184
256772240
256648301
256459295
256372234
256316782
256262009
256046872
255900864
255784831
255650083
255483918
255283580
255145628
255025732
254946085
254806956
254788785
254739493
254630647
254613275
254489280
254388316
254312121
254183146
254055342
253915320
253806929
253737155
253554027
253518475
253346781
253253489
253198602
253078031
253025554
252904155
252746003
252681076
252520367
252439251
252413626
252320838
252235475
252131237
251988761
251890194
251791105
251674093
251627803
251589433
251537088
251428201
251346535
251248261
251154314
251003293
250897285
250863623
250815091
250731007
250584289
250506980
250425610
250413824
250322863
250272357
250018944
249945483
249847126
249789342
249778486
249708393
249636746
249582059
249449691
249417940
249338081
249278906
249208290
249102885
249039543
248998480
248877175
248758965
248652756
248572485
248433231
248252527
248214277
248185360
248149874
248073932
247911070
247738959
247597177
247446800
247270089
247176335
247119413
247043657
246947460
246931557
246839964
246816811
246792801
246676433
246617905
246531610
246478853
246331591
246109321
245998818
245925289
245726104
245586978
245459846
245316937
245233915
245148859
245024189
244942397
244840108
244670018
244567238
244460187
244336067
244162447
244016266
243907027
243879864
243747008
243580169
243465350
243456983
243452725
243375332
243271754
243225838
243150974
243019696
242954030
242885702
242783858
242693744
242655685
242526596
242413801
242342660
242207172
242136571
242048308
241908818
241829644
241764982
241714192
241553024
241463714
241329726
241240875
241115634
241040208
240921719
240868881
240759071
240610572
240451942
240408094
240294327
240223025
240138025
240069826
239959140
239949150
239853870
239823410
239658698
239512835
239479053
239300635
239234948
239194272
239093655
238989418
238791945
238713490
238543620
238528942
238453068
238306804
238093143
237957216
237838684
237663070
237494274
237431993
237301079
237220319
237123315
236933835
236821276
236640897
236524580
236399459
236304985
236200179
236113274
235976561
235828377
235742341
235678513
235601772
235449460
235360073
235228625
235102247
234993454
234927376
234756391
234717997
234614151
234511416
234387922
234291507
234164258
234058649
233872958
233736139
233595564
233531195
233474634
233351072
233243653
233228026
233116566
233014488
232891267
232781847
232698526
232642127
232501118
232456680
232441388
232321233
232255543
232171498
232123058
232006438
231861451
231748414
231617535
231517126
231448125
231383013
231364647
231290232
231097177
230988303
230950753
230820501
230696733
230494059
230412750
230316647
230259558
230173966
230081491
229946028
229840703
229749926
229713797
229613920
229508096
229437802
229368097
229342875
229302576
229197924
229123997
229042190
228863835
228757735
228641541
228636521
228491790
228456899
228456013
228447738
228391382
228232534
228143549
227991082
227836214
227779277
227722784
227615243
227539605
227410102
227320564
227230432
227073645
226959323
226794912
226626605
226550094
226452052
226390009
226342236
226303826
226071844
225964288
225757032
225534374
225439458
225339984
225198250
225153373
225023430
224926753
224765754
224634684
224515287
224484949
224376812
224268902
224154356
224075436
223913665
223886376
223784921
223616044
223449551
223273906
223110970
223019805
222926986
222833230
222727664
222602444
222502417
222416480
222309313
222164877
222009848
221978444
221872257
221792756
221662683
221520198
221449255
221348432
221191703
221032271
221031751
220905337
220742726
220673922
220585811
220529681
220436685
220302408
220213372
220011367
219852340
219726313
219565176
219526270
219356356
219313630
219247546
219154102
219051072
218887811
218704628
218596163
218460716
218332732
218290904
218198317
218128382
217920210
217844592
217748766
217698781
217593008
217400872
217290455
217205228
217074238
216928585
216848441
216795162
216634204
216500272
216446648
216394175
216167878
216010479
215864492
215797660
215703905
215529260
215399957
215283685
215207329
215122370
214926567
214790100
214685357
214678779
214552304
214361986
214209784
214070898
213860955
213744948
213676442
213606032
213504362
213328043
213150492
213122648
212996470
212840669
212703888
212619506
212551457
212458351
212360535
212223974
212075512
211923012
211809146
211709514
211595144
211470498
211315296
211229364
211196061
211050744
210906335
210797621
210673503
210544451
210499554
210340990
210284725
210160478
210067745
209881337
209794056
209628745
209579963
209474327
209367831
209266771
209172402
209091330
209002481
208880201
208758946
208657066
208571063
208446040
208279899
208249615
208147839
208040451
207927906
207850511
207781187
207688318
207492164
207388006
207296332
207036584
206950554
206912105
206809271
206646106
206434371
206351332
206209936
206093635
205992009
205891133
205782282
205672095
205601514
205447425
205380543
205325567
205197301
205120805
204989907
204842585
204713678
204580555
204522179
204409254
204263308
204112864
203986983
203929845
203856018
203719956
203622421
203503478
203374677
203292225
203105533
202954790
202841496
202713523
202617959
202475914
202443321
202314848
202153409
202039681
201898818
201855243
201787117
201692884
201582599
201521802
201418238
201341636
201188296
201166524
201068775
200908654
200899152
200776738
200736303
200674020
200526803
200437783
200316592
200160691
200048694
199916499
199754518
199615907
199554950
199362097
199247399
199148710
199081009
198911598
198845309
198774977
198616963
198567734
198534662
198494690
198372680
198178549
198125983
198088740
197983058
197884564
197784110
197759631
197630773
197560723
197454315
197294906
197239493
197070156
196998299
196950531
196815442
196699897
196611910
196507364
196464844
196345465
196204243
196070685
195997714
195883881
195747910
195644674
195589242
195429389
195323879
195194163
195155408
195092243
194992808
194854325
194732001
194680595
194612455
194454441
194313990
194180966
194139596
194098921
193920793
193825938
193686628
193603642
193539592
193497303
193432399
193381570
193273900
193094680
192962685
192875742
192813906
192755244
192709100
192663115
192506331
192382319
192277857
192142474
192057631
191871364
191763090
191736232
191644275
191614717
191584886
191521085
191431384
191354389
191290163
191133293
191039107
190931434
190849742
190758933
190690944
190559771
190449946
190370008
190292109
190227222
190175528
190096270
190005405
189943794
189795366
189676920
189500538
189379048
189352257
189235556
189145536
189016183
188880454
188788031
188680914
188570420
188528200
188516661
188416395
188304874
188222451
188106146
187924980
187811103
187729980
187652771
187548878
187489976
187348438
187175967
187133154
187113690
186999659
186912635
186826770
186695626
186606562
186442160
186410743
186282263
186213601
186158645
185970682
185802030
185646529
185534855
185421575
185317081
185167995
185119906
184944314
184845662
184737902
184698173
184560225
184517352
184456686
184337433
184260514
184089855
184069881
184061495
183924285
183805182
183774321
183730000
183589613
183498660
183416254
183378468
183272990
183236146
183149568
183055556
182983831
182935225
182806734
182755467
182625014
182462332
182425841
182377415
182214932
182072624
182011189
181847242
181707384
181608305
181501334
181439292
181328677
181147704
181003508
180926027
180777519
180677122
180617231
180542483
180460996
180407504
180330544
180194156
180136995
180122255
179965381
179718144
179640304
179602259
179466987
179439145
179390492
179299368
179086286
178971507
178766746
178584276
178514570
178394200
178389656
178276699
178195451
178075893
178031560
177911078
177861787
177818364
177736438
177609647
177478714
177410441
177307191
177220550
177034209
176972519
176857781
176776537
176683900
176637228
176534401
176376591
176280089
176224405
176151917
175991594
175847064
175662152
175426487
175377196
175190406
175064490
174920122
174770878
174695117
174652023
174538081
174476754
174361785
174280824
174154000
173996988
173918612
173872563
173813717
173701326
173499285
173418330
173228303
173101363
173100817
172985837
172921622
172808301
172773543
172585968
172452276
172433761
172357541
172222994
172162750
171988610
171872492
171767051
171667795
171565428
171447881
171372301
171336285
171140547
170980878
170971478
170878693
170760564
170638068
170591517
170420868
170351541
170272971
170190078
170106593
169960408
169919509
169742416
169573496
169506563
169449354
169364257
169273384
169151958
169057696
169024311
168926363
168797941
168707983
168659322
168492390
168401165
168386729
168345889
168209617
168045143
167893445
167774198
167650148
167600701
167570454
167444136
167306936
167287612
167182866
167100916
166987033
166843843
166713237
166645448
166503152
166444927
166340447
166093842
166014290
165831594
165736681
165711733
165592411
165544108
165422246
165381097
165253622
165177748
165087828
164973979
164833604
164749242
164714549
164590702
164494554
164324845
164229749
164189764
164144822
163990511
163902105
163738303
163653775
163652606
163513219
163377172
163296084
163224734
163113441
162952180
162825831
162696041
162636603
162505486
162471819
162446498
162283717
162202273
162096624
162053197
162007591
161904889
161873043
161777192
161611044
161535543
161382832
161268649
161178340
161074641
160944894
160891429
160837174
160725186
160596199
160433319
160300163
160163338
160131396
159906733
159833640
159802482
159752975
159639756
159490868
159425940
159389397
159335155
159291395
159224329
159049477
159017758
158872250
158815960
158608616
158478256
158337866
158202410
158097285
158040288
157874187
157745497
157639765
157527774
157506707
157358251
157252859
157140469
157056592
156972110
156863993
156775454
156649869
156590979
156477310
156333553
156193753
156077520
155987843
155915736
155822618
155646332
155492694
155404662
155341681
155178712
155072402
154928080
154808616
154729660
154664563
154476525
154284787
154141147
154060151
153993463
153882123
153779526
153734887
153716621
153636320
153580063
153459624
153324432
153204763
152979840
152914851
152754282
152587197
152431041
152224863
152184370
152155637
152149455
151999339
151884758
151784350
151667738
151512712
151416288
151328579
151247016
151086625
150974013
150886275
150884470
150751201
150652404
150547673
150390787
150325618
150188677
150104787
149960204
149913110
149818147
149743267
149594789
149476851
149379421
149289987
149162447
149093128
148914321
148839652
148788746
148698133
148575165
148499011
148407954
148221899
148177610
148007963
147964213
147962806
147919330
147785664
147667343
147581660
147438340
147392385
147321861
147256166
147187043
147081326
146972895
146847959
146782747
146582158
146480920
146359795
146289945
146112845
145989346
145956900
145892681
145851011
145790672
145691760
145621429
145514888
145386542
145263242
145190556
145075754
145068756
145019387
144835859
144765204
144535000
144410219
144372645
144288022
144113098
144013629
143927245
143816514
143748151
143697162
143648137
143507551
143466154
143429403
143293728
143285901
143217798
143100212
142905006
142751981
142641913
142507156
142336501
142218403
142053251
141955267
141916664
141763132
141639851
141511029
141387946
141289799
141169227
141033271
140895122
140734856
140714235
140586153
140545466
140538096
140434463
140326292
140276760
140221489
140104627
140077962
139923803
139848113
139722913
139679691
139624960
139555246
139470665
139448440
139355146
139158592
139013998
138976136
138882756
138762988
138661227
138531408
138423910
138294733
138111476
137958172
137766816
137722203
137584820
137433866
137346039
137262750
137187396
137016893
136892797
136716394
136645434
136600054
136496692
136382185
136269267
136202234
136023151
135872482
135739458
135659637
135579888
135535054
135404132
135362798
135222797
135134489
134924282
134776334
134771015
134728196
134573763
134367117
134291769
134138359
133974891
133971145
133827976
133660677
133622401
133510969
133358286
133310574
133254057
133151006
133041999
132876347
132775015
132692666
132618648
132462213
132383150
132200008
132061181
131870591
131750299
131647711
131416670
131346531
131262286
131064663
130930936
130824045
130726086
130691169
130522468
130403681
130299774
130137147
130118355
129991456
129913272
129840322
129787141
129680513
129551209
129483630
129441189
129319002
129221787
129088055
129050036
128956120
128830008
128705701
128550781
128428979
128357038
128228737
128129289
127991068
127832644
127732233
127545640
127404137
127274886
127227831
127143991
127066635
126897673
126859299
126713434
126617770
126506742
126452345
126391493
126294146
126212960
126171991
126127133
126043728
125947431
125830679
125806631
125713013
125629591
125556445
125480459
125374529
125257852
125191167
125071832
124980441
124934973
124903876
124850307
124715178
124648597
124535960
124436518
124361879
124259095
124155357
124100441
124072659
123995085
123897170
123840720
123745824
123641022
123574218
123352766
123272203
123191361
123074478
122914607
122732156
122672461
122552254
122384299
122197157
122129623
122027329
121940519
121721570
121614539
121491632
121388734
121274179
121246733
121161546
121104769
120972277
120815843
120696028
120663839
120544209
120466739
120312070
120222172
120018384
120000398
119925419
119844284
119701683
119582784
119478684
119350991
119180110
119036655
118960481
118945038
118849465
118803509
118692056
118495115
118483591
118307646
118165084
118153814
117991832
117938228
117848587
117808438
117682433
117584109
117463011
117402504
117364093
117234846
117154766
117015711
116841048
116811592
116673445
116612349
116610593
116486398
116453894
116366658
116235668
116115844
116028051
115900536
115781174
115702112
115580934
115535285
115400860
115239144
115187050
115126113
115044230
114928463
114758021
114688376
114509812
114450116
114363679
114207823
114034958
114012583
113920171
113805757
113705203
113685629
113575998
113535708
113438263
113361585
113201898
113201530
113080478
112975192
112914232
112858326
112822978
112737327
112675502
112642883
112563958
112445764
112425950
112290999
112142050
111986414
111818804
111661875
111517300
111414198
111275796
111246525
111114710
111028280
110947151
110841488
110693428
110588495
110523893
110496960
110474772
110342286
110234905
110153100
110090038
110014986
109830047
109730809
109659584
109601170
109474893
109267002
109218588
109087410
109003518
108910577
108758622
108670357
108603135
108468959
108335765
108295892
108184941
108153134
108141622
108084350
108003754
107834261
107688951
107574490
107453481
107379869
107145315
107072565
106894254
106892963
106772841
106726234
106623285
106554350
106461175
106371376
106295224
106147727
106095075
106069226
105936621
105796621
105723430
105617740
105553551
105383788
105243570
105157765
105114041
104991712
104876184
104707819
104518184
104446377
104299200
104163933
103939407
103874120
103790630
103689627
103656750
103469660
103390912
103291076
103170478
103107965
103081017
102953565
102827852
102733898
102680960
102502563
102409294
102311188
102127393
101958809
101925109
101829958
101746135
101644852
101471465
101279811
101264247
101106667
100964297
100791273
100685945
100557132
100486922
100443102
100347623
100303742
100191514
100116591
99990982
99884362
99850693
99753820
99592771
99509367
99381639
99256450
99226504
99014220
98962685
98773248
98614685
98483565
98363247
98334489
98298555
98208053
98112012
98013934
97995614
97916318
97905999
97812995
97735881
97686624
97542175
97359754
97277290
97165427
97066598
96932510
96879613
96787937
96694512
96636328
96569194
96537277
96396325
96235096
96201113
96076067
95962334
95838568
95763025
95682219
95638627
95502617
95485793
95385266
95231749
95093961
94947961
94930555
94901572
94839719
94729574
94647186
94486767
94374028
94272489
94081673
93914644
93713488
93641681
93524896
93351924
93275273
93128959
93048045
92942395
92900838
92830569
92753329
92602478
92492945
92350831
92224724
92086027
91895156
91847235
91749303
91621966
91562522
91445890
91392918
91192514
91045501
90887542
90702796
90625919
90609812
90568499
90396940
90215785
90119754
89970701
89882182
89736972
89673665
89597873
89493579
89362076
89211982
89095794
89045580
89023237
88877076
88789048
88644268
88589796
88496598
88382958
88289344
88107062
88014462
87921183
87829823
87713680
87606357
87563944
87474959
87346979
87272320
87260125
87127277
87006435
86819837
86716302
86592161
86441936
86274974
86239867
86066443
86004071
85927771
85810663
85756666
85715522
85585188
85491527
85436207
85374432
85246843
85231781
85146361
85078946
84948405
84947737
84914532
84798386
84706733
84600727
84488897
84332474
84325848
84289370
84233602
84193485
84133437
84058320
84013004
83921489
83824203
83724946
83595500
83452826
83419918
83333990
83224882
83120654
82995407
82902994
82805664
82798775
82740562
82674344
82510418
82439192
82300688
82247216
82115523
82068399
81970566
81896026
81855740
81742730
81668184
81494589
81480718
81343769
81278879
81190410
81113196
80979185
80872623
80670436
80545151
80405318
80327457
80223390
80104834
79972056
79901323
79781811
79651854
79501814
79351968
79268999
79218896
79079564
79029998
78943179
78902067
78750168
78670520
78653764
78536852
78435677
78356934
78258593
78195032
78041461
77960860
77889909
77729642
77670145
77549600
77507423
77460815
77315699
77142783
77069242
76913041
76766884
76643696
76597955
76571668
76488921
76434594
76264845
76183043
76149188
76011598
75952817
75856184
75673696
75595087
75521962
75376605
75347327
75255182
75112356
75005629
74811910
74716059
74573542
74454103
74452627
74348653
74256966
74198499
74079488
73981874
73831832
73663014
73542291
73426074
73367671
73331195
73093082
73052416
72940777
72885836
72746203
72710731
72528316
72449851
72278925
72211174
72092393
71982119
71783347
71690619
71501075
71362904
71243143
71211997
71120846
71042395
70962454
70912426
70840820
70741085
70650250
70454432
70387308
70377005
70303609
70240278
70087449
69973898
69877966
69784835
69722472
69596830
69421482
69289793
69126423
69037884
68902301
68780870
68691486
68643910
68488864
68341508
68202473
68076815
67889396
67743842
67661325
67546972
67432381
67361823
67284107
67218723
67088381
66929716
66722076
66587532
66489398
66421487
66329554
66190935
66116799
65970067
65831519
65762642
65686224
65547578
65411652
65298708
65219537
65133483
65052955
64907946
64865642
64735853
64623956
64606087
64380431
64291293
64187136
64111742
64059704
63951907
63917888
63828598
63667881
63582892
63509930
63383952
63194414
63056768
63016080
62847910
62749321
62578362
62527869
62470792
62366220
62225739
62147709
62085701
61965204
61889955
61737310
61554588
61464912
61368543
61280010
61138119
61076400
60942332
60840853
60761536
60738777
60570421
60460524
60371124
60291850
60180027
60121604
60027851
59952424
59872625
59780415
59618235
59527632
59442301
59319005
59127049
59062579
58951324
58760301
58731020
58630666
58615177
58460257
58367326
58209586
58033449
57859966
57805596
57621594
57549470
57512873
57412795
57324659
57163001
57076694
56898865
56753726
56646268
56545996
56384815
56218324
56098517
56022873
55905741
55772332
55732521
55702173
55592032
55394117
55307081
55162165
55027821
54898492
54764044
54622264
54481002
54446524
54385947
54313138
54288642
54208125
54094010
53971722
53881111
53789159
53728215
53579313
53519625
53326698
53141588
52959849
52862303
52728613
52645984
52521398
52482359
52402796
52368070
52337931
52210146
52069270
51975008
51807856
51709083
51613924
51554897
51504141
51392561
51283330
51231773
51119714
51090953
50913202
50829596
50627092
50530681
50371238
50328141
50266036
50202245
50083324
49989685
49840789
49691201
49586354
49545339
49462515
49378431
49339372
49276228
49104408
48974818
48927283
48852305
48737286
48628803
48448625
48297986
48190680
48032260
47924427
47848417
47822259
47698683
47560917
47468534
47405718
47303427
47163433
47088009
46992978
46965082
46954239
46779970
46753952
46629536
46494177
46422553
46318945
46229375
46146125
45992125
45877983
45834747
45799031
45638111
45553753
45449763
45442329
45227477
45117169
44991128
44985643
44882242
44700997
44496184
44402295
44339786
44222807
44181395
44044164
43943165
43865534
43861722
43735934
43631695
43584309
43507119
43446020
43374363
43364006
43349663
43245689
43147657
43052621
42911652
42865142
42748859
42610180
42526077
42461864
42380133
42312429
42217345
42104114
41990794
41887517
41775891
41593006
41407663
41360103
41255159
41214829
41205844
41063502
40969675
40937735
40758855
40650764
40510284
40391047
40334567
40156374
40073036
39974795
39933962
39733717
39497448
39375750
39367120
39258773
39011355
38844680
38793972
38672743
38487540
38308383
38238027
38176079
38140807
38076032
37886956
37781148
37665038
37508744
37315372
37260257
37168025
37102220
37021285
36930112
36795147
36640908
36574259
36446349
36325894
36167190
36119042
36066672
35931660
35792512
35619571
35426078
35346592
35236028
35155192
35080754
35013874
34961652
34762340
34608292
34490643
34424688
34284211
34240479
34172764
34078296
33916559
33816028
33710178
33568299
33483682
33385273
33358051
33247466
33170579
33012381
32953258
32902597
32898190
32829923
32722279
32591083
32526815
32350302
32153806
32063945
31936152
31812830
31724096
31608529
31466868
31396224
31360435
31272940
31206221
31125818
31037986
30956649
30798881
30720624
30633131
30516367
30496281
30396837
30277617
30126776
30039756
29890853
29832035
29772096
29686737
29536438
29425572
29351677
29202831
29000340
28888632
28879936
28757796
28690447
28586438
28553675
28423736
28251153
28153135
27963963
27827972
27762325
27607813
27515810
27383690
27249973
27138620
27001065
26923879
26874849
26769053
26661802
26561211
26381125
26268746
26057444
25938907
25845964
25693022
25622113
25553746
25434096
25326051
25257329
25062931
24970927
24871824
24722490
24644005
24601048
24349167
24208612
24095410
23979805
23918248
23814046
23663102
23620764
23596274
23448027
23277783
23217749
23103952
22924299
22907422
22870757
22749767
22643451
22532978
22456002
22368680
22299214
22212250
22156913
22027363
21883239
21836705
21762662
21648423
21545244
21490169
21473891
21378425
21266719
21157521
21000985
20959210
20896336
20792960
20692424
20653239
20635963
20552178
20427711
20422911
20394019
20343503
20245205
20175907
20143879
20122323
19999119
19897926
19705273
19592252
19537286
19497605
19339115
19270688
19126908
19041089
18960488
18707330
18565294
18533836
18437758
18274856
18158391
18110968
17997254
17839212
17754121
17711411
17601912
17509613
17423253
17355449
17183996
17028176
16927869
16821794
16747718
16611889
16606754
16531028
16402491
16198844
16048319
15939412
15876661
15812906
15688222
15563707
15453393
15374586
15291540
15143003
15043687
14910924
14755028
14749436
14586931
14463980
14289404
14119206
13930528
13883789
13769207
13678619
13554713
13488389
13352224
13260335
13120672
13001209
12878699
12761470
12688210
12535346
12479672
12323287
12194918
12070187
12023716
11924796
11799822
11665127
11637970
11513805
11392055
11285008
11164005
11095896
11042870
10922286
10835958
10767196
10579462
10455974
10333390
10287967
10203148
10093248
9985136
9927015
9859191
9780854
9647773
9497042
9309039
9256460
9147512
9069648
8900354
8782076
8593784
8562758
8475490
8279151
8174717
7999280
7909901
7867970
7755819
7664300
7601683
7466953
7374249
7236188
7112418
7038894
6879048
6755912
6697435
6573687
6540218
6442612
6318553
6230924
6186233
6115628
5939296
5880003
5741967
5609887
5477098
5382609
5311046
5221159
5075182
4902826
4828424
4708908
4679295
4570854
4539187
4389902
4283814
4119994
3970112
3856653
3711104
3616696
3546593
3423778
3252910
3085929
2993788
2907030
2879715
2827921
2659774
2651060
2440557
2330374
2214302
2149221
2032212
1944072
1832979
1823297
1699789
1670721
1545285
1485082
1432829
1318974
1171797
1065361
1057454
978420
893337
864489
734050
560863
435813
418317
322592
181885
120298
