1028309399
1027200306
1026481604
1024760158
1023013744
1022638433
1021593894
1021495501
1020712886
1019959113
1018587221
1017073986
1016860669
1016676021
1016315491
1014833453
1014522625
1012885168
1012272863
1010986345
1009742318
1008509629
1006942265
1005525075
1003801303
1002942793
1002842606
1001963250
1000259090
999277289
998193109
997131863
995694144
994255367
992585853
991723231
991560394
990581237
989178326
989061638
988240762
986693206
985397673
983899530
983205016
982198610
982174819
980921802
979867269
978016454
976252929
975623512
974153556
972322518
972021459
971492767
970598237
970252861
969552249
967962400
966305908
965146800
964730286
963818206
962057904
961031581
960208469
958964663
957886851
956890326
955964483
954335612
953135812
952899602
952659133
951428146
949668498
948652652
947923761
947796454
947221803
946883033
946234639
945831106
944395711
944082025
943617580
942577346
941348098
939987027
938195619
937433643
936680040
935135769
933710900
933089175
932124517
931510100
930240557
928470445
927780471
926640720
925419996
924690116
924466723
922840428
921343067
920426645
918748329
917585929
916436075
914442296
913210003
911371652
911025220
909622217
907886264
907175263
905971471
905560241
904690394
904311143
903083398
903010803
901412975
900804621
899519634
898164411
896618084
896355069
895326983
895027804
894289819
893292942
891655788
891183918
890374013
889277170
887646594
886391563
885800629
885371382
883768109
883187404
881646535
879533912
877457426
876010127
875415655
875000027
874059271
873508334
872240647
870543395
869576797
868370583
866882423
866231577
864443239
864095723
863294469
862544247
861467320
860402648
859759259
859115773
858345542
858160269
857405231
856892059
855432542
854073119
853068982
852050500
852039192
850728536
849268931
848503895
847911226
846659885
845353857
843632594
842858196
841127567
839867843
838713119
836660930
835496037
834788126
833874782
832126633
831743770
831052928
829371224
828766284
826362203
825557182
824455657
822920436
821835840
820557097
818673552
817841845
816512354
815376278
813105157
812185259
811160811
810022785
809113391
807954030
806650145
805807708
804999891
803786333
801811613
800664744
799600437
799025126
798633458
797809049
797009700
795760802
794894793
792545470
791214697
789611984
788448546
788416963
788355769
787605417
787357946
786601692
785909526
785136842
783922624
783046285
782185377
780887325
780149095
779294101
778713359
778072373
777054275
776214761
775277075
774479781
773427660
771755553
771168107
770217273
767861595
766735056
765920589
764769806
764037130
762778777
761394370
760296372
758667057
757489494
757014810
756474392
754993823
753996924
753582130
752180499
750340872
749103457
748364715
747005935
745192790
743641720
742513064
740974640
740793619
738885631
737634518
736366116
735943655
734588321
733256550
732682469
732002041
731069178
729316507
727570161
727266224
725350834
723867360
723214461
722729588
721751238
720436677
720135101
719719629
718559383
716704883
716195701
715252376
714947131
713847839
711932086
710055058
709147398
708541264
707823241
706031344
704968031
704862146
704252776
703346867
701955524
701028805
700508941
698755933
697366189
696280458
695821039
695020918
694223518
693440837
692739624
692134161
691147038
689924107
688909942
688129428
687413129
685931419
685251845
683494543
682865106
682069690
680342675
677441134
676460454
675626117
675012698
674667299
674151762
672526825
671658690
670773505
669367446
668085600
666647975
665557836
664311003
663781298
663597376
663205975
662695703
661252038
659737525
657192134
656023075
655019842
653376617
652214430
651732118
651038216
649392441
648243029
646391011
645314656
644189765
643136097
641422381
640826050
638992461
638558713
637117824
636096591
634996091
633525828
632295132
631070687
630137846
629953733
629100716
627380732
626917045
626405173
625311916
624932048
624474740
623669483
622362972
622043196
621646512
620291835
619161704
618205170
617897176
617671500
617463228
616500434
615236735
614296239
613027103
612071089
610932252
610460858
609784384
609179017
608992361
608520988
607777881
606737953
605385095
604517015
603957912
602258126
601286106
599933602
598786910
597472007
597230332
595683021
594648821
593934335
592394563
591896324
591138217
589621836
589141384
587818413
586332506
585476433
584189948
583762425
583683106
582577260
581444347
580837144
580116534
579888101
578908485
578756814
577449392
576642544
574909678
573237662
572069105
570801196
569213592
568343806
568019154
567143933
565698316
564587740
563535575
562341802
561413678
560078770
559243886
558653241
557593796
556582693
555754589
554928673
553717626
552755318
551731084
551018222
550141715
549309682
548622888
547758031
545767086
543926717
542797948
541881867
540930635
540033039
538258994
536942463
535467292
535159181
534015645
532627183
530458139
529540916
528359188
526860285
526231172
524920048
524200035
523401364
521831073
520711096
520048399
518781537
517995718
517515973
516730857
516425170
516092263
514391476
513258681
511507854
510737921
509543525
508389996
507171984
506963905
506571794
505832431
505457243
503811085
502873481
502863909
501286894
500334809
499288010
498820481
498253339
496946695
495656820
494725861
493614527
491140870
489490948
488391103
487240390
485618837
484720536
483118903
482530794
481560882
481029697
479132384
477709251
476203505
475693239
474302159
473426521
473179727
471877645
470957285
470822996
470718073
469635332
469238219
468685234
467316728
466064084
464762228
463301063
461742685
460922029
459865371
458777913
457713168
456641995
456136169
455454375
454674704
453864001
453495630
453155338
452592272
450864675
450244060
448641478
447597817
446141508
444521380
443481131
443097202
441721239
440622286
439273534
438773377
437916475
436863015
435244711
433638572
432689826
432357938
431037352
430746252
429330639
428490110
427764755
426636395
425633191
424332472
423114055
422169790
420367647
418931522
418679708
417279296
415655344
414919805
414687600
413577669
413022337
411961394
410126334
409823811
407970477
406522929
405965771
404971505
403541769
401831838
400885585
399692535
399535050
398692239
397302083
396754718
396515720
396164226
394992323
393782216
393236371
392275130
391653554
390667945
389839397
388340916
387187242
386360926
384993500
383834717
382645505
382493625
381271256
380062131
378620527
377678321
377092104
375817432
374982635
373695970
371703384
370376250
368846519
367965398
367242904
366131022
364595564
363559422
362821970
361538201
360017909
359638096
357789557
356057406
355504631
354362455
353731218
352252398
350432001
349351089
348433666
347364672
346979804
345983387
345829655
344289338
343679080
343042435
342337786
341171659
340443750
339152385
337946661
336791480
336388493
335516001
334830119
334063363
333208674
332383638
332219453
331033687
330185542
329767011
328520971
327478494
326807194
324780366
323509706
322668312
320966916
319316853
318952676
317542761
316421051
315477174
314600755
313370344
312325924
311271445
310750270
309137472
307857224
306685712
305987072
304892718
303683643
303014821
301922917
300625624
299941277
298873673
297810357
297257269
295924595
295432659
294298086
293194383
291944582
290790224
290415298
289980092
288791205
288019029
286809199
285582342
284808499
283378414
282305608
280461103
279471093
277737945
277200821
277104266
275552697
273789871
273033777
271164671
270147006
269184881
267722339
267300591
265542745
264264026
263382199
262446672
261051997
260606262
260550255
258748434
257323281
256964021
256332992
255704316
255219898
254695744
254164670
253494078
252888968
252097872
251227077
250227399
247954729
246705340
246206076
244765559
243536224
243264624
242234683
240001175
238147630
237599660
235523366
234448607
233519643
231976169
231209090
229503586
229503428
227937241
226904009
226160544
225254570
223479918
222357708
221494077
221198088
220629159
219277828
218729524
217037790
214959512
214607422
213427300
212583925
212312699
211986295
211044030
209361803
208089949
206611526
206475914
205091516
203380855
201865649
201049384
200801836
199644579
199072825
197295911
195793378
195266639
193999001
192700402
192158798
189993727
189211834
187668137
186780314
185823788
183586575
181514133
179869175
178100319
176844603
175822263
175016028
173590086
172792113
171177833
170797857
170117136
168656079
168542718
167570078
167033429
165213677
164760373
163226270
161087153
159533622
158681228
157935412
156838001
155657458
155046317
154180793
152703486
151684268
150713677
150570085
148989176
148978031
147085453
146148226
144926730
143615471
142652642
142521214
142135100
141867097
141543602
140752803
139557185
138255677
137251816
136764862
135208741
134069431
132892795
131413270
129856602
128426164
127514393
126873792
125835925
125301409
124475266
123249962
121839999
121234283
119958661
118362401
116598583
114924677
114126238
112212324
110861329
109577197
108588973
107819846
106547980
104553870
103137112
102145434
101509923
100928205
99907327
99396101
98236677
96341499
94875420
94030373
93558895
92327071
92269527
91445221
90359758
89196552
88306447
87192301
85714475
84561857
83364481
82940061
81944397
79506123
79004405
78016377
77206733
76752612
76534207
75194508
74213561
72741855
72161539
71324850
70760912
70019207
68740841
67777028
67308114
66882491
65548156
64846307
63865703
62225958
61446656
60459613
59837671
59165227
58532422
57271322
56505436
54956984
53759509
53488602
52748586
52395653
51823697
51016492
50522672
49824312
48245218
47368277
46758569
44975392
44755311
43091166
42441707
41532080
40417810
39707803
38483802
37966273
36362956
35867971
35063900
33539486
32748128
31388438
30949716
29170081
28073835
26392426
25091033
23520966
22228778
21897413
20984921
18963408
18566575
17699909
17282531
15838750
15612739
14692234
14092605
12506269
11610872
11299959
10873602
10043685
9088623
8044845
7432490
6165749
6058461
4195940
3079858
1615400
