2146110732
2144328058
2141046696
2139735239
2139637024
2138366443
2138138966
2137326378
2136756455
2136743532
2136381533
2133134310
2130264195
2130105355
2128725145
2125703839
2125343148
2122899093
2119394939
2117041435
2116634431
2108958784
2108826063
2103489947
2103290935
2102150919
2102029797
2096144137
2093303861
2093045090
2093042558
2093040004
2093006252
2091315675
2089355674
2085103125
2084141614
2079668411
2078236714
2070446655
2069945586
2060911173
2060034006
2059991452
2057827312
2055314969
2052495630
2046770186
2045366802
2045165736
2044311434
2042495065
2034331843
2034225921
2032090336
2030346127
2028819644
2027483852
2025658537
2025503571
2024553745
2022835167
2022167955
2015569613
2011636557
2011381073
2009054825
2003659127
2001132676
1999790220
1999383552
1998553821
1996074419
1991129539
1990768091
1988393333
1988132252
1983916739
1982886122
1980764089
1979856770
1979767611
1979077134
1978366261
1977404536
1974017976
1972180614
1969007274
1967046048
1966548418
1966138987
1964833326
1964748018
1964287784
1961952520
1960287462
1958679422
1957247808
1954976711
1953540088
1950902278
1949831002
1946865679
1946564084
1945222444
1944522424
1943657214
1941165477
1940255686
1938310808
1937254035
1936093583
1934510347
1933899321
1928667688
1928469442
1924513316
1924410454
1924360740
1921558130
1917839810
1916004991
1915132550
1913124979
1907070143
1902953378
1893018520
1892753965
1891452003
1890867002
1890324647
1889871282
1889728334
1888918189
1888596130
1878009433
1877559874
1877260064
1876919248
1873066549
1871985467
1871337873
1865437470
1864667666
1863545835
1847059341
1839900751
1835700213
1832503349
1831372159
1826384564
1825817810
1825260963
1823384197
1822100919
1819764254
1815730043
1814895344
1812853845
1812583511
1812556216
1810205046
1806614070
1803055873
1802947071
1802768835
1799180810
1798125671
1797762349
1796411942
1796021129
1788203809
1785863432
1783021837
1780292190
1776958961
1775991452
1774091819
1766269075
1760556816
1759296323
1759015479
1754496308
1752085289
1751002189
1749817095
1746889907
1746677197
1744084741
1743981448
1739650627
1737421917
1729709436
1724859599
1724475209
1723922622
1722160369
1717146214
1716583306
1715027411
1714889191
1711358715
1710748510
1710193307
1703239426
1702402269
1701350093
1698903347
1697523427
1692425181
1692101862
1690199410
1686852123
1686542558
1682314397
1679618610
1679532822
1674454668
1671605100
1669504216
1665840054
1654988695
1652855554
1649950972
1649750437
1647853723
1640715032
1640330462
1637977451
1634420866
1633493062
1629650564
1629571016
1629291728
1628156509
1623712827
1623248883
1620649307
1605463958
1605073410
1603398224
1602426631
1598957839
1596658972
1593861190
1586514395
1586103656
1581149352
1580385060
1579665506
1578228592
1575755419
1575753029
1575537018
1573077492
1572458562
1571736537
1567330771
1558166796
1555360281
1551972598
1548317659
1548270006
1539076700
1534708152
1533719435
1533453990
1529924264
1529887054
1529559454
1529142338
1528973588
1528953068
1526462728
1525740302
1525565952
1521896911
1518952730
1517728130
1515893482
1514866144
1514369080
1513897963
1513331964
1512867308
1511097866
1510924266
1507771516
1506721554
1506301385
1506034186
1502785240
1502336593
1501074165
1498719759
1496348253
1496214180
1496067644
1494496793
1491947992
1489895932
1482746057
1481005006
1480774796
1477110091
1475530701
1475087126
1473697271
1471634035
1469773161
1467373762
1465023296
1462501198
1461485123
1454865747
1454539832
1451190683
1448789036
1448035704
1446769989
1436881271
1435491620
1433698903
1433195171
1432423482
1432358874
1431725161
1431587394
1431310667
1429916310
1427774915
1427592882
1426898822
1426563586
1425184080
1423468635
1422286879
1419355215
1418781145
1418316528
1417165714
1416929940
1416076312
1413821513
1412215892
1410372080
1410089665
1408448103
1405871746
1398948980
1398828212
1391909493
1391731794
1389926118
1387736031
1385769937
1383878111
1383262101
1380627436
1379775845
1377761815
1377674561
1375850819
1375612582
1371263596
1370538866
1370306923
1369664146
1369631880
1368963464
1361432163
1360833222
1358610816
1355318835
1354313062
1349783544
1349682445
1349268598
1347797930
1341505594
1340768278
1340003651
1338181060
1338041743
1337283480
1336981928
1336678481
1335700330
1334196149
1333764213
1329991881
1328428474
1321172010
1320451691
1317541419
1316659296
1314578060
1311595265
1309278498
1309254988
1304188394
1298269786
1296825707
1294479155
1292569525
1291539588
1291533700
1291440701
1288194694
1285913351
1285407089
1285302579
1284534187
1280576131
1271233872
1267819468
1267816022
1267644813
1267428055
1265261875
1262568178
1258846230
1258085970
1258026455
1257791032
1255371273
1252474548
1250368219
1247427362
1247074665
1241257372
1236071183
1235546438
1235384439
1234958925
1234523351
1233063526
1230602352
1230050235
1229589777
1224503036
1220171483
1219778674
1219107912
1216975237
1215878914
1212892532
1210165420
1207314347
1201534413
1200518251
1200045851
1199392340
1194055871
1188655664
1187965476
1184854897
1184525026
1181623604
1180383304
1175552458
1171292883
1168984155
1168593059
1165972606
1165823385
1150219401
1148579596
1144436330
1143096214
1140913583
1138652458
1138115162
1136832783
1134156947
1130170824
1128871253
1124975669
1119479342
1119292388
1117646303
1116626300
1115465088
1112548127
1111520657
1111484707
1109678581
1108679077
1104375082
1103226284
1099171666
1097403190
1093348226
1090056405
1090000352
1084577821
1083954792
1079014745
1077209813
1075523194
1073626928
1072722350
1065300863
1063655437
1063495652
1062683730
1058991236
1057886772
1053564177
1050261101
1039559613
1035610835
1034779358
1033079813
1032921775
1030946509
1029278185
1027478906
1024406647
1023980655
1022884885
1021966998
1021484354
1021193113
1019805291
1018845641
1017703160
1013586564
1012523556
1011350686
1010655644
1009075384
1007200227
1006883708
1005265470
1000328212
995161967
990028562
989895843
987578974
987256343
985095016
983844758
983021884
979052165
973796574
971978130
966573706
965578536
961856658
959852127
959582802
956285441
954391487
953713185
950205518
939465841
938397955
937328667
936242072
935552669
935254870
934998918
932815057
932689233
929128574
927925349
927720060
926463113
925103866
924172076
922165944
919175990
917763707
915592283
914351374
912638266
911911483
911113897
907803276
907120306
905053881
904587171
902286737
899156018
897867803
894747494
892216085
887569612
885421084
884610352
881484277
878586064
872144171
869914585
862798174
854165363
850804172
850521402
849797346
848441031
846644719
844356877
842407665
841295259
840501029
839713309
838730745
835618280
835329473
829541615
829043855
826972550
826708281
822684454
822652338
818366742
817234005
817227437
813723486
812847710
811843606
810394929
809228378
808459276
801460330
798618826
797787758
797753876
797307839
796555458
795430165
795151049
793206541
791630067
790097480
785108863
784149129
782876497
782618948
774383238
770417388
769804907
769150460
764691117
764686281
763600464
760562882
758611509
755867763
754771850
754394639
745737385
743804794
740503885
736149061
736028266
735360460
734935308
731911978
725539537
724544973
721641628
718214463
716601095
715791129
711434219
709678094
708931510
705415495
705146322
703685938
696357950
694846416
693633914
693447650
688597354
685333028
680119990
677486356
676194693
675487929
671864949
670968938
670910674
669293151
668041566
666206036
662781500
662376587
660417467
657084116
651112486
650692357
650554528
646566928
646175362
644496992
644268834
644133704
638508682
637293570
637180089
636275186
635856105
635430968
634808826
633547716
632572051
631901161
631088431
629427723
629233361
624860332
622806879
622433971
617499713
616511826
614202122
611728365
610643683
609378448
607847402
606934846
604604845
604135285
601899317
599144140
598195780
597657781
593892359
593445579
588173778
586980025
582839842
577310598
576511350
575773717
574463315
566328146
563634752
562676191
561013479
558460255
557853693
555212601
552855145
550661377
549301160
548937339
547504676
546551297
538918048
538514878
534071672
529619575
527622373
523743249
523342077
521376573
519719854
519473504
516768557
514511277
512563658
512201612
508673018
507940819
507894556
507790920
504329154
502326173
500904252
500562946
496824408
496312616
491476181
489441590
484451688
482178274
478617650
476621828
475195839
468838216
467061796
465626116
465507339
461643778
461231044
460374346
458731995
457969719
457572150
456969063
455452967
454905271
453481855
452330342
446415373
444932351
442055114
441163733
431671936
430429299
428124108
425401045
417879482
415297542
408844935
405418199
405405152
403181360
397462256
396016901
390921309
390155604
385761772
384242904
384229442
379978027
376189976
372095724
364341288
361843798
357277495
351566119
349530429
349245876
343075915
341817395
340491636
340329669
336316510
335359855
331401766
329401976
326629835
326348088
325177639
322998565
322267441
313052545
311160693
308308524
307634041
307519604
306299512
304373473
303375457
302481885
300871393
300474710
299390148
299265899
297906404
297353880
295633397
294783652
292336702
290241766
288174770
287342048
285541183
281717988
279905475
278891474
278837369
272877117
271953933
270096221
268819999
265292832
262915819
261538670
261179191
258284891
257822319
257459207
256222327
249119862
249010782
246268279
246206277
245618124
245601467
243280410
242468598
240111240
239786220
236281597
235116298
234473086
232446544
229519764
228915309
228180323
226893794
226501830
223235800
222074604
221734458
221529194
221342922
219989243
216535323
216170830
215563760
210135967
199026620
193429041
192711968
190469084
190302354
188478809
188417985
186623236
181639557
180698982
180536860
179409785
175598214
175097245
169434061
168629974
167706397
166226051
163398234
157342370
156835586
154655550
152478939
149768280
145886226
145060661
137065593
135629399
134714528
133259776
131569763
129855803
129074077
124178889
121715134
121345201
120023610
119942969
118223650
117585598
115456151
109572933
107329659
107115690
104044540
98301088
94828207
94462281
94226421
93536762
83995658
81948075
80638720
80189805
79879565
78538970
72903284
71594146
71135483
70357627
69820673
69475106
69290096
65742364
64888002
56701606
54860854
52190772
49941728
47364028
40713713
40523446
40118647
39714833
37743082
37309955
35449129
33353991
24323236
24075133
22404427
16784615
16273642
16140652
12766272
10978988
7523473
4229112
2864278
1159135
531181
273611
