2146238631
2145183749
2144955676
2144945794
2143608021
2141564482
2139709985
2137554718
2134475767
2133237544
2132670255
2130478755
2130214725
2126390635
2125677068
2125363044
2124251763
2122994993
2122799989
2121516557
2120112306
2119662697
2118802680
2118166174
2118091104
2117603831
2115628475
2114237851
2113469424
2111618677
2110904503
2110234939
2103220525
2102982997
2102196748
2101371015
2100969592
2099782567
2099664431
2099135871
2097684934
2097076846
2095990627
2093888428
2092115617
2090821656
2089581504
2086370753
2085054535
2083539014
2082021265
2081488460
2081400611
2081035192
2080507210
2080199297
2077677207
2077666831
2077220661
2076426837
2075175770
2075133816
2071033398
2069226526
2068739696
2068245949
2067990997
2067942469
2064782140
2064743610
2064413235
2064111642
2063576228
2061476959
2061142861
2060579840
2060333827
2060310266
2060063810
2059795879
2059499819
2058337885
2058230040
2055644373
2054356145
2053657408
2052950779
2052687787
2052378531
2050096451
2049319158
2048298975
2048195218
2047615950
2042595932
2042587633
2042349502
2039475770
2037561710
2037158607
2037041998
2035243372
2033054430
2032764834
2032656490
2032297726
2032197867
2031423746
2024922082
2024482312
2023737535
2022651055
2021408686
2018466062
2016879834
2014369760
2010622613
2008289645
2006861764
2006060602
2003343320
2003271932
2002497771
2002212090
2002089435
2001814297
2001501992
1999991496
1999872472
1999615898
1999323703
1998599329
1996332091
1994934323
1992506313
1991540571
1989649062
1989090442
1988398818
1987671144
1987359484
1986437761
1986134124
1985745404
1984149828
1982559019
1981496570
1978620552
1977958826
1976935291
1976268318
1974879951
1974397537
1973448878
1972851702
1972850952
1972655152
1971674207
1971175141
1962957187
1962793172
1962355895
1962235585
1960716420
1957458587
1957102212
1956709641
1956033379
1955791206
1955038838
1954620648
1952436237
1952366267
1951481572
1950852481
1950581252
1949546079
1949293748
1948027090
1944317997
1943564412
1942935945
1941822734
1939407952
1939367295
1938081165
1936561921
1936253187
1935067916
1933431660
1930559911
1930257263
1929292259
1928748503
1927266380
1926729970
1926263158
1922642241
1920863274
1920348974
1919092040
1918231021
1917576388
1917160920
1916540437
1916269734
1916153940
1915778098
1915683062
1915371207
1913413948
1913200489
1912771807
1912043578
1909038490
1908714681
1907832913
1905366827
1905226618
1904175930
1901991662
1901553195
1900451442
1898629012
1894682494
1893129360
1892878001
1892858937
1891835795
1890953956
1887902404
1886473186
1885590171
1884873499
1882857407
1880622551
1879257979
1878782308
1877497047
1877358615
1876778653
1874148185
1874120741
1873068137
1872901822
1872545873
1871091411
1869351461
1868514857
1865976724
1863478022
1863108568
1862834311
1858432415
1858071719
1857633519
1857360324
1857340414
1856542998
1856132978
1855979104
1855953708
1854405407
1854065641
1853943712
1853823879
1853436239
1852417310
1851476543
1851457150
1849421616
1849290165
1848987497
1848647577
1848435942
1847444038
1847332148
1846225231
1845329639
1845258829
1843805090
1839761174
1839682611
1839025543
1836315048
1836060425
1835178255
1833949549
1830555289
1830545486
1830343834
1827673630
1827542327
1826937518
1823861917
1821435902
1817557955
1816736569
1814054204
1814049269
1813781936
1813745923
1813678829
1813000437
1812618005
1810341216
1810163046
1809759042
1809501181
1809231548
1808992155
1808975528
1807104388
1805899544
1803038248
1802827195
1802484788
1802384035
1801441926
1801292118
1801017273
1800908155
1800346278
1797601436
1797471555
1796211272
1795493851
1792940571
1791753363
1790320350
1790199907
1787553241
1786985412
1783761977
1783601152
1783391176
1782452437
1780431330
1777914299
1777855615
1776517008
1774446620
1773361254
1772524763
1772336987
1770172691
1769971401
1769453119
1769409991
1766367982
1766067126
1764951005
1763454726
1763322277
1762836708
1762276369
1759885576
1759475028
1759338164
1759040045
1758987639
1757549914
1756504038
1754405928
1752846213
1752412585
1752008200
1751364932
1751285631
1750254625
1748940889
1747338451
1745552623
1745140713
1743059435
1742726368
1741856729
1741715218
1741176797
1740722924
1739156934
1738945007
1738889895
1737734039
1736869666
1736393701
1735777682
1735035279
1733576908
1733200381
1732049459
1730635927
1727582130
1725536935
1725055524
1725040820
1719656150
1718921439
1718453587
1718445036
1717150081
1714350343
1714084432
1712183137
1711520394
1710209749
1710202246
1708595096
1708288276
1707305731
1706478111
1705817279
1704550415
1703190391
1702162338
1701866856
1699351914
1697442505
1697366790
1697253947
1694978542
1693027786
1692168095
1691620496
1690129884
1689529074
1689233577
1688686470
1687450759
1685141222
1684907949
1683924615
1683771903
1679845573
1679365295
1677756019
1674635506
1673707605
1673567215
1672444136
1672372103
1672194673
1668997713
1666817700
1666692026
1665753823
1665686069
1665036533
1660843269
1658470175
1658435388
1657295447
1657138586
1656523445
1654965052
1654026487
1652771794
1651018469
1650450821
1649695895
1649049624
1648581230
1647213936
1646584766
1645304242
1645196476
1644718554
1643751126
1643498060
1642740388
1641665925
1641018803
1640727113
1639455383
1637444844
1635860339
1633379508
1632659429
1632170475
1630331031
1629976670
1629633815
1629402043
1626637332
1626456595
1625386101
1623185557
1623022715
1622934620
1621823235
1621604680
1620974063
1620647700
1617627625
1617325780
1616549483
1615253320
1612275422
1611611634
1610702538
1610497911
1610009697
1609610586
1609188027
1608306548
1606490876
1606481369
1605533942
1605129605
1604803783
1602671359
1602448897
1601353323
1600575968
1598504652
1597217755
1596429883
1595615430
1595463162
1594105802
1589431959
1588882084
1587294168
1586138996
1584830179
1584158730
1583171093
1579123719
1578862026
1576659634
1574875557
1569744668
1569369498
1568616507
1566707123
1564590707
1564546033
1561926101
1560589062
1558581146
1556494664
1556413281
1554876338
1553281017
1552397405
1552189219
1551800242
1545903042
1545891056
1545033157
1544303745
1543932666
1543102299
1540956882
1540496805
1540260287
1539014248
1538287296
1537340429
1537119151
1536499461
1536298640
1536113853
1535823156
1535560671
1535489709
1533425430
1533375750
1532071864
1531985543
1531327259
1529636924
1528601049
1528524666
1527762660
1526440508
1525989006
1524165786
1522104622
1521917116
1520376524
1519230571
1515908904
1514189456
1513910819
1513691377
1511180758
1510210251
1508058252
1507784030
1506896946
1506777061
1506198280
1503350129
1502516128
1502429317
1501677179
1500802310
1500123779
1499973542
1498249786
1498142233
1497401443
1490927215
1489074959
1486975275
1484981364
1483383581
1482927887
1482454408
1481727791
1481647584
1481600991
1479072690
1479066062
1475643932
1475233965
1475143755
1475117753
1474884652
1474590191
1473062701
1471527946
1470379062
1469246110
1468316208
1467503340
1463833053
1463036319
1461015774
1460560967
1460217114
1459540921
1458401252
1458325993
1458083470
1457878682
1457789793
1457322931
1456551842
1454315158
1453415142
1452809744
1452676495
1451342565
1450653125
1450521475
1450161070
1450106963
1448097494
1446360215
1446201533
1445846675
1444581052
1443575012
1442694499
1441509289
1440724078
1438714079
1438487186
1436256251
1436210592
1435465036
1435128206
1433738173
1433001207
1431696504
1431614480
1431261525
1428970035
1427066547
1426746551
1425840974
1425079148
1424522077
1424163350
1421866082
1421396698
1420186595
1419951212
1418416486
1418231693
1418148403
1418140952
1416800547
1415405967
1414374861
1414191604
1414108185
1413718886
1412740627
1411463056
1409640565
1408854847
1408555053
1408276492
1405321171
1403161137
1401848761
1401846795
1401056285
1399755452
1399222489
1399129384
1399034308
1398702319
1397925733
1397254403
1396983967
1395239818
1394550823
1393918659
1393578163
1392865409
1392865016
1392417963
1392066794
1391432440
1387770886
1387337525
1386570665
1384053257
1383148586
1382673908
1382616075
1380978185
1379420037
1378761811
1378491032
1377798472
1377707010
1377416549
1375553943
1375212244
1374555368
1374545202
1372319471
1370627426
1369114729
1369020833
1367846907
1367803820
1367401041
1366265133
1364577852
1364197588
1362292746
1361979996
1361598780
1360355080
1359630865
1359223648
1359131768
1359087033
1357433329
1357279413
1357044564
1356887279
1354202022
1349351745
1347429556
1347195563
1343595244
1343565093
1343324516
1342802848
1341969750
1341045868
1340514999
1340407844
1340219602
1340186530
1339497671
1338493254
1337716846
1335910573
1333863442
1331766167
1331461361
1331432880
1331285764
1331083781
1330328543
1330098521
1330027145
1328579321
1328449714
1327436492
1326731931
1324649440
1323557739
1323477655
1323471496
1323327507
1323299870
1323245431
1322140453
1320813563
1320232783
1320096838
1318851003
1317745434
1315888817
1314779364
1314734360
1310440686
1307719366
1307021978
1304782664
1303562748
1302924380
1302161710
1301436968
1301036168
1298408548
1298253074
1297494495
1297491375
1296522295
1296487851
1296235960
1294073662
1292929101
1291496367
1287817064
1287181967
1285458233
1283986497
1281900139
1280940634
1277442781
1273942001
1273019628
1270722998
1269004309
1268664107
1267741493
1266957717
1265950764
1265624496
1265619392
1265252679
1260187634
1259705185
1259510873
1258783271
1258019237
1254672380
1253702930
1252925036
1252391840
1250980703
1250464376
1246419804
1245391862
1244909171
1244896096
1244709174
1244158805
1243388245
1241995328
1238976348
1235290505
1235195548
1232483871
1230193601
1229193857
1226691241
1226295231
1225205803
1223773063
1222855922
1221263071
1220399629
1220268012
1218944848
1217015376
1214138838
1210763739
1207518092
1207295893
1206472516
1205349734
1203150504
1199876730
1199481072
1198985189
1198796294
1198524511
1197934293
1197857398
1197439514
1196200038
1195351653
1194708119
1189287978
1187498740
1186901783
1185907225
1183091197
1181064744
1180581324
1179784624
1179165735
1179154014
1178855703
1178516423
1177881628
1177371429
1175910191
1174942364
1174183891
1173660183
1171947573
1171465429
1169487125
1169132506
1168544107
1168310314
1168198716
1166967899
1166467524
1163796963
1162793703
1161397069
1160900877
1160349145
1158790528
1158168250
1157152883
1156314829
1155350808
1154476315
1152832244
1151306938
1150996538
1150726230
1150058705
1149818471
1149216794
1148675613
1148387939
1148177861
1147699558
1147550778
1145831728
1145506114
1145131569
1144606203
1143322571
1142937951
1139973500
1138589504
1137375854
1137032720
1136875943
1134942473
1134366190
1132323199
1130717901
1130436261
1130122170
1130105423
1129884237
1129545977
1127906401
1127711280
1125148844
1122866117
1122441909
1121924432
1121220800
1120958748
1120700964
1119979927
1119395340
1117035231
1116518212
1115429449
1115134736
1114007497
1113227300
1112101732
1111751134
1111355160
1111186281
1111090496
1109377723
1109179162
1109146808
1108466711
1108459159
1107085708
1106127002
1104064314
1102975759
1100376534
1097543540
1096374318
1096085607
1093516477
1093201576
1092700999
1091979157
1089590155
1087395363
1087371999
1086801429
1083497960
1082985736
1082972937
1082529627
1081187256
1080539812
1079436213
1078838946
1077047532
1076667411
1071775758
1069452684
1066827695
1066759511
1066055299
1061547520
1060678330
1060420479
1060114356
1057928901
1057595081
1057462674
1057035693
1055325107
1055272965
1055022963
1053849482
1053647064
1053238726
1051938267
1050591717
1049875007
1049616314
1048989065
1048367556
1047587828
1047489886
1045551235
1044998612
1044457542
1040596367
1040517679
1038516359
1037497335
1035005106
1033300405
1033054311
1032122885
1031123506
1031085033
1030225654
1028547875
1028065179
1027394181
1025595323
1025588607
1022809361
1022011616
1020052147
1017067051
1013518565
1012941023
1009755039
1009660910
1007583083
1006355580
1003100645
1000755501
1000567466
1000385554
1000196246
998362987
997007558
995811182
993856103
993175851
992846656
992412621
992230008
989321495
987762227
987202869
985431029
984038749
983610509
983128856
982705323
981103520
980928966
979735025
979049497
978711571
978424265
975984277
974009480
973750483
973372056
971828920
971623040
970044720
969976408
968633650
968110685
967745494
965975206
964572638
963450270
962821749
961949577
960503612
960388242
960251055
953106720
952263125
949282037
949185273
947888997
946682041
944752740
942724993
941893270
941721176
938537380
937131118
936528578
936309928
935307254
934111723
932045686
931685033
931508450
930482524
930272389
929605052
928787347
926389464
924411424
923664818
921874489
921605446
920718172
917455855
917317198
916015952
915732155
913555993
910994652
910418261
910234742
909613342
906985581
906709876
906691396
906461841
906355661
906063027
904816064
901582878
901448914
898275488
894617074
894402290
893522554
892958791
892212815
888544615
887676756
885449422
885186109
884169222
880305313
879737501
879536258
878164673
876133125
876077932
876001509
875872116
875575863
874998647
874989146
873624063
871960714
871832441
871629821
869266450
867420557
865824701
865194283
863842215
863792069
863690870
863421604
862769766
862285627
862099533
862003607
861446258
858438951
856488064
853242145
853220882
853174951
852840864
852353222
850204036
849840298
847259175
847240815
846276286
844343011
843656303
842636177
842518014
842234393
841899675
840375907
839993756
839682085
839370731
838087655
835027635
834678365
830691926
829771361
829591780
829527539
828946099
828286380
827941386
827861492
827217422
826651948
825896229
825410172
824633612
823176405
817020418
815708909
814717146
813990490
813355697
812804467
812453622
812355607
812181145
810927540
809835235
809208347
807574282
804049292
800733051
800285313
799555571
797680896
797591769
797348208
797264100
795471240
793940962
792821683
790628899
790120476
789858212
787580793
785694997
784606429
781406053
781076194
781001776
778935973
777232139
771989546
771596463
770249110
769735799
768327183
768106855
765573326
765236052
764801113
764800600
762419524
762400925
762304923
758771484
757745805
754392828
752464368
748588430
748335684
747744047
747719771
747608677
747281657
742355544
741131585
739844610
739633099
737243193
737164260
736603832
736483907
735455191
734971795
734161988
733496712
733150501
732056456
729384934
727676931
726076216
725913037
724532064
724064449
723821112
721897440
721729526
721197085
720897410
720317593
719861632
719420457
716620436
715446243
715085160
714369112
714082631
713112715
712699477
712174130
702592437
702333776
701592034
700656020
700418678
699965965
694710922
694200002
692707071
689124454
688973973
688165689
686190669
685415733
683622052
683100202
682050667
681953131
681923015
681819031
681330570
680841248
676940979
675526614
675468424
675227601
675106731
674554377
673230432
671799610
670908135
669917017
669867233
664994984
664654417
663403397
662615195
662117300
661252470
659554524
658086039
657343531
656374454
655864154
655077001
651934036
650409321
649270720
648482634
648348378
647525490
646576993
646552155
645605586
645320627
644884321
644674428
644068498
639804284
639657270
639180883
638480813
636305283
635592558
635044884
633763770
633515972
633445572
633383249
631092254
629458668
629192394
628439087
626188978
625301756
625089262
625020963
624921638
624860993
624775316
623685131
623492698
623324100
623108141
622943614
622656105
622232694
622123184
620474893
620459685
618583477
618531770
617822555
617250215
615774452
615580249
614278568
612663733
612499771
612250102
611367598
609972451
608152308
605412160
604276121
602852360
602744485
602479762
602077237
601707518
598719744
597260740
597097240
595359177
594003771
593148809
591230590
589564142
588471516
587264840
585697320
583885621
581456366
580415040
578824344
576573438
576393143
575509222
574987205
574776696
573949990
568634962
567807166
566244837
565852392
565608377
564651402
564050097
563612470
563149018
562544705
561087792
556416995
555570690
555411224
554060919
553962892
552849805
551632931
550350165
547093107
544643739
544141208
540221589
538085673
537412694
536723122
536196658
535188048
535140716
534633789
534524268
534464132
533291835
533018758
532277938
531034813
527057723
526984943
526956977
526793661
526342435
524091266
523987164
521771287
521707164
518839818
518348551
517731291
516995952
516990836
515032077
514688932
514430329
513174911
511150970
508964708
508477643
507379503
507357565
507107764
506342464
501456773
501275301
500209585
499496926
499098087
497613909
496518477
494701717
494465070
491506294
490849069
490819729
489107139
485376995
483227534
482820379
481467888
480113572
479504065
478309490
476470714
476131058
475150458
473598795
472804465
472498654
471975573
468750891
465978320
464442127
463925667
463260102
462440962
459477210
458782579
457461065
456484981
455926355
455315400
451957638
451467688
450433124
449695504
448506503
448483820
447875650
446266578
445243089
445108571
443308812
438030740
437814411
434326886
432338174
432233892
430964111
430740226
430014473
429963774
429463781
427814524
426613463
422266482
422207678
420753122
420403317
419350693
419003911
418446945
418072602
417912501
416534220
416163438
413738994
413595244
413257481
411988986
411144737
410266835
410098214
409826646
406164367
404648798
402768810
400643077
399101746
396753416
395312881
394997146
394226596
390180480
390073491
390015389
388737306
388048092
387990059
387342524
385074619
383725962
383387676
382025980
381015439
380328440
380204256
379353717
378468498
377727690
377089410
376467147
375448010
373375615
372787367
371914486
371452613
369637442
368127517
367795406
367644791
366099643
361183746
360873661
360379981
359973999
359365025
358455204
358248107
357798596
356822637
356549244
355883784
355012304
354795707
351500805
351024784
348362474
344009716
343831945
342817771
342641160
341452940
340001195
339154429
333404725
332758053
332449293
331525435
330915869
330808818
329576216
329167444
328899635
326696260
324842840
323599846
323487599
322138423
321782737
321615089
321566473
320188161
319913330
317908169
316375875
316319791
315132669
313921758
313857644
311479852
311376141
310380431
308743186
307655300
307635216
305271591
305059206
304294310
304010603
303220434
302904776
302109218
302020459
301308531
301059516
300371267
300288549
300055649
297533444
296670369
296524921
291747759
290267676
289517909
289057218
287789069
286887567
285123366
284419453
283422334
281224475
280191851
279480255
278507773
278061905
276349621
275741320
273555801
272293126
272283153
271697547
271454039
270975578
270943670
268808159
268332161
266585066
266355369
264456175
262760093
262581168
259622373
258909427
258837777
258670176
257633925
256987199
256319809
254564278
252837365
250241515
249009414
248405596
247529282
245457597
245127529
243554691
243398517
241742978
240814791
238196510
235980861
235886268
235701430
235338052
234831762
233535044
233143415
231592123
230673154
228815030
228309637
226910927
226269316
225676249
224794456
224443959
222186531
221783858
221606965
220721927
219927447
219185057
218067377
214027431
212325097
211824749
211681951
209635020
209582005
208950892
208289762
208244019
206945050
206112504
205806416
203558022
201924818
201906067
201335446
196657437
195210607
194282641
194054610
192793251
192162369
190487126
190207296
188885803
188015119
186614163
185721221
184752197
183758781
182790557
179408982
178569201
177702476
177378453
176118636
175840009
175798256
175294228
175226562
174744809
174037186
172056522
169220980
167598926
167344141
166289486
164685164
162207600
159585302
159031384
156829632
153899610
153198818
152793659
150394498
149528591
149460934
148920856
148101335
143769898
143081765
141770259
140829762
140204342
139541923
139248224
138792603
138725213
138203944
136789307
135004404
134675574
133242579
132375489
132070730
131925589
130939768
129489757
129118171
128765181
126983539
126473936
125467232
124269336
123307798
123059257
122766454
121256016
121036589
119027978
116787165
116106918
114381278
114340810
112689462
109777187
107808845
107711074
107513885
107218765
105182252
105145526
105008355
104129187
102265614
100458189
98772891
98407564
97501835
97143968
96479671
95611723
93277706
92254667
92082783
90623630
89519342
88795744
88654958
88145028
86328428
83684950
82438086
81682531
80877714
79724912
78789826
78502778
77208218
77014150
76599815
73602932
72775110
71818425
71743577
70430499
68625984
68536694
68406253
64247368
64008779
63794646
61687638
61368089
61303040
60294038
59306346
58871156
58318543
56655887
55970412
53298661
52627452
52139602
52128204
50977524
48858271
48626105
47889151
47258818
45038418
44645187
42203375
40818370
40261074
39301730
37217764
37129720
36742687
36111208
34919452
34819791
32009048
31438000
30633387
30296375
26285383
24623388
21119272
20463707
20442389
19721080
19708534
19648966
19352222
16215904
16040841
15452459
12013389
11738705
11488045
11462798
10723377
9719171
8607663
8500400
7313564
6982033
6589979
6166727
5949591
5273709
4902961
3351596
2367860
1157255
