1026190190
1026090368
1025508018
1024964250
1024860420
1024011738
1023536086
1022364428
1021410722
1020711976
1020422725
1020318294
1020206853
1019593142
1018848754
1018305544
1017699382
1017084935
1016808804
1016243654
1015790077
1014975384
1014640199
1014108954
1013695499
1012737424
1012156238
1011624195
1011378779
1010709726
1010222036
1009549386
1008663727
1007689986
1007425800
1006707903
1006272748
1005692170
1005134261
1004721989
1004059300
1003599446
1002653365
1002206007
1001984695
1001046319
1000607119
1000318357
999330700
999213370
998952478
998511169
998334743
997968026
997437566
996700815
996042191
995208761
994665538
994453857
994354851
993936858
993491265
993014074
992335726
991826932
991318736
990780448
990534952
989758012
989221415
988713740
988484781
988145817
987408550
986767395
986285064
986054238
985571733
984973833
984782176
984460222
984193809
983382173
982847140
981870251
981511410
980621236
979924423
979106922
979069170
978277211
977718056
977235063
976666067
976267065
975764132
975198829
974882517
974333498
973897733
973297669
972671133
972159222
971498240
971081765
970298026
969655428
969063293
968385730
967390971
966907378
966501797
965805809
965157109
964114835
963917429
963619765
963209934
962415245
962193812
961515682
961162856
960842238
960315561
959808121
958988250
958422538
957522435
957014320
956274258
955578125
954913798
954523055
953771811
953190670
952642794
952479563
951640972
950936945
950228541
949486811
949132195
948206564
947495688
947297952
946976384
946564361
946183411
945847838
945629775
944985817
944616811
943950955
943370252
942878531
942324033
941470502
940468039
939651751
938971107
938488961
938025493
937273832
936779993
936453377
935910253
935314071
935093565
933970855
933456646
932924828
932620465
932050459
931755166
931063312
930658156
929894934
929545355
929197387
928545735
927669760
927149323
926366460
926032777
925679360
924855919
924459543
924277608
923941815
923694673
923271460
922509838
922045412
921575645
921060756
920326631
920103655
919540873
919500612
919167777
918420365
917756098
917363845
916516641
915925547
915309789
914725655
914057610
913091854
912583943
912297051
911243400
910639198
909863370
909106213
908459126
907813928
907414787
907076505
906965025
906477237
905912981
905169059
905059319
904784782
904539049
904254576
903328781
903013360
902586413
902290494
901769577
901362826
900912899
900373431
899925172
899324742
898834840
898762352
898223781
897338931
896552783
895710240
895078757
894857041
894323789
893794194
893289441
892940396
892747092
892627120
892346086
891618780
891522490
891174897
890539310
890065016
889349705
888836775
888429221
887908430
887740090
886842926
885728388
885309648
885040921
884432883
884397041
883838408
883323826
882492577
882033178
881700301
881358049
881209692
880498730
879802128
879263720
878500308
878218354
877447008
877206481
876090406
875642739
875193831
874771213
874011719
873861790
873000760
872559699
872120856
871609408
871286430
871198329
870634408
870290551
870120746
869927584
868851441
868200463
867701407
866976407
866553226
865967982
865468126
864459874
863706322
863117936
862549197
862262523
862177526
861558424
861291638
860329650
859726010
859415678
859255423
858751891
858194493
857170524
856456713
856248598
855656464
855154393
854418102
853567260
853189352
852625520
852354118
851955594
851125517
851032317
850709512
850113851
849256708
848395897
847783786
846598964
846338952
845705916
845293198
844209688
843881194
842923340
842388526
842130870
841805363
841284708
840875804
840384025
840244656
840020079
839548966
839184344
838597143
838163734
838089666
837874275
837193238
836666680
836521347
836182616
836016964
835636574
835014199
834589035
833349016
833212770
832815590
832097424
831710244
831137070
830339975
829637972
829310080
828650639
827864229
827360150
826882294
826437952
825988303
825498044
825003736
824743944
824225785
823582903
823053556
822372628
822330664
821504477
820708279
819891685
819404287
818712226
818360325
818184953
817850886
817276382
816656158
816566308
815800852
815239954
814691733
814243599
813339647
812703296
812452138
812011531
811100335
810682875
810363276
809748564
809366033
808596117
807789216
807637806
807371354
807213630
806281880
805119078
805084407
804996037
804723021
804597336
803918770
803388968
802808397
802078584
801890731
801444031
801176091
800561636
800492718
800215093
799955267
799625271
799516114
799075177
798511033
798049062
797502995
796885098
796512100
796189771
795639045
795545247
795154272
794433425
794105024
793384993
792614623
791984117
791606742
791285839
790898007
790545425
789885583
789291995
788599901
788068228
787368815
787294805
786680460
786396111
785859973
785405801
784729606
784261781
784128121
783250604
782913612
782367035
781817070
781392665
781073184
780925008
780121567
779807417
778951196
778033960
777611173
776960273
776796196
776144747
775375359
774958309
774582394
774337981
773684250
773193535
772640516
772317642
771319455
770667528
769936365
769318375
768743380
768147585
767183164
766694497
766486801
766074093
765967777
765367998
764583663
764217258
763515721
763038436
762544955
761830691
761540092
761164951
760975158
760385046
759937853
759674266
759284921
758659793
758629994
758244172
757697681
757549120
756979375
756566603
755991370
755661149
755172936
754412095
754140950
753741988
752836692
751974977
751730179
751166582
750853172
750419370
749815936
749436181
748896877
748588314
747959864
747559739
746768786
746374190
745786998
745270385
744990428
744439932
744423222
743748008
743548627
742906286
742421965
741784410
741352381
741252723
740490126
739539313
738869839
738239601
737986336
737512235
737103256
737053483
736268686
736064622
735592344
735375083
734704143
734507963
734017103
733340961
732707391
732305355
731866440
731507031
731244134
730309012
729823487
729599585
728898727
728601296
727944718
727327657
726730155
726135185
725101839
724144480
723856509
723128024
722682754
722283581
721672952
721273518
720828394
720453088
719919735
719593182
719298681
718945347
718239163
717797599
717002107
716512424
716244175
715693944
715246583
715072466
714596804
714370754
714330211
713878242
713292861
712767385
712361124
711914115
711256204
710799456
710367937
709806970
709092255
708327601
707628890
707363457
706853683
706100871
705468658
705184147
704750208
704403155
704258602
703441750
703414451
702592008
702314735
702037498
701070679
700607168
700218410
700042515
699597260
698922291
698824146
698595380
697906972
697188153
696379490
695593522
695456055
694997491
694689169
694191576
693724939
693513907
693385569
692881263
692483224
691382381
691128345
690976305
690823611
690406099
689664467
689293576
688486223
687980273
687907051
687644328
687018035
686872690
686134556
685815262
685197629
684600126
684056023
683886816
683381472
682627106
682071850
681291652
680842360
680299062
679136767
678837086
678170440
677547692
676746680
676310909
675549351
674961036
674591156
674137453
673374355
673191807
673081386
672948811
672089564
671768818
671304602
670765203
670229799
669627200
668826687
667906023
667773100
667297301
666753817
665638309
665096966
665089625
664092284
663848155
662897210
662449520
661784789
661415838
660473168
660205379
659602097
659454721
658937967
658502219
658045117
657709373
657580550
657013339
656034739
655414590
655089899
654458617
654271867
653578599
653142141
652856284
652286525
652009945
651440466
651203563
650826262
650805685
650409267
650284901
649740701
649106357
648609735
647884538
647621894
647002862
646343353
645857126
645233513
644450882
644150698
643436175
643051632
642468641
641638164
640980451
640722187
639840280
639614791
639000042
638343546
637667532
637184325
636469470
635662308
635561890
635386176
635281858
634992948
634468883
634246364
633783789
633519507
632882332
632266482
631497441
630815491
630272616
630036967
628800031
628145545
627598684
626901831
625873011
625426899
625046246
624485610
624269807
623493609
622954805
622511320
622452405
622099799
621888848
620953169
620503730
619893411
619261235
618507700
618070095
617598216
617222958
616273249
615820452
615170602
614598968
614051413
613062220
612276427
611597398
611040960
610302267
609816077
608975255
608833990
608518648
607919276
607104764
606609932
605680700
605325355
605133925
604753334
603883989
603322474
603180925
602702627
602234898
601500167
600604893
599935879
599354569
598614462
598054563
597592152
597014439
596298439
595518572
595035816
594546977
593913877
593729908
593260614
592677052
591892995
591882088
591218253
590616794
590506850
589866557
589216167
588427952
588246171
588150744
587256624
586366786
585772158
585072439
584610704
583924812
583185149
582424595
582131942
581499441
580672308
580016223
579500899
579000605
578969278
578457450
577899745
577822049
577153263
576336021
575964231
575294269
575009522
573975350
573083592
572351250
571522609
570922058
570373248
569511811
568543770
567581276
566894433
566467853
566266762
565635618
565262182
564409287
564109552
563234326
562907457
562558208
562354860
561644930
561131479
560848518
560560432
560459512
560197879
559668874
558956428
558568653
557755043
557639678
557180984
556325105
555893525
555582511
554697043
553983814
553183672
552618770
551986002
551654963
551359422
550721807
550099253
549520068
549126013
548607026
548217057
547483730
547005547
546131886
545451752
544814159
544552983
543670323
543338424
542781957
542094078
541746387
540990109
539822196
538685945
538213140
538145457
537908951
537305056
536835952
536071848
535637689
535097692
534971634
534396501
533374597
533052714
532634021
532138470
531946726
530980497
530528198
530261953
530103779
529742275
529062924
528358196
527844178
527249018
526552522
525940172
525677052
525474325
525162942
524525582
523634686
522883845
522509685
521791073
520807400
520427563
519658776
519334796
518776540
518483841
518119901
517313586
516992479
516641859
516154074
515525414
515250669
514297637
513492875
512904671
512508700
512059047
511786336
510797242
510156176
509797352
509645163
509097923
508758695
508104926
507555520
507066778
506389493
505340903
504546111
503663260
503252516
503159591
503004633
502551745
502077591
501657967
500914083
500327591
500028995
499546802
499156112
498540261
497755710
497493366
496793211
496506321
496037290
495096262
494517937
494001970
493542452
493078566
492514570
492126561
491473854
490932716
490624790
490006116
489513772
489512086
488807288
488468619
488378424
488080201
488024892
487638553
486697143
486331191
485685929
485356953
485139348
484979562
484527732
484342572
484022899
483463135
482673213
482185523
481599477
481097395
480600237
480388117
479721315
479105254
478413714
477455423
476725728
476659245
476545145
476242281
475723621
475297229
474643091
474019128
473430015
472967179
472080880
472052252
471848274
471290085
470769103
470166170
469798697
469132136
468896724
468191331
467821863
467477074
467005436
466471750
466061559
465329452
464870862
464240121
463875471
463089467
462868756
462014951
461107099
460558638
460029791
459869051
459833210
459074983
458625226
458124856
457440240
456226517
455720706
455077258
454571076
454048660
453715464
453492774
453198702
452357422
451899842
451766738
451447917
451229113
450628787
449949806
449118098
449089118
448732319
448100580
447587092
447348384
446954865
446225200
446169588
445766107
445114219
444376551
443728708
443586427
443371807
443039932
442808955
442071494
442007069
441604505
441385810
440875276
440526583
439857838
439434952
438670429
437863381
437607439
437295018
436560671
435804431
434955006
434120915
433708809
433198510
432682154
432018363
431155617
430852001
430159573
429501997
428852337
428689003
428413594
427886405
427053799
426471599
426021811
425192314
424186409
423589032
423003757
422361909
421942361
421731385
421362512
420745700
420039928
419235729
418765661
418212141
417864058
417118353
416516626
416050614
415503388
414974584
414270624
413820620
413185203
413030935
412330844
411777101
410845353
410197782
409588697
409213986
409114591
408799942
408245141
407929971
407463373
407226392
406828728
406615193
406022718
405765649
405670534
405035205
404514358
403984479
403161815
402729889
402573600
401958605
401753325
401085141
401060192
400601730
400215419
399880005
399251737
398883495
398303128
398106250
397837073
397050877
396441209
396204456
395419147
395042443
394400541
394243252
393729038
392990246
392541182
391720403
391442547
390805366
390341578
389708099
388706029
388521553
387927614
387572917
386968283
386316470
385348870
384744181
384514963
383894954
383439096
383179517
382332727
381779662
381649116
381085680
380526770
379953435
379387294
379065295
378833818
377893331
377440401
377209508
376482792
376119120
375691018
375293397
374902529
374170421
373660746
372748535
371851961
371105467
370546820
369947294
369473072
368611973
367448638
367143258
366553927
366348038
365535665
364747990
364513490
363830789
363096587
362697596
361739160
360956226
359961704
359081743
358490370
358121100
357056408
356086853
355672908
355635586
355027923
354529997
354028845
353744656
353566116
353453969
352672328
352029903
351720086
350850704
350327362
349804466
348973054
348253844
347929610
347216665
346698859
346488304
345885983
345576664
344622009
344316679
343863159
343407282
343153306
342850540
342218130
341704664
341250637
340503165
340324130
339185476
338758677
338111620
337838080
337012589
336407544
335872252
335134536
334918938
334638655
333734605
333088485
332237605
331818017
331325761
331145882
330892919
330497924
329883923
328715872
328039006
327724701
327085657
326303387
325901392
325186688
324724976
324503652
324032991
323388390
322574071
321702818
321400225
321127510
320772608
320575487
320123364
320109371
319532474
318931331
318582767
318261069
317748749
317244158
316968458
316772377
316093444
315725354
315402447
314466432
313876420
313263261
312638555
312555043
312103393
311707587
311118710
310883072
310452585
310170439
309584109
308946141
308570044
308167388
307680570
306756999
305979011
305358490
304505619
303635146
303313506
303080596
302391590
301852101
301336828
301080428
300665390
300265661
299781508
299506999
298939071
298268257
297490603
297038685
296651992
296039615
295690121
294834104
294375902
293804937
293319848
292687857
292263279
291988430
291219647
290785667
290192326
289683357
288921070
288483141
287614090
287252679
286596583
286186677
285440367
284970036
284497849
284244248
283503301
283391836
282529449
282003434
281574387
280930651
280443873
279898609
279480913
278941763
278049167
277702882
277124846
276316040
275470187
275006366
274640682
274162167
273490706
272859482
272113768
271580261
271181080
270205863
269727518
269094063
268937316
268289881
267879648
267283684
266921737
266134602
265847617
265358921
264426617
263863528
263736822
263360807
262783506
261720113
260897766
260206376
259525466
258960889
258267882
257572288
256679458
256523661
256179521
255491706
254670823
254567395
254138303
253549288
252986954
252497945
251838482
251320328
250903391
250485170
249702750
249284969
248628618
247819012
247102765
247100873
246461679
246044543
245415492
244584949
244265665
244137963
243459539
242432577
241486594
241169199
241050762
240257516
239567824
239010116
238659427
238139373
237449484
237177914
236746058
236186621
235899736
235727714
235162714
234671218
234114887
233634794
233473009
232832139
232536577
232016553
231573763
231224239
230524205
230143920
229547595
229120123
228452430
227698554
227487370
226651098
225980933
225012447
224426041
224018894
222911189
222321034
221698732
221236023
221001060
220298823
219910985
219560547
219214718
218739309
218220370
217595709
217279936
216832699
216483279
215851492
215284797
214291175
213824980
213101222
212526016
212397183
212131369
211885793
211200251
210787652
210247742
209718084
209586683
209408201
208791096
208399201
207983868
207131618
206745721
206695980
206455701
206206363
205904187
205170054
204344974
204013269
203185647
202728418
202589875
202339791
201523158
200959412
200452730
199741065
198953588
198608387
198116015
197749071
197311049
196646166
196101298
195260471
194862870
194433059
194105630
193653271
193238378
193050022
192319850
191450165
190963768
190544678
190264275
189727151
189280692
188513010
188300484
188040135
187371025
187124734
186741559
186318261
185829947
185597218
185014770
184364428
183972783
183601378
183146052
182862413
182107543
181597228
180909585
180312029
179924415
179349743
178779582
178423917
177813001
177381047
176725228
176409422
175755345
175459496
175041689
174981078
174259511
173830974
173387107
173209116
172592536
172236715
171127654
170361057
169729060
169209973
168696000
168090285
167598992
166697575
166244335
165652632
165404022
165274822
164786613
164305027
163901473
163519466
162853489
162107666
161708154
161199242
160620986
159942240
159470623
158888308
157687225
157041877
156613435
156457087
155867439
155077003
153943270
153240997
152942124
152352298
151877030
151315714
151031636
150839455
150452711
149777422
149519885
149148058
148195843
147747072
147721901
146958095
146226325
145527734
144682631
144541590
144247263
143753743
143240164
142825578
141943938
141695171
141279918
140307712
139720883
139450398
138968717
138672272
138026434
137497790
137480478
137183484
136317426
135668044
135514904
134711669
133980380
133414065
133111646
132906729
132365026
131627817
131069302
130426691
130348561
130069636
129398790
128911426
128454863
127886391
127651120
127154989
126553182
126447471
126126046
125669015
125122527
124707025
124460699
124003989
123785649
122931834
122384926
121545922
121284674
121041508
120391253
119270536
118826664
118542471
118118213
117538418
117040994
116204421
115711926
115091601
114345276
113683543
112793327
111924459
111790399
111605682
111350022
110931693
110265440
109388902
109084332
108511428
108391887
107737265
107665291
107374065
106652701
105698924
105120815
104795804
104563234
103603172
103361439
102477911
102121604
101641569
100753146
100365302
99997405
99463501
99170433
98836398
98439214
98008418
97775679
97111908
96769651
96589726
96215243
95339139
94502095
94232314
93695727
93167197
92541280
92241598
92044419
91646008
90714253
89867770
89496051
89112058
88754024
88630676
88070421
87539787
86572646
86026014
85828054
85568716
85152793
84530440
83843373
82979393
82603290
81933106
81347480
80755121
80731811
80553605
80279801
79666757
78743144
78349635
77467631
76570251
76164994
75528167
75294618
74654669
73878050
73681564
73258720
72368875
71916136
71485370
71178807
70555387
70506102
69912859
69354011
69265188
69111346
68980827
68710746
68146241
67858742
67804251
67215802
67030108
66823288
66158032
65808739
65142417
64382207
64165267
63526297
62956843
62714343
62408081
61934970
61544529
60991187
60183516
59394662
58769155
58396372
57912013
57275773
56834198
56374115
55961067
55784587
55267244
55019089
54412835
54102536
53579176
52939510
52395100
52100453
51757435
51488609
51001230
50149836
49849735
49231414
48763482
48439938
48025842
47540972
47189998
46797425
46558962
46169203
45714181
45320243
44843400
43757727
43315860
42707324
42384689
41643629
41388666
40597293
40252721
39521757
39061880
38449179
38375618
37762851
37130152
36208804
35229319
34500846
33674098
32956692
32716179
31837433
31555954
31104917
30896759
30497546
29862666
29210368
28968994
28507558
28042483
27809318
27611611
26968843
26335235
26070554
25203747
24729985
24246615
23436656
23290503
22876132
22038821
21763447
21268661
20802925
19928190
19418078
18668337
18308207
17679389
17446176
17009625
16870762
16453618
15976112
15685607
15215643
14815781
14465709
14024401
13142784
12776237
12199496
11647852
10947251
10392185
10109570
9771108
8977234
8742604
8249380
8093065
7459906
6745874
6335552
5981394
5537026
4826458
4241263
3747001
3314532
2938842
2849014
2118723
1391836
643083
