1018847732
1018546197
1018121240
1017747793
1017275339
1017009110
1016328111
1016030176
1015422176
1014814682
1014061433
1013220733
1012869160
1012047936
1011858574
1011440694
1011030724
1010657836
1010486416
1009864794
1009119013
1008291212
1007897390
1007250928
1007230471
1007002852
1006710232
1005991093
1005832222
1005485708
1005140754
1004566853
1004073724
1003606007
1003116629
1002548754
1002227813
1001936424
1001409298
1000541326
1000045034
999789356
999706184
999476395
999343132
998635652
997793724
997423764
997002122
996916328
996150462
995848191
995420745
994995782
994426349
993794176
992849763
992470174
992129985
991674365
990979247
990630532
989929226
989815055
989390004
989373598
988831373
988550221
988139535
987861600
987362630
986800085
986236558
986092982
985832915
985449679
985122980
984747770
984256224
984019702
983886157
983661618
983157156
982823276
982011108
981204565
980571843
980150828
979846387
979591996
978771960
978003055
977407065
976619883
976291070
975826501
975191642
974677504
974062367
973555291
972770648
972697460
971931955
971736350
971324692
970493896
970151220
970134069
969152215
968718872
968510863
968210205
967743379
967255802
966918744
966318192
965858850
965293142
965046014
964381192
964237302
963713059
963141895
962476519
962025757
961286656
960921169
960455764
960302105
960184155
959467040
959182778
958593723
958023588
957678970
956626284
955601673
954846971
954160761
953800154
953638724
953164028
952711059
952130202
951630815
950836035
950378667
949348469
949334546
948761291
948433055
947948161
947727381
947537063
946525830
946013190
945532035
944890575
944097092
943441074
942959563
942731825
941855824
941416677
940824432
940183208
939333807
938650256
938342934
938012118
937690075
936683485
936053813
935518992
934559868
934045894
933291087
933039900
932222941
932033693
931644282
931450354
930728385
930027466
929537157
929222750
928393001
927788597
927076213
927067399
926185256
925968911
925486790
925122310
924485813
924065817
923508640
922749339
922530710
922104772
921302942
920519290
919710693
919241975
918791314
918572194
917575771
916427393
915941719
915695168
914900037
914832943
914407672
913381519
912812310
912576959
912059217
911174160
910609352
910085091
909827364
909047119
908194175
908000967
907524936
907178204
906803912
906597609
906054286
905385124
904765190
904244084
903581799
902875364
902327831
902252420
901473255
901169292
901110934
900784989
900357725
899887795
899514570
899013385
898705129
898334224
897966103
897860876
896969895
896865260
896217219
895979066
895280819
895107053
894732864
894414669
893720520
893526217
892467006
891611459
891140648
890413694
890072658
889464198
889246520
888242503
887470304
886732467
886196208
885557284
884989319
884810537
884010058
883532014
883163034
882974009
882347515
881610480
881191638
880730135
880125868
879448339
878888562
878388404
878200706
877753902
877282791
877135603
876021599
875846760
874813690
874762355
874514017
873983643
873264970
872447350
872036151
871954049
871700077
871117415
870797991
870749269
869758278
869191872
869101669
868772628
868216056
867809247
867486288
867061357
866494966
865879118
865119183
864559477
864053273
863477405
863028747
862458665
861597007
861435846
861349240
861045757
860787709
860271467
859843236
858951034
858664659
858252213
858100955
857656296
857160364
856447369
856367255
855882975
855445314
854739344
854486802
853840830
853669957
853033470
852630484
852401333
851881232
851626147
850669471
850125327
849557877
848983187
848714570
848280672
847523595
847259224
846793534
845977630
845267825
844289671
843754764
843498241
843481438
843127980
842714651
842204138
841256683
840361527
839953254
839597873
839266691
838853440
838221129
837951566
837715978
837291276
836804210
836359468
836170585
835560479
835289640
835180869
834598860
833922500
833046940
832411449
832156992
831893672
831540636
830754000
830254732
829803008
828866709
828378633
827977154
827443847
827002796
826647878
825787833
824857325
824296323
824153340
823884681
823169461
822787967
822471288
821980825
821787856
821429593
820608574
820182913
819501645
818312800
818111634
817787809
817370629
817106741
817060180
816681996
815988354
815272871
814626336
813830566
813196694
812745277
812012115
811847889
811316714
810299702
809779560
809077960
808469717
808109361
807673561
807130609
806979162
806608038
806431472
806091149
805566775
805178395
804933758
804426972
804322965
803383497
803344263
802468406
802114046
801476780
800885622
800250551
799486191
799209655
798666568
798346695
797482797
796863332
796482187
796240613
795721519
794986361
794457553
794005845
793372078
792865978
792415981
791862228
791186994
790754193
790485128
789760455
789092336
787963996
787711703
787264194
786580525
786178273
785842020
785572188
785328785
784829860
784585395
784477435
783445164
783300584
783091060
782620049
782329787
781607500
781292008
780640801
779892118
779203069
778815018
778424150
778084908
777292978
776882187
776795306
776099625
775741577
775332403
774840658
774266366
773709190
773345121
772946392
772848990
772277747
771578036
771070850
770526346
769848801
768993127
768646679
767879912
767110188
766571932
766158781
765441943
764858911
764301759
763768240
763130020
762384113
762313760
762022406
761987694
761548706
760567719
759716530
759294044
758602399
758231142
757741481
757539750
756934253
756433834
755657834
755340054
754912925
754117873
753542029
752910890
752331347
752137103
751719183
751111653
750625917
750346413
749304139
749009448
748796067
748460703
747759010
747175913
746748623
746003679
745586087
745254241
744671695
744564445
744509007
744157374
743524268
743037470
742492741
742313794
741954237
741058377
740232801
739325903
738349199
737932819
737277630
736529573
735863204
735324991
734710178
734117384
733939281
733116300
732718416
732480980
731985610
731255957
730527539
729873430
729118771
728450664
727604396
726885080
726123793
724959048
723920541
723510301
722978070
722366348
722016904
721617086
720811658
720052017
719123493
718289768
717703432
717114090
716336169
715892039
715506919
714987959
714861984
714333957
714203868
713564944
712897257
712749830
712186740
712160903
711426085
710582187
709958466
709444371
709226344
709216809
708525025
708500983
708333458
707530226
707358294
706914203
706219420
705304860
705055005
704493897
704303463
703609140
702920284
702128915
701615935
701341117
700810805
700738512
700466816
699752733
699369332
699052729
698726258
697876845
697221427
696871860
696318859
695714935
695235764
694684878
693942622
693575622
693215492
692523292
691881895
691539573
691098317
690748164
690581993
690017085
689217435
688888409
687975610
687365731
687097805
686138807
685264004
684981379
684270691
683884654
683625091
683205148
682680728
682075942
681633884
681119459
680474100
679832066
679319851
679252699
678420355
677577833
676988889
676452534
675872891
675406354
674882400
674503193
674041175
673500937
673008422
672525314
671907937
671204357
670829000
670194614
669978577
669949519
669443704
669193192
668423605
668276453
667633460
667075445
666718414
666691750
666339329
665505985
664456768
664004829
663059746
662771883
662396058
661916190
661073827
660625068
660361335
659934359
658887083
658103403
657409245
656154033
655534799
654832050
654464518
654261231
652944090
652187108
651592727
651532965
650725332
650338003
649708948
649366584
649112713
648822728
648473751
647928765
647005027
646736297
646526439
646240227
645551353
645093339
644923749
644472652
643902826
643622737
642916622
642383017
641315297
640783291
640578233
640340564
639742983
639340892
638710363
638085315
637712085
637540153
637157112
636385554
635260036
634942652
634575599
633127832
632507024
632082803
631280675
630892690
630491285
630048906
629318296
628993287
628802808
628635173
628261483
627954442
627627425
626424595
625917176
625702002
625320558
625135248
624649716
623950757
623568330
622590438
622068348
621680362
621355445
621001242
620218707
619470898
619085879
618393464
617686754
616939222
616595025
615997677
615372434
614779770
614433857
613922179
613546229
613390390
612748376
612261483
611753854
611163789
610518543
609907683
609567580
609463192
608447691
607721013
607257433
606662270
606347998
605310743
604833176
603957275
603714993
602981667
602175718
601733918
601285291
600872757
599928723
599694641
598973390
598634246
598440074
597301189
596597380
596426515
595718362
595122441
594614722
594344671
594130922
593564988
592891628
592663466
592186676
591613997
591254065
591040194
589920369
589178220
588561036
587963455
587627258
587030977
586443763
586028141
585799290
585404462
584610688
584080904
583423275
583419686
582816715
582124425
582008993
581920909
581093325
580645142
580304390
580001245
579521998
578990086
578362190
577852063
576977034
576078721
575459304
575116919
574442896
573971322
573679336
573080968
572107909
571332308
570887671
570181393
569237243
568089430
567661775
567132421
566443101
565707649
565058744
564605283
563982528
563254717
562886091
562286829
561865705
561498411
560569067
560144415
559689309
559316002
559150467
558491631
557902466
557493691
557141958
556271834
556003513
555433602
554907569
554231125
553355281
552645714
551635158
551156403
550872354
550535654
549924618
549510202
549371853
548713096
548133334
547001410
546698839
546359793
545431175
544980241
544643514
544247121
543811635
543085171
542722042
542612606
542121023
541716335
541153214
540397057
540222268
540197365
539844707
539807025
539117102
538586719
538125432
537735212
536886025
536447776
536036704
535857973
535412221
534634812
534096518
533509930
533010065
532784133
531958433
531681532
531120458
530573163
530084071
529611831
529513550
529300830
528958630
528484928
527730117
527326437
526467729
526289228
525792243
525187121
524865379
524198201
523615132
523404551
522637242
522279420
521423080
521254418
521029193
520632345
520381890
519788164
519575451
518976091
518225693
517980095
517521663
516822210
516499095
515811144
515432525
515031103
514557052
514210878
514089321
513467901
512920865
512271011
512088674
511856274
511341325
510977009
510205283
509659309
509033116
508895210
508490470
507819075
507551866
506937007
506538392
505760484
505486346
504706645
504251725
503466985
502788687
502625763
502057288
501560211
501204936
500545831
499776504
498948073
498477622
497748655
497301225
496972688
496211736
495883352
495676852
495359489
495046783
494538517
494072705
493815635
493051388
492558576
492296643
491693105
491115983
490038914
489583446
489024105
488857997
488037206
487540132
487020585
486636877
486311388
485886863
485670606
485074852
484832050
484102405
483457351
482953197
482392650
481350345
480381587
479945355
479647201
479532353
479139127
478703129
478563347
477969639
477456094
477067202
476595919
476015372
475784974
475091427
474420591
473656999
473407536
473300910
472710650
471660530
471211386
470535113
470010354
469688336
469047084
468910347
468232707
467517766
467040995
466405212
465963811
465264346
464937316
464108316
463825293
463297682
463169868
463120712
462280155
461947070
461624736
461299949
460876951
460150145
459758875
459264865
458887178
458652505
458312478
457946769
457054904
456752096
456714570
456082813
455485381
455076798
454674054
453875932
453100677
452535443
452170903
451739642
451284885
450748737
449983329
449277814
448741229
448415471
448370868
447750173
446926387
446440645
445918927
445486564
444697441
444323652
443714060
443104124
442446088
441976548
441397310
440972218
440719517
439992174
439337766
438262717
437822222
437527829
437235934
436958580
436530393
436123451
435764125
435341986
434545008
434037796
433626375
433576848
433311927
432910014
432241706
431812960
431338900
430740227
430154186
429864663
429160853
428899319
427838902
427078108
426556575
426324969
425917824
425826734
425788072
425285179
425256356
424546831
423994771
423473935
423414084
423338151
422829471
422457296
422328111
421891816
421293344
420720811
420420470
420281246
419932606
419504517
419108918
418892481
418179780
417992603
417457536
416304242
415533881
415040361
414570526
414279417
413663988
413005138
412480080
412007935
411917183
411618988
411149235
410879651
410522850
410093948
409764003
409297601
408464958
408278068
407404153
406656509
406223179
405505159
404954145
404518704
403916140
403874645
403087451
402109862
401905103
401774157
401351678
400755382
400217245
399874439
399115677
398421487
398129967
397030503
396087079
395792370
395174370
394704381
394167094
393918845
392900624
392324976
392046795
391545534
390731102
390412263
390150609
389839001
389198047
388883489
388383050
387895369
387265874
386543739
386479939
386170979
385818268
385687803
384943096
384611001
384055866
383362532
382653144
381912932
381587513
380809779
380537828
380042337
379740677
378958534
378781780
378289798
378024392
377626971
377329311
376903235
376085709
375474029
375402095
374804218
374099994
373898452
373171566
372523086
372026661
371664924
371439999
370861606
370506531
370037305
369456406
368999262
368599232
367674480
367106527
366151600
365603511
365214426
364800108
364404910
364308022
363960683
363816387
363151224
362147147
361549558
360848471
360175907
359518017
359086261
358729994
358181669
357942618
357482386
357337440
356879344
356721925
356420097
355741454
355439963
354943496
354653998
354428667
353450780
353276741
352705438
352243829
351558799
350824651
350121767
349625330
349067237
348288391
347589925
347068675
346423398
346331729
345984433
345367464
344804469
344292388
343922391
343341272
342718524
342026627
341760436
341419379
341017190
340635634
340288517
339580223
338722092
338216957
337814347
337294188
336446017
335840767
335338611
334381184
333774726
332946588
332609133
332243843
331946738
331327250
330851173
330437327
329767473
328946914
328257541
327347952
327030637
326647852
326297480
325579665
324895896
324094502
323809712
323380375
322852068
322666843
321646700
320593953
319657638
318928835
318441302
318172770
318026078
317351565
317022229
316463597
315589877
315412192
314654955
314509057
314014576
313149600
312619135
312477013
311766513
311162432
310521772
309849619
309812247
308797068
307837140
307315039
306800861
306412166
306033000
305606931
304908124
303817761
303352993
302693406
302018081
301251509
300912736
300204753
299753782
299532616
298831577
298529411
297833277
297303545
296565323
295661241
295256898
294563163
294201837
293755013
293063833
292611547
292074134
290967412
290196037
289474587
288608749
288178547
288078322
287508736
287124526
286369497
285756535
285155679
284907326
284587427
283885167
283698080
283022919
282137615
281545011
280873955
280082544
278877630
278404137
277522464
277500526
276926441
276566113
275865094
275540039
275174958
274406284
273780147
273376186
272436501
272173573
271924444
271124209
270666525
270569317
269999219
269588249
269170838
268379919
267962059
267556573
267500804
267140914
266900514
266492389
266306352
266133164
266091556
265922719
265496401
265466696
264651155
264199816
263801978
263328968
263220992
262433062
261642355
261046354
260376565
259540944
259225851
258840359
258660931
258090792
257549062
257165109
256577069
256054003
255257898
254756764
254443374
254111335
253460492
253054725
252396362
251889661
251363116
250676313
250237514
249733620
248740309
247977708
246880667
246411903
245688377
244735201
244559881
244332373
243862166
242988335
242379348
241609351
241148053
240542618
239984338
239460630
239307253
238847040
238072537
237695647
237028882
236508247
235683411
234679993
234472054
234269001
233516286
232780759
232497111
231769106
230855507
230469585
229642360
229168549
228692616
227827209
227545970
227191480
227012070
226672448
225659999
225082379
224539718
224084797
223444976
222978414
222137188
222070599
221411629
221242872
220887711
220186042
219565108
218675222
217901792
217820908
217746882
217158098
216450788
215875230
215003005
214656797
214146887
213366497
212946111
212245566
211650284
211194174
210292386
209680370
209399273
209335525
208995819
208317612
207491164
207005494
206591518
206118814
205360458
204998182
204870893
204512279
203999550
203747967
203267804
203178228
202273774
201966530
201336433
200577681
199997791
199447853
199003096
198850098
198021327
197371263
196692579
195881453
195373679
194716589
194218317
193642672
193127623
192529507
191764083
190762490
190388883
189712671
189584048
188841265
188492341
188048129
187635786
187324450
186819111
186346050
185683791
185088236
184845706
184553122
184339375
183633586
183396074
182804166
182186032
181966831
181605499
181391048
180562903
180459165
180002376
179464251
179287372
178912834
178327124
177911019
176774222
176636420
176204968
175394824
174574461
173972777
173203114
172341216
171361272
170813039
170420809
169800914
169502197
169289077
168954156
168736657
168606858
168231535
167873288
167255277
166810023
165997599
165361276
164542030
164042865
163368928
162415936
162265754
161821861
161413357
161081310
160575678
160264545
159950953
158904521
158155788
157541606
157093708
157067771
156311817
155919858
155109051
154826336
154090887
153574976
153109459
152359984
151662527
151410025
150695266
150103327
148772885
148064068
147614702
147395524
147313189
146989377
146630025
145799302
145576075
145152118
144718560
144535237
143680958
143311998
143194934
142306607
141774962
141055559
140475558
139849570
139387747
139226682
138961768
138417261
137850268
137080441
136546120
136281560
135972433
135448337
135171674
134678241
134021082
133497085
132716495
132330829
131403195
130752969
130520854
130414894
130070769
129914485
129289530
128727525
128382286
127944267
127212158
126426718
125706255
125157804
124341162
123472300
123199189
122335861
121932707
121262414
120678158
119831129
118838639
118537061
118086402
117825163
117324569
117130597
116764001
115879272
115556033
115447607
115026966
114778421
114233888
113734770
113277199
112821401
112140766
111901563
111492967
110802500
110228435
109999182
109402733
108834617
108353400
107819228
107076199
106391910
105921467
105169739
104956740
104259392
104080557
103369055
102910751
102468472
101891998
101164321
100501161
99733097
99042439
98379970
97834368
97594262
97251145
96755436
96628116
95961844
95229650
94612605
93979336
93425442
93065882
92605454
91822640
91315089
90332174
89637963
89162983
88734125
88347343
87966324
87485206
87012578
86861394
86294989
85734690
85021801
84302129
83649078
83426674
83299791
82512655
81960345
81315362
80415983
79607423
78720014
78380381
78088441
77451911
77169276
76815051
76328772
75692459
75418922
75007270
74733535
73967944
73353362
72963875
72251503
71326371
70900309
70787179
69669886
68936748
68613060
68312265
67690614
67287195
66753505
66295617
65822693
65112957
64281705
63703799
63478701
62846684
62341694
61949915
61016817
60495101
59645720
58828054
58215450
57916950
57478316
57099270
56813997
56321102
55690555
55197864
54565192
53896672
53295797
52737274
52032503
51691327
51529013
50677237
50309620
49887231
49246798
48949993
48403466
48069323
47708924
47663487
47387932
47077384
46336194
44802990
44384275
44383702
43854304
43849950
42807426
42490353
42166675
41498588
41397920
40889405
40442007
40170284
39157772
39117886
38608970
38071502
37379140
36757084
36272685
35876654
35280133
35086130
34881784
34412591
33772998
33319502
32590130
32229447
31721494
30998524
30490491
29896488
29295814
28785896
28374671
27758602
27255357
26434868
26239939
25927720
25865861
25164835
24259493
23476500
22910009
22238817
21652905
21022398
20767904
20468190
20319540
19544516
19093779
18464862
18009228
17635138
17170897
16630372
16361485
15598447
15305869
14816929
14419160
13854340
13606394
13347857
12918598
12154525
11577877
10831230
10298257
10039037
9570169
9028645
8462932
7668057
7147366
6263240
5851489
5687038
5648967
4984989
4138202
3447286
2847350
2637361
2015009
1498204
834050
