2146050537
2144963371
2144194343
2139607114
2137887679
2136931005
2136141509
2136053135
2133981593
2129898847
2128961663
2127735801
2126507303
2123724862
2123654510
2121554089
2119346788
2119321142
2118678433
2114724719
2113648916
2113573845
2113251257
2111397835
2111088880
2110235239
2108583806
2108292881
2107260057
2104804361
2103350587
2103058132
2102787132
2102668214
2102516109
2096762026
2094893181
2088002178
2087881044
2087440065
2085947765
2085615234
2085438394
2083939063
2083931550
2083205413
2082110647
2081358090
2080630879
2079541098
2078099681
2077364056
2075778399
2075692152
2074943897
2074712642
2072101492
2069867354
2069390354
2068835280
2068490542
2066516680
2065921768
2065585056
2065577863
2065261425
2064346552
2064110558
2062669162
2062349058
2060795461
2060758634
2058991494
2058566656
2058390391
2056703413
2056126390
2056024289
2055769050
2055560734
2055171605
2053918300
2053784593
2053629176
2053092943
2052873259
2052656498
2052144851
2050961122
2050930201
2049395914
2049249611
2049045819
2048248531
2047807440
2046825118
2046574546
2045129482
2041860032
2041027631
2040989595
2037754842
2037482882
2036778076
2036537004
2035251687
2033761998
2033248024
2032199071
2031448502
2030453430
2028054396
2027945589
2027009175
2026010785
2025987976
2025512644
2025241546
2023939605
2023641833
2023319532
2022934862
2022242714
2021502218
2020469703
2018586209
2016716090
2010788954
2010071071
2009756853
2007909220
2006207836
2006158017
2006020071
2003824164
2002677699
2001575580
2000994124
1999097688
1997309696
1997117629
1994938645
1994331000
1989945891
1988046683
1987144306
1982583999
1981427117
1981250542
1977576918
1977339815
1976563266
1975912005
1975271442
1974120588
1973788015
1973736749
1971951207
1971309779
1969696466
1969310503
1966225087
1965841443
1961095115
1960720985
1959610325
1959012354
1957832779
1953688665
1953212467
1952257266
1950937558
1950546000
1949754067
1947420337
1946979723
1946198188
1943277413
1941052602
1939915524
1938645650
1937474458
1937298561
1937015857
1936885620
1936669338
1935377075
1929193923
1928520853
1926954354
1925389631
1924765511
1924076276
1923040609
1921277805
1916939572
1916406507
1915862708
1911348556
1911322327
1910219005
1909461650
1909095620
1908427829
1907233915
1905669244
1904679282
1902946587
1901704240
1900509879
1898330994
1896100135
1896049210
1894946881
1894641570
1893079599
1892651650
1892493284
1891070101
1890404390
1889555977
1887471991
1886149184
1885373921
1884521402
1883679786
1880066192
1879222421
1878702674
1878582874
1877803288
1877765222
1877104702
1874001444
1873894594
1872161251
1870532397
1869957576
1868488589
1867647928
1867158904
1867000022
1864763925
1864050075
1863978480
1860038221
1859804875
1859009600
1858895899
1857713838
1856962726
1856830611
1855993236
1854384099
1852233823
1850066579
1848993379
1846912491
1846841419
1846378442
1846151475
1845627896
1845290090
1845225065
1843035194
1842456933
1838169610
1836355988
1836142639
1835790960
1833395700
1832847649
1831294025
1829902121
1828863376
1828409007
1826987587
1826915800
1826777103
1826221486
1825379725
1824850099
1824055639
1823560363
1821392765
1820600558
1820574365
1818977506
1818898693
1817267757
1816334540
1815825379
1815603784
1813147517
1812549915
1812510354
1810756557
1809645299
1806780547
1806715234
1806189593
1804657899
1803128966
1802886692
1802591275
1802591046
1802372323
1799641168
1799586447
1799023096
1798641673
1798033178
1797652519
1796147584
1795331366
1795066539
1794512225
1792921905
1792057441
1791970257
1790397911
1790394031
1789084716
1787241334
1784084454
1784054099
1783726485
1782853091
1781953958
1781717329
1780446935
1780410969
1779863850
1779370145
1778019010
1777535591
1777019743
1776053350
1775676695
1773256306
1772223305
1771313231
1768992157
1768562767
1767021100
1766815870
1760394644
1759853830
1759847221
1759770440
1757836456
1757558421
1757095235
1757024806
1756858428
1750525128
1746773329
1746723667
1746090329
1742986599
1742440723
1740089407
1737984706
1737948572
1735092262
1734943090
1732976860
1731910994
1731693044
1731567872
1731328459
1731143387
1729176883
1727810971
1727558273
1726918720
1726359287
1725906480
1722880612
1722556653
1722014475
1721393999
1720135442
1719629668
1715656168
1714710169
1714278522
1712916364
1712509621
1710998632
1707189317
1704192170
1700563282
1700425748
1700156705
1699757775
1699718263
1696227719
1696189736
1695747299
1695430244
1694920709
1694501752
1694091667
1691553437
1691004580
1689903761
1687980970
1684302184
1682764266
1681428625
1679847295
1678856263
1678514431
1678500221
1677310866
1675328395
1675111964
1671583710
1670808142
1668501548
1666213843
1665248764
1665148536
1664690480
1664466585
1663457379
1663303389
1663105438
1663028272
1662197310
1661487540
1660553516
1660128636
1659607376
1657723619
1657435126
1657054341
1656009359
1654783996
1654768476
1654722617
1654453015
1653856808
1651317317
1650660136
1648155377
1647858288
1646529249
1645403254
1644099460
1642908005
1641013246
1639339021
1638867127
1637429449
1636374267
1635086553
1633437360
1633248104
1632061366
1631696080
1631316411
1631145040
1630993434
1628966014
1628491514
1628388941
1628247730
1626615244
1624907017
1624457330
1624060627
1623831556
1622742789
1622671762
1622420820
1617314120
1615826640
1615029774
1612883811
1612304250
1611519116
1610877559
1610251352
1610141629
1608301556
1608092507
1606287745
1606250743
1604923361
1604881868
1604736959
1604173525
1603624468
1602882796
1601600806
1598673988
1598671367
1598360246
1596628613
1595936208
1595571599
1594350216
1594077177
1593295719
1593168972
1593028176
1592783441
1588702801
1586696717
1586619583
1585425172
1583810467
1583166373
1583037129
1581758526
1580763306
1580564988
1580439703
1579314255
1575890193
1575729575
1575365989
1573029747
1572913312
1571937654
1571456794
1566956859
1565539026
1560122080
1559084729
1558549977
1558342256
1557236256
1556342495
1555429889
1554792986
1553931565
1553177652
1552770810
1550483969
1548079927
1547815146
1547170068
1546683514
1546227336
1543247019
1542388782
1542196621
1541850041
1540927286
1540513302
1539906052
1539534150
1538915166
1538604101
1536663354
1534490139
1533581937
1532779424
1532665037
1531709560
1531194317
1529444720
1525764774
1525669506
1525554896
1524815645
1524406619
1524358441
1524178777
1523121787
1519632506
1518216748
1512129342
1511280586
1506751924
1506247437
1505784605
1502327810
1500935353
1497656878
1497295386
1495800204
1495302958
1495008908
1495006912
1494859302
1492025978
1491551808
1490468320
1490260315
1490181590
1489410633
1488482622
1487897481
1485214390
1484895296
1484426745
1484360261
1481106878
1480118622
1477974337
1477789724
1477455490
1477262508
1476532388
1476341433
1475916263
1474424904
1474353584
1472264414
1471432955
1471392750
1471389356
1470980607
1470757283
1469434107
1468704291
1468299575
1467948963
1467906035
1467566813
1467075212
1464965766
1464286464
1464118823
1462475017
1462417056
1461643535
1461592791
1459591294
1457434723
1457297678
1455787815
1455448898
1454520007
1453585190
1452047922
1450734716
1449977301
1449331191
1447903050
1447707381
1445027003
1444528714
1444178722
1443451133
1442406535
1440727346
1440029322
1439922971
1438670447
1433240563
1431804923
1428514347
1424204216
1423864254
1423836331
1421566575
1421466982
1420493771
1420223902
1419359372
1418776336
1418230455
1417824682
1417152568
1415846243
1414807402
1414767899
1414051176
1413895104
1412846609
1410559524
1409119295
1408253713
1407162316
1407051241
1406871798
1406330763
1404195993
1404170868
1403376858
1402762244
1401892027
1399002885
1397889533
1397828958
1397787438
1397109723
1395846519
1391365124
1391313805
1390661731
1390365760
1390104531
1388700810
1385229060
1382585488
1381066036
1379788029
1379711141
1378762178
1377905173
1376243822
1374820943
1374790629
1373942757
1373782514
1371787938
1371366945
1369202286
1367815231
1367353914
1367249164
1367173735
1363999596
1363825614
1360726763
1359697561
1359592481
1359590376
1359391957
1358530803
1357973527
1354247662
1352542388
1352419300
1351348601
1349228131
1348861591
1347845941
1347609863
1345778915
1345386102
1344870291
1343605910
1343245045
1342488065
1342415242
1340918136
1340557834
1339755718
1339253379
1335126673
1333807721
1331987889
1330463301
1330452472
1327326454
1327190436
1325025970
1323982004
1323617972
1322462026
1321147680
1319834181
1318127933
1316230616
1314158833
1313791437
1310107015
1307709533
1307534086
1307433319
1304295347
1304134586
1303970309
1303818277
1301656984
1300754015
1299990974
1298215573
1297340747
1295833386
1295822346
1295218836
1294380700
1292892111
1292120896
1290199371
1290065260
1289697077
1289439618
1287874419
1286655423
1283339402
1281850983
1281036392
1279707577
1279223981
1279211160
1278612822
1278494182
1277649369
1276989047
1275970523
1275515927
1273858164
1273734203
1273196614
1271894690
1271304859
1270135728
1270042061
1266346866
1262292593
1261666580
1261339308
1259890557
1259316525
1257610440
1257404223
1256783871
1255643514
1255343257
1254481100
1254135545
1248722538
1248650986
1248245634
1248170606
1247963527
1241948476
1241623158
1241517597
1241022940
1239873239
1237947361
1237768685
1237689134
1237086485
1236135708
1235095007
1234976401
1234959074
1234957075
1231201229
1230288398
1229722725
1229544317
1228907931
1227872041
1227475471
1227257981
1226299789
1223381198
1222907358
1221948334
1221407651
1220847406
1220354193
1219691490
1219278937
1218731298
1217876127
1214512055
1213246092
1209219577
1207071378
1205937283
1205717992
1204152955
1201254245
1201185107
1200946745
1200203482
1199812692
1199812208
1197983177
1196606204
1194517371
1193113702
1191430573
1189558025
1189417513
1188174120
1187686964
1187229975
1185702923
1184753872
1184367629
1183690564
1182319029
1181987574
1181040299
1179753556
1178957463
1177789170
1176915954
1173620865
1173167630
1172583915
1172363308
1171963075
1169188380
1167698775
1167498988
1167281191
1165532826
1164720166
1161711137
1157657076
1157647267
1155117492
1154162009
1154054803
1153182630
1150071791
1148847789
1147974362
1146980412
1146332693
1145820793
1144863738
1144610359
1144166422
1143946399
1143800841
1143181645
1141460980
1139640631
1137858492
1137630375
1137351071
1136580909
1136086710
1135080295
1134950179
1134005943
1133590728
1133360129
1132620612
1132366571
1132227716
1131856494
1131812870
1128038440
1127438649
1125001807
1119977503
1119171787
1119168275
1117296538
1115222498
1115090484
1114553933
1113161908
1112800603
1108748617
1108069725
1107933796
1106290952
1104785240
1103536370
1103483095
1103395620
1102213297
1101225749
1100562431
1099226591
1099036937
1097379974
1096557622
1095804175
1094625463
1093484706
1092292680
1090689727
1089839410
1086595103
1085880972
1085411220
1085196992
1084559689
1083639542
1082583794
1082160148
1080484848
1080081133
1077429561
1075884449
1074229964
1073945335
1073489791
1071455084
1071354645
1069416507
1069180631
1067946370
1067300116
1064269049
1064015233
1063454984
1061003709
1060464253
1058858171
1056259855
1051451005
1048027048
1047303597
1046251581
1045044450
1044759635
1044234428
1043760374
1041775098
1039821710
1038641648
1038436779
1037093968
1035865323
1034820273
1034519046
1033735664
1033461946
1033371215
1032992261
1031245892
1031212047
1030202324
1029784126
1029493652
1028765833
1027866871
1027769629
1026942311
1026667932
1025269628
1024737967
1024226712
1024096576
1023478726
1022144979
1019119385
1018196726
1017374380
1017125143
1016098621
1015602694
1012776037
1012109651
1011707514
1011414706
1010866056
1010765973
1009811009
1004337112
1003975887
1002784036
1002237457
1001656735
1001651658
1001211855
1000658188
999836799
998429310
998360631
998177782
997362102
996933049
994681938
994500321
994062922
993473276
992729014
992702065
990953935
985637651
985623965
984224156
983598187
982552351
981584843
981311654
980404176
977499096
975964536
975490077
975474946
975112266
975011021
973401761
973375379
973113912
971575520
971156094
966296685
965610061
963391659
963068653
960980067
960631546
960565962
959862628
958160143
958113419
957734464
955750890
952677325
951341405
951133223
949922981
948936392
948699934
945512927
943799742
942933147
942474038
942221465
942182480
940053727
939871941
939111997
937602023
934336243
934068562
933471270
932550710
931307452
930802303
929725642
929282054
928378145
927750071
927581475
927376856
926835436
926276711
926271870
926092034
925671451
925150515
922862509
921888269
920481151
919750613
919264010
919253717
919128364
917678686
915097160
913324675
911675586
910162252
909997953
907694746
906080643
905580816
905260872
904559278
904412898
903329494
900890965
895854676
894485681
894193627
894046138
893655212
893538843
893273439
891986954
890423834
889702264
887856132
887733481
886280448
884068735
883999859
881033195
878150375
877886553
877268490
876848003
874727899
874685961
874132780
873996474
872101376
871903080
871844670
870497317
864737665
864589769
863529544
862754594
860826096
860065785
859394521
859153692
855682641
854887728
852000911
851970147
851144614
850819232
850753657
850532235
849430682
848789842
848127260
846194316
845300531
840717725
840494804
837616499
837324882
835113889
834506330
828382812
827430097
827190943
825525899
823650194
823155602
822221667
820347327
820135518
819871731
819494241
817488678
814354231
813749712
813580705
813386140
812946006
812852188
811104518
809933959
808642106
807964695
803892612
803391605
800943720
800011240
795851462
792142323
791709453
791661668
791490931
791129324
791110172
790297964
787318955
787267564
786873934
786520002
785090761
783567097
783414656
783089311
782568113
782457400
782020301
780102394
777024459
776731232
776490069
776068442
775022071
774286948
774169433
772234167
771991112
767394701
766512207
766487161
764486619
762828237
762399202
761377464
760560192
760036265
759674780
759551907
758558224
757579795
757464768
755746998
754612112
754583134
754263203
751715078
750784681
750663607
749316387
748952324
748794234
748503689
747292544
746401787
745488218
743489749
742923118
741326314
738717624
735706172
735438147
735389770
735197201
732773680
730757038
729677720
728223853
727783016
727167532
726393799
725464821
723991643
722397074
722074428
721630761
719057316
718797833
718483986
718365815
718045913
716068430
711785452
711068741
709665293
708600889
708212861
708163042
705970289
705283371
704113855
702002094
701699906
698860720
697781385
695779069
695465169
694613403
693997149
692342351
692048737
691541718
690313240
689199109
689173132
686562792
686506769
686310698
686064156
685856304
683074739
682885067
682696833
680974231
679753573
678490681
676033119
670544457
670268204
669392648
669011906
666764971
666719228
665701734
664256053
663013601
662717541
662697830
661266883
661020699
657419996
656458697
654876702
654748351
653712830
653249053
652347832
652010624
651137576
650170477
649931855
648254661
646649179
643989997
643192423
642287288
640323488
640240103
639682154
639323688
638280050
637242469
636813879
635974468
635824215
635232212
634318619
634009653
633499563
633057944
633033433
632643735
630068411
628887108
628241511
627796238
627592507
626949342
625248653
624240165
619869387
619771612
616827994
616332051
615944306
614380472
612545353
612073367
611550265
611339823
609742180
609109940
606245377
604276920
604171372
603841366
603291719
602722094
601267271
599277438
598763389
597891211
597445226
596806485
596375953
595989012
595560533
595046410
594856874
592293433
591358842
591063377
589606737
588628010
588308864
587882139
587651522
584709979
583268559
581026581
578150184
577509989
574229356
573681861
573254224
573080337
571335664
569947576
567987901
564322907
563929003
563464710
563370756
561640338
561214837
560931024
558142701
555664216
555172052
555056545
554657352
553797293
552711787
551945184
551374354
551044023
550962544
549849707
549459649
549384817
548965145
548458733
548036570
546264331
544893887
543010348
542812834
542323284
541680697
541645726
541171328
540002837
539248028
538744978
537968533
537256870
534544639
533518715
532453994
532366904
532239565
529924059
528718946
528440942
525018436
524516893
523883374
523579370
520604124
520287279
518650185
518630095
518101095
517166518
515609418
514314800
513526844
511444545
511241926
510988670
509815446
509752307
508881534
508719612
508225833
507344806
507264165
507082863
506472647
505947007
504284610
503451893
503011053
502994864
501786515
500875871
500680329
499327917
498713146
497918104
497572681
496008598
495197058
493994379
493269906
492662523
490973298
490364238
489381307
489147674
485948324
484881219
484823219
484810987
484439541
483782515
483780031
483439694
481937421
480567662
479840726
479837025
479713986
478380793
478064411
478048365
477731465
476031041
475077406
469972692
469667049
468517804
464645491
464566263
463172847
460761193
458427896
458346142
458227746
456978670
456898668
455891142
455033271
451383686
451183400
451135954
448363593
448183371
447955615
446285947
444985880
444488295
443555360
442744774
441555233
441475753
440539253
439645326
438762495
437452497
437385277
434638251
433844196
432832841
432794805
426160338
425716843
425050161
424075662
422919853
422054225
421182438
420029266
418949084
418933651
418890367
418243898
417765839
417608003
416989979
416921750
414095424
413115048
405614022
405410801
405070389
403131946
402448455
401732932
401432944
399012262
397643677
396800503
396552961
394661924
394590649
394523386
394240449
393396233
390533000
388399212
388328421
388200389
386979955
384944977
381792170
381342529
381286278
378516992
376383258
374995845
374929570
372864075
369119663
368868589
368773215
368722398
366231927
364922776
363768797
363372326
362813305
361694203
361588483
361567443
360827457
359340061
358463806
358447757
358375898
354825634
354229600
353989473
352836204
351336891
350951624
349328092
348938844
348669778
345675948
339104855
337781965
337623293
336970289
336188509
334572476
333701185
333353730
333246300
332773375
331120979
330038373
329539646
328289993
328241970
327998195
326288736
324151396
324069607
323875097
323149490
320626217
320472074
320399337
318609179
318279969
318064204
317155488
316580901
315928444
315285936
314605754
310269672
304397993
303440564
299774746
297335919
295650022
295038962
294464183
294232171
292154672
292112224
291184351
290294472
288882025
288781513
287723997
286466798
286073953
285439925
285138247
284161471
283236069
283069023
282849274
281661409
279414424
277546480
276489648
275398648
271054479
269486589
269323734
268965841
267895409
266041851
265069111
264720440
264380795
264213264
264205341
261412984
261106773
259923073
259527584
259323557
259102976
256057598
255791864
255194091
251629680
250766563
247464888
246827142
245419524
244401877
243533838
242750427
241158285
240807627
239909432
238338444
237747652
234960472
232329893
232014017
231900236
231209315
230074826
229060384
226795005
226695685
226653688
226203455
226023956
225037243
223862579
223417739
222650628
220797873
217669513
217618611
217571355
216563822
215229294
214889325
214830582
214487942
213142774
212632031
211164176
210353065
209889668
208867499
207033342
206922342
206764774
206109209
204928232
204301313
203361434
201265533
199497132
199416189
198417274
197702500
196664476
196472441
196031197
192702710
191436381
190760626
189933042
189584452
189244812
188866064
188358864
187857171
187552161
186393543
182274632
180983576
179754367
179714538
179141342
178314407
176754128
175381202
174720397
174210572
173610218
169435784
168205394
167976636
167624219
167182374
166436342
165661971
164854562
164786155
163624536
161477133
160824995
158751664
157666999
157319610
154883774
153759095
153122495
152997116
152412196
151499413
151458076
148779325
146472909
146236194
146060190
145607165
145159168
143903193
143060071
142320608
141173746
140506087
139709211
139200297
137981219
137255823
136486406
135644544
134405786
134339462
133287620
131118632
130469110
125295840
122967514
122617237
120472792
119538781
117942567
117921361
117849489
114914809
110790613
110110292
110062208
109083012
106448932
105749525
104279244
103580734
103414875
103298646
101795312
101354867
99982993
99625930
97302960
97296892
95863825
93978316
93744809
88526287
88376645
86845297
86497412
84591828
84220414
83692902
82560447
80755980
80525813
79727773
79556057
78782053
77427278
75167253
75083097
73789923
73581414
73210533
71859316
71779387
71089275
71059886
70085796
68283380
67821755
66444118
66414004
65856709
64356717
62487065
61448613
60076144
59740537
59099153
55952182
55445138
54810401
54475398
53018669
52958155
52061490
51902923
50116746
47714183
45090360
44908693
43502842
43417532
41287508
38209318
37640296
35008066
33431839
32389807
32310749
31233886
30884859
30586126
28246677
25915728
22487383
21878519
21812670
18896276
18771272
17315981
16986444
15880709
15788991
15664932
15486338
14629289
14601100
13816261
13655011
13586676
13377883
12768887
10176286
10168729
8451401
7837449
7532336
7336230
2501226
1959565
1790025
