2032384466
1976891371
1929703922
1891746060
1878444781
1776882289
1767045661
1698473779
1692854432
1677814181
1674251569
1630560488
1576040019
1570753126
1524272969
1482305156
1479832937
1429137462
1390927895
1335623489
1331441468
1286406379
1130538953
1095969254
1047876807
1018082378
984064180
939201269
852959331
769242901
758386370
720311923
636494316
597556855
589031692
581453792
544151973
434814062
382558121
292806294
261034770
248121741
218512836
199946892
153219470
126903970
110253895
59488507
26764646
7327510
