2144578575
2140444979
2132367006
2131992682
2130842660
2127812673
2123579163
2118423210
2118217063
2106909213
2106536354
2103990644
2082875042
2077319226
2077007078
2071986000
2069880463
2067157305
2065967359
2061581565
2059118556
2058266416
2056780467
2054103448
2050518142
2047477833
2042181844
2038279786
2031691689
2026599444
2024542444
2017994369
2014317297
2013681783
2013283813
2006474359
2006431116
2003013095
2002991621
2002513603
1998717041
1996101650
1994612368
1981851433
1975475137
1967366847
1967258971
1961618266
1960710472
1957568177
1953370953
1946044740
1945512528
1942152203
1941179977
1932691800
1931619352
1928630016
1924732663
1920313832
1915755113
1911767823
1903999625
1894017943
1891936557
1891566376
1890585847
1885398888
1884018670
1878972964
1872105987
1869759006
1869541757
1868517536
1859176596
1853188855
1851836812
1851530262
1848149747
1847909023
1841712778
1840459551
1840320904
1840007569
1837287199
1836747815
1834545872
1833894471
1818768800
1817906895
1815431623
1814246062
1804243304
1804205433
1804188753
1801754996
1798682526
1798279550
1796870941
1790408555
1789405904
1788110066
1784411929
1776544248
1775493116
1775175381
1775044554
1768874039
1768348062
1763819502
1759823286
1757076742
1756024009
1748377248
1747649046
1730944342
1725394634
1720197127
1712984166
1699078491
1695142857
1695025366
1680671078
1678986174
1678695180
1678530111
1672064629
1662234331
1659572287
1655709713
1650494856
1649308648
1649052955
1648109300
1647187764
1642979939
1639698940
1634237026
1631300820
1631261247
1629162129
1618882369
1604116749
1602005681
1599985804
1595255603
1585290028
1584069227
1580301065
1578221247
1576723089
1564198966
1560862025
1556574740
1555249416
1548082477
1546582219
1531769399
1528136017
1509795331
1508583176
1502089659
1497120584
1489054144
1486136782
1484882090
1479753030
1479190257
1465128127
1464930191
1460257364
1451313738
1450923459
1446794169
1446395192
1441225003
1438842210
1418137709
1400960103
1397499575
1394960147
1385851126
1385176051
1370321390
1368293910
1368106992
1358621335
1358102323
1337390262
1336372859
1335430324
1333491904
1332036859
1322239164
1315746318
1307854107
1306571690
1299353698
1297503753
1276171213
1275034703
1273784366
1271546625
1270642219
1269993537
1268820492
1268487780
1261668566
1250916422
1244713368
1243039202
1242736905
1238167702
1225358869
1224885819
1220226185
1201448649
1198509848
1195683916
1190495954
1189844447
1187042061
1184914612
1184904351
1184554516
1181522472
1180635053
1178924717
1172939530
1172419042
1168935663
1159046224
1154866677
1151651334
1131445264
1110403563
1108785371
1106993033
1106880764
1094173820
1093899971
1091684890
1091366345
1083810069
1078734143
1044387536
1042627233
1038363347
1037567907
1037018944
1029760590
1026435108
1017222999
1003420741
991290840
990028810
983817072
979084458
976952636
966263036
965961646
965054142
961134403
955535653
951456781
951289262
943661214
938751332
929657875
928522480
914726341
913734739
913680481
903361331
902322675
901692462
901444268
900242052
899338787
897055603
893029755
889803836
881857654
879984065
875552646
873440020
867940651
863348767
854524463
847722041
840164209
832312419
823559124
815497186
815351733
812486118
808142273
799049181
793900264
791829583
787997665
783349776
764935910
760821580
752762608
748202188
744316504
741567286
736761000
732102457
728136374
724014031
723771961
717091398
715368670
714259323
712256921
710871038
705096835
701255728
689096485
686798072
664107407
663964745
663292811
660144380
647730822
644038884
642657765
640725889
637378366
636039375
627573713
626411218
624387571
619463687
617349242
613942856
611525961
609105316
605834584
602677381
600695707
595260568
593904939
590487628
580266808
578007657
577632883
571846079
567940803
567057936
566198650
562612690
558790356
554068139
548423992
547033262
536670897
535641116
532531395
528033713
520263478
518877494
517001459
516778452
509344903
501343536
499101352
489869690
484095246
481891606
480645328
474034048
466924902
463958900
457308297
457253560
456221799
452258339
450228778
446580309
443634536
439020805
436291292
431001542
420449559
420127946
412539701
412258500
411427884
410296982
410272825
410013125
408191358
402297963
400440483
392940310
391118006
388652062
385902729
384794565
383529692
381231869
378854813
371305401
369493659
367880377
366487403
366353676
364860093
361055534
360960955
358644435
356997130
356913964
355898138
354153637
348575311
347827290
344272678
336849052
329365758
321487266
319990652
315861310
310749617
307480743
307261639
306085050
305995575
305436375
300519724
294842622
293534016
291153644
288831469
283008850
280008909
279458247
272345533
258496471
258344854
249104585
247981863
247247053
244654421
240001357
238735619
237942562
235738739
228175597
227314016
222749194
220377468
211799727
207792741
203026774
201897336
201695330
201399328
188155669
181494850
179705720
177222945
171444379
163335843
161186555
161035720
159695629
159085036
150448920
148072203
146368073
139615380
132153059
128980845
124555271
123443586
119047046
116682621
113460677
96546984
90290939
86600936
79402591
75610814
66116665
60988670
55006060
53538705
52428671
46066610
41033001
33626775
26191617
25305318
24219782
12953889
6807818
