2147364308
2147234076
2146729665
2146306448
2146269999
2145961770
2145487784
2145459788
2145160124
2144383189
2144242217
2143648567
2143474827
2143013606
2142789520
2142680162
2142416239
2140930331
2140924000
2140864645
2138903168
2138603526
2138562474
2138400257
2138359845
2137930952
2137915417
2137663843
2137662369
2136854202
2136561781
2136401401
2136251372
2135835493
2134780274
2134611778
2134607715
2134527964
2131604705
2130350029
2129519207
2129207691
2128648644
2128488138
2128405958
2128357966
2128268624
2127715594
2127662255
2127092466
2126659194
2126142806
2125892764
2125877064
2125274323
2124438628
2124084458
2123966101
2123333825
2122531841
2122524911
2122326030
2121387421
2121371629
2120804167
2120776676
2120769628
2120647514
2120287885
2120133491
2119857505
2119444009
2118784715
2116347453
2115983096
2115856160
2114809011
2113666463
2113242557
2112111401
2111809502
2111635354
2111592307
2111344580
2111094750
2110873132
2110749420
2110331887
2109253011
2109062974
2108746791
2108569665
2108365632
2108363588
2108251769
2107539976
2107369934
2107099808
2106674232
2106559533
2106338709
2105739823
2104897640
2104419066
2102910053
2102779293
2102172229
2102092626
2101696180
2101496280
2101198732
2100256071
2100154128
2099615251
2097693915
2097693659
2097575595
2096680887
2096544399
2096008996
2095376356
2095099123
2094178267
2093979235
2092945309
2092429225
2092427065
2091287504
2090342897
2090323003
2089449018
2088887982
2088551451
2087537969
2087114087
2087010090
2086329986
2085341143
2084964939
2084944493
2084085615
2083909462
2082672693
2082345959
2081755306
2081481543
2081320687
2080805932
2080699958
2080274926
2079400315
2078532730
2078467022
2078320723
2078268379
2078054712
2078006929
2077934952
2077766202
2076715356
2076218130
2075750161
2075702519
2075482181
2075415988
2074966734
2074917243
2074833067
2073955094
2073772948
2073356584
2073276004
2073274708
2072893271
2072886979
2072396400
2072290945
2072233482
2071870949
2071844994
2071711903
2071684594
2071632724
2071444946
2071196993
2071177018
2071064005
2070585692
2070106456
2068816269
2068610590
2067919190
2067873953
2067353870
2066973002
2066969579
2066861424
2066849819
2066583156
2066382686
2066363021
2066160064
2065901704
2065780734
2065338715
2065055010
2064441949
2064352463
2063626009
2063513140
2061492217
2061221409
2061181373
2061123438
2061060514
2060787240
2060687233
2060378930
2060140681
2059871757
2059392642
2059024811
2058590095
2057986121
2056864441
2056100655
2055519235
2055247632
2055074031
2054797894
2054510132
2054291602
2053619676
2052944504
2052452087
2051670315
2051290351
2051132479
2051083468
2050874264
2050727625
2050537542
2050518351
2050399615
2050306552
2049636609
2049631842
2049430277
2048559205
2048539408
2048181659
2047755933
2047700338
2047674119
2047576292
2046413813
2046387693
2046131292
2046003496
2045609362
2045563760
2045552972
2044544623
2044010364
2043332819
2043282993
2042936602
2042891897
2042829942
2042792404
2042554704
2042537358
2042338284
2042260819
2042242156
2042192105
2041946861
2041810856
2040962274
2040859134
2039998451
2039447697
2039407256
2039027984
2038421770
2038359811
2038062594
2038030179
2037931835
2037594655
2037349021
2036652779
2036458070
2036440812
2036176857
2035338454
2034924681
2034778900
2034340187
2033889580
2033527315
2032770437
2032428375
2031693385
2031229336
2031208793
2030650531
2030150954
2029881698
2029839482
2029369867
2028933747
2028689401
2028569499
2028555802
2028268433
2028208322
2026508150
2025947277
2025683012
2025315120
2022784468
2022360215
2022278241
2022134163
2021785755
2021004186
2020543346
2020055565
2019921064
2019790314
2019412911
2018888908
2018633348
2018154427
2017671880
2017271180
2016405322
2015822929
2015672653
2015570684
2015364179
2014661850
2014584762
2014222488
2014060129
2014010907
2013960563
2013839163
2013630043
2013010375
2012589607
2012309730
2012283729
2011746433
2011194228
2009931301
2009683938
2009220438
2009164673
2007120928
2007077987
2006470752
2006051069
2005974288
2005869136
2005777264
2005473866
2005073776
2004753211
2004447909
2003417125
2003221431
2003176839
2002335145
2002068730
2000638701
2000403389
2000013619
1999298797
1998643512
1998514720
1998259174
1998070837
1997295610
1997060137
1996919742
1996858091
1996786916
1996452073
1995760200
1995614084
1993785809
1993772831
1993336018
1993177713
1993043692
1992424232
1991864814
1991766437
1991610060
1990983459
1990871995
1990863826
1990769848
1990537960
1990411552
1990353416
1990039593
1989752749
1988181900
1987650130
1987149301
1986072966
1985511323
1985096069
1984940831
1984881168
1984468289
1984127712
1983507292
1983067210
1981910045
1977499282
1977357118
1977249535
1976663227
1976579312
1976134636
1975884593
1975807760
1975220435
1974905031
1974625383
1974360360
1973758179
1973642580
1972861712
1972798358
1972565489
1972353771
1971931258
1971900464
1971250173
1970883344
1970573034
1970277620
1970082726
1969358580
1968723505
1968619191
1968593666
1968004486
1967403276
1966164718
1966109789
1965811804
1965785403
1964515763
1963230238
1963202386
1962661553
1960140948
1960063952
1959880885
1959223426
1958890739
1958753347
1957699700
1956739548
1956228461
1956084571
1955871199
1955718994
1955527243
1955431197
1954436532
1954174713
1953405279
1953232574
1953111440
1952628366
1952600466
1952360335
1952237421
1951998282
1951813987
1951310836
1951216884
1950575868
1949014030
1947962847
1947913656
1947839180
1947793719
1947324352
1947181486
1946131397
1946096986
1945953255
1945855287
1945620976
1945339374
1945147960
1944890326
1944504805
1944320187
1943178646
1943120118
1942967600
1942099940
1941851129
1941247840
1941145533
1940771875
1940069957
1939754157
1939465569
1939457261
1939414227
1939404564
1939181889
1938954814
1937746148
1937685475
1937174711
1936653112
1936516670
1936447239
1936002628
1935711978
1935407452
1934843573
1934286703
1934262580
1934098472
1933278916
1932696664
1931846893
1931840053
1931713263
1931497086
1931494283
1931413678
1931226416
1931126173
1930882306
1930057609
1930003401
1929904962
1929838158
1928939084
1928767403
1928400641
1928284466
1928015245
1927190763
1926943948
1926150078
1925842810
1925745857
1925497290
1925273587
1924478950
1924227100
1922052200
1920873430
1920422188
1920376057
1920222010
1919792246
1919425022
1919424059
1919308096
1918850430
1918616466
1918613581
1918593643
1918218891
1918128535
1918036149
1917922100
1917854561
1916720829
1916479758
1916388490
1916208841
1915383963
1915071118
1914993607
1914950476
1914575755
1914231414
1913801030
1913792147
1913451902
1913239547
1912841085
1912807405
1911670201
1911400318
1909854691
1909616479
1909479736
1908189259
1906757775
1906373504
1906351051
1905444374
1904946279
1904720539
1903730016
1903674288
1903673945
1903673836
1903605946
1902333888
1901906671
1901781296
1900828049
1900631630
1899662290
1899588498
1899451476
1899405013
1898902865
1898698562
1898455639
1898274455
1898176681
1897722227
1897123805
1896985356
1896979934
1896398252
1896239787
1896187251
1895371923
1894846387
1894697634
1893806017
1893544609
1893033829
1892713868
1892055499
1892046984
1890919415
1890887082
1890205476
1890082951
1889814510
1889680356
1889390011
1889265413
1888739875
1888397632
1888260348
1888124039
1886214036
1886158999
1885847129
1885735630
1885715333
1884747511
1884291697
1883496509
1883253167
1883199238
1882016521
1880890501
1880837918
1880508818
1880489918
1879715783
1879071466
1878260932
1877028945
1876853540
1875924249
1875863317
1874810884
1874672427
1874590336
1874001495
1873603226
1873195919
1872872301
1871784893
1871524138
1871271392
1870845517
1870719331
1869200070
1868764187
1868742968
1868606594
1868255530
1867777434
1867202225
1866996550
1866912474
1866901108
1866562711
1866147731
1865949798
1865598126
1865404080
1865163457
1865001359
1864700319
1864615670
1864165789
1863981849
1863959716
1863174532
1862008102
1861740900
1861513193
1860634136
1860489785
1860039287
1859517426
1859391576
1858959101
1858663036
1857733910
1857658878
1857593062
1857414268
1857360827
1856703925
1856667238
1856566165
1856485277
1856319365
1856220619
1856059771
1855342097
1854432059
1854192799
1853953681
1852779341
1851771247
1851528908
1851161237
1850310674
1850112584
1848178316
1847504430
1846890343
1846639336
1846273397
1845904137
1845402815
1844773021
1842852613
1841399305
1840941393
1840250990
1840023969
1839921226
1838428127
1838413809
1838266032
1838241577
1838099506
1838049108
1837272607
1837023498
1836950022
1836739362
1836352096
1835992027
1835636281
1834052041
1833875935
1833806834
1832230657
1832160326
1832009055
1831860151
1830644322
1830402350
1829539368
1829025931
1828873714
1828818324
1828805163
1828633201
1826302036
1825747224
1825557099
1825317863
1824334374
1823851303
1823181080
1821354824
1821291281
1820599914
1820515388
1820218478
1820208022
1817930641
1817773263
1817736129
1816865558
1816844929
1816073950
1815411688
1815174761
1815059173
1814658737
1814216627
1813393104
1813213059
1813017205
1812651776
1812206777
1811596448
1811354330
1810834603
1810249695
1809766752
1808224994
1808057635
1807103860
1807076567
1806314671
1806306007
1806211388
1806016574
1805489838
1805424550
1805087206
1804567917
1804552804
1804393243
1804213875
1804186478
1804075285
1803743403
1803605810
1801608980
1801510259
1800663634
1799524173
1799041224
1798988556
1798470657
1797748742
1796434396
1796177132
1796094416
1796027469
1795363525
1795094709
1795057585
1795048240
1794130892
1793885657
1793770299
1793740561
1792634203
1791091714
1791006995
1790233752
1790017135
1789832352
1789680906
1788914564
1788090922
1787959972
1787378952
1787315820
1787068383
1786915689
1786764965
1786712894
1786267963
1784856936
1784737910
1784446599
1783835619
1783347477
1782836460
1782734672
1782268687
1782030160
1781320836
1780830901
1780662031
1780616065
1780450923
1780060844
1779302814
1779254548
1778913255
1777343849
1777133063
1777041118
1776987545
1776424442
1776201512
1775023412
1774283890
1774121423
1773810478
1773165478
1772786004
1772399051
1771394784
1770919559
1769774525
1769581125
1769094691
1768650146
1768480840
1768005464
1767897598
1767467258
1766489960
1766378246
1766256141
1765752830
1765318626
1764536562
1764479042
1763475421
1763328305
1763081971
1762904077
1762363384
1761896522
1761787007
1760925116
1760058602
1758355988
1758174301
1757491419
1757422657
1757179510
1756640169
1756512395
1756385069
1756316940
1755886876
1755716565
1755414495
1754755719
1754014436
1753843738
1753364791
1752934777
1752731403
1752494352
1752048007
1751435281
1750993113
1750746220
1750400640
1749415859
1748842555
1748278358
1747869023
1747779550
1747517868
1747184940
1747170668
1746448340
1746420974
1746304443
1746275752
1746212761
1746197754
1744050696
1743965580
1743944783
1743854465
1743592401
1742352518
1742039467
1741578588
1741401636
1741386760
1740394556
1740344294
1739321786
1737586692
1737484434
1737107024
1736655740
1736571354
1736123072
1735684424
1734698306
1734658882
1733567799
1733259927
1733252722
1733021132
1732400351
1732056855
1731332292
1730843640
1730357955
1729759564
1729077463
1728748555
1728672377
1728580105
1728347205
1728283284
1728050031
1727627222
1726846627
1726741525
1726597669
1725028382
1723693001
1723397630
1723322543
1722373682
1721975173
1720119449
1720021251
1718957094
1717990009
1717813008
1717761500
1717399748
1717112527
1716424631
1715406647
1715199921
1714687970
1714443970
1714343557
1714318321
1714083434
1713713196
1713345353
1712737683
1712368883
1712134596
1711863192
1711379049
1711231685
1711176350
1710547313
1710488852
1710262152
1709721826
1709668892
1709184884
1708553671
1708004202
1707224493
1707154660
1707033908
1707028810
1706835698
1704861778
1702375815
1701659434
1700205318
1699642642
1699597148
1699486849
1699293170
1699005381
1698949380
1698899370
1698745340
1697388454
1697128828
1696347106
1696283347
1695711050
1695682507
1694725425
1694524682
1694436600
1694415558
1694232761
1694096379
1692360984
1691608631
1691570484
1691472013
1691019033
1690958627
1690793815
1690651085
1690614925
1689807599
1689325855
1689010713
1688895420
1688228712
1687186167
1686025327
1685898964
1685872608
1685756123
1683819109
1683611344
1683528243
1683318337
1682777539
1682627120
1682483087
1681408347
1680699090
1680252105
1678624998
1678264524
1678078505
1677235720
1677169481
1676912097
1676871771
1676668861
1676666418
1675848119
1675810347
1675310228
1675104897
1674528939
1674250657
1673904465
1673277960
1673021945
1672966285
1672396590
1672381590
1672132612
1671929005
1670938483
1670440605
1669554887
1668783269
1668704070
1668502394
1668474424
1668151624
1668121004
1667873056
1667297270
1666421295
1666304699
1665622119
1664777930
1664314463
1663440930
1662648842
1662436050
1662190350
1661662416
1661509999
1660842233
1659926787
1659911942
1659871124
1659818576
1659637021
1659536437
1659244398
1659057342
1658454942
1658163993
1657931588
1657546880
1657327598
1656589444
1656379952
1656291930
1656197219
1656023325
1655573609
1655233525
1655188811
1654609463
1654355543
1654335537
1654333583
1654084147
1653861441
1653846935
1653761876
1653606215
1653286447
1653068995
1652297463
1651454838
1651096147
1650972535
1650816974
1650418180
1650346476
1650032881
1650029544
1649855321
1648348356
1647624660
1647558770
1646071363
1645562794
1644693711
1643842072
1643772749
1643511492
1642726703
1642623094
1642035783
1641656330
1641328189
1640902506
1640892496
1640718058
1640531169
1640483348
1639868763
1639090472
1638902066
1638542924
1638007907
1637636455
1637186744
1636977922
1635916979
1635871088
1635750057
1635594777
1634879797
1633651953
1633363357
1633344226
1632983143
1632953405
1632321061
1632265493
1630809412
1630331228
1630261834
1629654015
1629363105
1628615686
1627342570
1627105029
1625807499
1625312385
1625075110
1624965275
1624656612
1624578252
1623325335
1623016453
1622799537
1622692069
1622303463
1621884620
1621805254
1621714202
1621086441
1621028841
1620644355
1620367126
1619748376
1619644020
1619543315
1619106077
1618868016
1618197833
1617808089
1617247470
1616843280
1616806620
1616613697
1616546271
1615482381
1613878717
1613830848
1613460285
1612330524
1610688773
1607706304
1607243013
1607077174
1605615376
1605543114
1604661090
1603787526
1603481234
1603239166
1602999140
1602929743
1601783622
1599426738
1597671568
1597039673
1596875353
1596867118
1596359692
1595570438
1594940786
1593631091
1593535866
1593138348
1592849121
1592574909
1591435705
1591395123
1590992268
1590675261
1589451677
1589427992
1588270957
1587442614
1587179838
1585978813
1585074081
1584928999
1584662806
1583639548
1583189955
1582634935
1582068732
1579492493
1579134156
1578800712
1578630664
1578196637
1577914717
1577501472
1576928357
1575846258
1575256091
1575212857
1575163497
1574177433
1573127936
1572918847
1572518269
1572505049
1572017823
1571989179
1571665668
1571309722
1571140816
1570370786
1570040487
1569483225
1569164790
1569133966
1568959102
1568072613
1568027901
1567389927
1566854970
1566676067
1565802789
1565580639
1565188374
1564646351
1564230082
1564073730
1563467602
1562746541
1561559256
1561549662
1561459387
1561107064
1561038876
1560966526
1559694627
1559579614
1559512163
1559176879
1559030587
1558840072
1558086109
1557947621
1557552277
1557308714
1557250059
1556404591
1556244246
1554379427
1553981283
1553419188
1553223626
1552788191
1552128538
1551610873
1551235122
1551176260
1551064601
1550909562
1550756660
1550697663
1550112564
1549921938
1549708073
1549253599
1549083254
1548859684
1548751141
1547550445
1546819965
1546597014
1546463091
1545328103
1544760656
1544430049
1544018386
1543016637
1542956772
1542812756
1542662896
1542117249
1542082152
1541561232
1541198703
1541030940
1539968772
1539652898
1539376424
1539340096
1539277666
1538577680
1537976836
1537839964
1537775123
1537108795
1536911541
1536833535
1536804409
1536754068
1536260238
1534571543
1534508218
1534159374
1534034334
1533747407
1533743582
1533727616
1533726479
1533686366
1531758468
1531375296
1531021499
1530548188
1530316522
1530020644
1529900002
1529527348
1529083473
1528806672
1528353230
1528210863
1527874059
1527462474
1526780521
1525854973
1525134545
1525119328
1525071444
1524932492
1524737937
1524710321
1524654758
1524273238
1523773955
1522947950
1522585361
1522493168
1521454456
1521188653
1520865954
1519959453
1519299477
1519219577
1518374404
1518246087
1518033707
1516663344
1516397932
1515630795
1514449448
1513880511
1513409842
1513331599
1512972579
1512927103
1512081288
1511769236
1511735231
1511647131
1511621272
1511409050
1511370675
1510845327
1510712285
1508686885
1507688117
1505755913
1505631050
1504513600
1504117434
1504049711
1502769065
1502615666
1501679100
1501455679
1501207817
1501109043
1500786720
1499905679
1499364583
1499232741
1499155175
1497512717
1497251693
1497023258
1496061421
1495972363
1494884995
1494123804
1493857718
1493637398
1493254135
1493175365
1492942326
1492662093
1491606443
1491104018
1491057728
1490239537
1490018525
1489293530
1488890447
1488406677
1488365284
1488170315
1487970611
1487657574
1486980386
1486314455
1486055917
1484889477
1484717371
1484561641
1484307603
1483982637
1483091497
1482991726
1482841761
1482074216
1480986484
1480485832
1480453827
1479728175
1478704864
1478702107
1478471094
1478345092
1477107891
1476830903
1476425001
1475432388
1475288488
1474523768
1473507223
1472686390
1472576179
1472500161
1471388836
1471377024
1471039690
1470968764
1470561389
1470376479
1469906612
1469556734
1469511377
1469058103
1468753209
1468479933
1467420641
1467058167
1466547954
1466002531
1465786285
1465761446
1465596220
1465228852
1464205459
1463879475
1463481645
1463142223
1462525814
1462417176
1462215187
1462059419
1461544267
1461289362
1461128312
1459799065
1458914123
1458282686
1458026324
1457921612
1457839338
1457339187
1456316158
1456099602
1456016016
1455806372
1455303364
1454355046
1453799724
1453383423
1453257177
1451811406
1451636186
1450866884
1450760478
1450547315
1449365450
1447905892
1447824415
1447772053
1447148308
1446433065
1446168291
1445932546
1445562838
1445300474
1445017874
1444175929
1444013352
1443795932
1443794301
1443281092
1442823561
1442438089
1442408225
1442254889
1442071101
1442001237
1441977113
1441253840
1440532641
1440305631
1439652976
1439625688
1438963668
1438762343
1438629299
1438587073
1438190702
1437890496
1437200994
1436560422
1436331020
1435790322
1435441972
1435074411
1434932932
1434867362
1434708339
1434613056
1434317741
1433437136
1432747451
1432084276
1432043806
1431726959
1431488318
1430949524
1430875366
1430807193
1430497447
1430495338
1429987897
1429752939
1429060905
1428851153
1428637829
1428167860
1427928010
1427500901
1427096122
1426857708
1426702275
1425559561
1423876556
1423705005
1423408432
1423318458
1423257198
1422442164
1422335974
1421956936
1421363506
1421298946
1421260923
1421104742
1421036995
1421011542
1420557055
1420122684
1419333871
1419329902
1418572307
1418438471
1418309526
1418103497
1417778827
1417655836
1417475372
1416579248
1415519671
1414735240
1414491587
1414432973
1414396615
1414334987
1412726713
1412668117
1412547088
1411649361
1411576919
1410613314
1410088313
1409951472
1409565207
1407985377
1407133272
1407025151
1406551253
1406196470
1405959849
1405667776
1404433962
1404417649
1404290399
1404093670
1404067318
1403783830
1403639018
1403615455
1402188547
1402080425
1401940769
1401849870
1401794104
1400950326
1400812188
1400526263
1400514789
1398867977
1398653192
1398385676
1398365842
1398160909
1397784790
1397111034
1396962944
1396225925
1396169272
1396095230
1395663780
1395410090
1394918992
1394714980
1394678675
1392937377
1391766114
1391759257
1391262073
1391156091
1390951924
1388698393
1388569989
1388217725
1388067188
1387970297
1387319328
1387100085
1386598927
1386162974
1386135649
1386115167
1386073098
1385968251
1385424749
1385399325
1384481563
1384350123
1384229022
1383985132
1383346906
1383306801
1382906321
1382764710
1381400566
1380979665
1380797209
1380430691
1380051742
1379430402
1379164421
1378737933
1376785539
1375638106
1375139034
1374606104
1373745523
1373645819
1373362502
1373297212
1372952023
1372627855
1372241156
1371761486
1371547271
1371226464
1371143865
1370900852
1370434437
1369857940
1369763301
1369736329
1368105444
1368056371
1368052550
1367750282
1367640338
1367455275
1367098421
1366497774
1365252658
1364257106
1362323224
1361978629
1360445336
1360124313
1358648561
1358445139
1358258282
1356421965
1355831517
1355790075
1355321557
1354523039
1353885488
1353333488
1353286753
1352516898
1352449902
1351335197
1350935766
1350930850
1350489267
1349736432
1349567876
1349543311
1348869423
1347751416
1347231131
1347032168
1346435389
1346216243
1345887756
1345733211
1345104239
1345085764
1344762696
1343117739
1342716131
1342632911
1342123699
1342111533
1341286445
1341232582
1340887841
1340080598
1339971831
1339945096
1339728124
1339320528
1338894348
1338841446
1337231080
1336808890
1336686059
1335276900
1335109894
1334912554
1334371309
1333831834
1333531916
1333349130
1332189533
1332022537
1331359105
1330415955
1328260895
1327450347
1327034254
1326906573
1325969085
1325682804
1325496214
1325419484
1325028887
1324942731
1324610804
1324207337
1323965331
1323604073
1323270543
1322651372
1321374901
1320315921
1319736266
1318725317
1318536890
1318510711
1318279960
1318059513
1317997389
1317386228
1316713296
1316671695
1316538699
1316371192
1315617519
1314943304
1314906807
1314481166
1314469263
1313848262
1313664088
1313595528
1313584920
1313017099
1312866333
1312832826
1312642696
1312397205
1312121593
1311818106
1311638337
1311488743
1311420836
1311027503
1309964046
1309962535
1308772068
1308668362
1308176956
1306758263
1306649935
1306083314
1305607347
1305569859
1304816317
1303900070
1303523416
1303237246
1303161966
1303012616
1301494271
1300619700
1300290969
1299493861
1299323255
1298438858
1298289012
1296906334
1296906003
1296416999
1295983179
1295536271
1294608027
1294501218
1293893880
1293815656
1293799364
1293502735
1293163540
1291981379
1291521574
1291413614
1291106455
1291013100
1290259514
1290047740
1288127331
1287734924
1287700512
1286428222
1285388702
1285207916
1285071296
1284509957
1284236394
1284075134
1281571512
1278725930
1278402767
1277463871
1276363436
1276081081
1276018167
1275880943
1274973887
1273592642
1273458424
1273348302
1273291078
1272201360
1271714947
1271681344
1270689631
1269689610
1269573820
1268283223
1267654646
1267561968
1267263271
1267234831
1266897322
1266553160
1266519437
1266495772
1265547388
1262971383
1262566702
1262258028
1262235372
1262011994
1261950644
1261641111
1261605387
1260779392
1260414051
1260070646
1259522153
1259237051
1258884719
1258551034
1258542169
1258115536
1256790319
1256314074
1256220999
1254753597
1254449113
1254359152
1254091528
1254068549
1253989778
1253965325
1253473276
1252563122
1251600043
1251536312
1250793494
1250654453
1250036756
1249771615
1248807278
1248234299
1248128307
1247340544
1247217043
1246692031
1246675114
1246082477
1245715609
1245539751
1244800350
1244272001
1243029106
1242807823
1242558863
1242553943
1241743515
1241630358
1241370993
1239485061
1239387350
1239027116
1238820437
1237336655
1237173686
1236818765
1236304093
1236081859
1235994017
1235770409
1234592097
1234006860
1233701329
1233453171
1233239393
1233107386
1232741490
1232651979
1232322663
1232196715
1230739427
1230675031
1230360340
1229371552
1228762432
1228644441
1228642614
1228497870
1228395861
1227269209
1227174234
1227149980
1226546881
1225962485
1225352587
1225063541
1224953205
1223637207
1223605568
1222794515
1222609371
1222023254
1222021108
1221269406
1220372584
1219951210
1219034667
1218123699
1218005331
1217882524
1217627630
1217621949
1217089477
1216783225
1216268623
1215630938
1215591837
1214953880
1214054846
1213859689
1213295396
1213245350
1211301189
1210832691
1210548776
1209517318
1209484777
1208853104
1208719186
1208674982
1208532621
1207945123
1207905428
1207599599
1207214495
1206985412
1205691748
1205346211
1205220796
1205091885
1204874918
1204105297
1204093500
1202966084
1202938425
1202683322
1201965973
1201266386
1200281267
1200177369
1199670499
1199468733
1199345987
1199318181
1198477459
1198428301
1196518382
1196382273
1195998608
1195426797
1195204038
1194526841
1194463853
1194358459
1193696871
1193395180
1193170891
1192996356
1192883555
1192620514
1192607205
1192355310
1192313887
1191997899
1191842238
1191831990
1191443064
1190878928
1190762234
1190521766
1190508837
1190413516
1190355734
1189714576
1189350822
1189221778
1188834746
1188041901
1187932307
1187486279
1187105890
1186109889
1186025913
1185965049
1185421855
1184919621
1184502077
1184257280
1184233805
1183847188
1183111482
1182926036
1182344063
1182260409
1182216310
1181876801
1181756666
1180665727
1180117952
1180038269
1179918374
1179285634
1178976298
1176880167
1176746858
1176688245
1176307860
1176155740
1175628156
1175618963
1175158755
1174133100
1173485163
1173437444
1172715867
1172619031
1171842496
1171312372
1170702706
1169382849
1168873732
1168527609
1168411604
1168181738
1167494168
1167403562
1167124529
1166437716
1166433714
1166397693
1166146722
1165336685
1164935888
1164764017
1164689338
1164163879
1163678134
1163438701
1163186474
1163181513
1163004570
1162978827
1161827257
1161470431
1161180585
1160769408
1160728030
1159983774
1159430835
1159398641
1159259678
1159152728
1159023489
1158933579
1158765892
1158623919
1158321877
1157825045
1157389249
1157180958
1156337256
1156145831
1156106563
1155579656
1154620762
1154220712
1153456060
1153094028
1152647442
1152091526
1151017179
1150262253
1150026611
1150012204
1149240123
1148053031
1148044310
1147501836
1147457371
1146831577
1146087776
1145316200
1144993398
1144917809
1144804577
1144174933
1140613621
1140529143
1140461786
1140424690
1140348427
1138959444
1138615495
1138267146
1137813088
1136108841
1135125578
1135091625
1133443247
1133311481
1132811036
1132768223
1132635867
1132416950
1132405287
1132148995
1132114264
1132009317
1131627768
1130909297
1130732696
1130000522
1129426150
1129313461
1128935844
1126934987
1126520884
1125004786
1124615058
1124514582
1123258089
1123238157
1122753914
1120933690
1119984417
1119808856
1119423463
1118721164
1118310081
1117714647
1117652971
1116556480
1116367556
1116119257
1112686221
1112082315
1111265838
1110336304
1110200676
1110193798
1110009337
1109993549
1109777051
1108589720
1108339349
1107001763
1106685275
1105945354
1105523223
1105278273
1104961461
1104714232
1104309468
1103341965
1103272158
1102923953
1102857646
1102480655
1101596387
1101323781
1100369347
1100180237
1100125326
1099519797
1099271122
1099014960
1098361584
1098323793
1097936361
1097704093
1097325377
1097272875
1096695748
1096652684
1096069663
1095832473
1095671754
1095333131
1095069138
1094719923
1094254343
1093822193
1093813088
1093719076
1093316068
1093112947
1092830685
1092740597
1092654760
1092342903
1091866236
1091747378
1091455447
1091086071
1090727092
1090351680
1088392152
1088366177
1088358060
1087119017
1087018871
1086492392
1086247372
1085242619
1084837591
1084262172
1084182799
1084130394
1083544718
1083089131
1082935725
1082283933
1080563908
1080495826
1080448754
1080425529
1079713796
1079076196
1078735928
1078370071
1077345153
1077107430
1076092782
1075485359
1075229049
1074557946
1074051907
1073373046
1073263041
1072874239
1072569127
1072152528
1071891975
1071838513
1070783262
1070584454
1069697751
1069520833
1068697482
1068185780
1067070093
1066578373
1066562125
1066508815
1066034410
1065601316
1064960255
1064724377
1064150519
1064008970
1063610853
1063197753
1061929141
1061794497
1061600543
1061050920
1060910891
1060417191
1060098128
1059861070
1058636880
1058191363
1058152417
1057872947
1057858766
1057242422
1056541556
1056296752
1056289077
1056119214
1054248856
1053017144
1052935744
1052266257
1052227603
1051440221
1051298602
1051067075
1050995238
1049078826
1048140493
1047199576
1047146242
1046790705
1046478794
1045674309
1045573260
1045217180
1045189591
1045054429
1043849921
1043692000
1043670854
1043410035
1043239871
1042937162
1042511756
1042280431
1042140966
1041501908
1041240035
1040958439
1040759491
1040677412
1040631178
1040461597
1039350949
1039207771
1038632237
1037811664
1037687253
1037673558
1037601438
1037559470
1036772518
1036574174
1036112096
1035378141
1035214501
1034783182
1034648035
1034328925
1034259796
1033678007
1032823456
1032471831
1032215745
1032150284
1032135393
1030836320
1030608099
1030384147
1029671297
1029366473
1029297695
1028616936
1028563031
1026696065
1025610399
1025360030
1025082760
1025042573
1024861038
1023752329
1023249284
1022850242
1021995576
1020776227
1020604305
1019906286
1019406172
1019106890
1019078215
1018947592
1018764905
1018286122
1018266228
1017527562
1017380600
1017244040
1017080218
1017043528
1016893079
1016875018
1015255107
1014540653
1014474630
1014162078
1013979954
1012450259
1012399880
1011749841
1011431131
1011103895
1010377531
1010358877
1009653236
1009071210
1008841276
1007542198
1006908496
1006798143
1006351117
1006270830
1005912127
1005445056
1004566866
1004409922
1004151235
1003974457
1003853018
1003353930
1003171107
1002654771
1002603289
1002529811
1002291755
1001893100
1001784142
1001728317
1001399823
1000472904
1000234221
999667355
998583237
998458005
998227467
998169045
997257367
997023975
996646410
996300810
995681456
995313252
994376919
993720220
993657080
993509016
993321059
993045998
993002440
992955090
992144552
992100799
991375475
991291393
991124880
990775659
990654293
990547079
990476261
990458340
990149211
989242088
988338491
988252639
987708303
987474420
987454212
986784361
986546281
985789987
985634154
985584319
985501910
985424474
985323429
985009135
984893871
984788530
983753938
983645245
983307439
982955511
981438750
980279062
980078464
979219107
978984083
978621673
977672063
977331188
976215794
976187245
975911510
975630250
975417644
975348138
973112871
972605102
972289442
971420712
971213328
970935333
970618922
970501165
970106734
969634655
969335016
969219237
968652812
968208449
968023032
967788131
967278432
966935930
966617716
966559309
966215667
966115589
964968633
964483632
964435159
963581913
963328152
962618685
962159068
961783229
960654047
960478184
960277761
960106000
959866895
959768269
959491360
959199724
959092645
957403925
957266322
956755456
956171248
955028340
954944807
954607522
954419066
954318681
954124009
953873353
953514791
953000979
952966292
952413255
951979116
951583965
951529550
951109367
950766455
950645929
950270962
950066769
949991682
949918139
949721386
949599877
948700508
948506703
948401038
948025515
948008284
947253629
947218453
946746133
946728045
946214039
946141238
945630968
945587199
945362666
944793088
944560734
943941629
943251000
943079031
942784463
942083096
941965006
941174769
940850899
940235993
939577396
939171392
938511763
938381391
938261602
937899766
937829621
937695504
937581792
937265447
936094461
935606040
935394647
935320478
933198939
932948753
932376992
932327550
931473021
931452064
930825247
930721736
930662786
930512879
930274232
929629123
929431164
928712856
928619335
928612035
928473666
928412409
928165631
927672076
927410466
927251080
927005757
926557453
925789212
924965736
923953516
923909110
923315027
923027746
922856762
922495843
922451907
921934354
921570397
920454256
920015001
919818069
919598338
919540424
919392917
918850816
918396871
917304241
917246776
917209174
916406025
916366902
915878583
915585710
914722631
914659709
914173264
912706984
911801026
911480677
911365496
911069656
910598916
910499400
909981769
909798292
908829055
908423780
908327023
908045845
907509952
906201676
905569503
905403678
905328310
905156004
905000781
904815960
904692253
903915053
903161548
902052101
901882570
900669122
899689503
899163961
898143605
897793545
897740830
897303589
897228018
896761297
896599368
896186712
896175058
895924478
895645589
894996331
892671784
892500711
892417780
892103070
891730432
891718324
891496198
890961621
890821832
890782676
890162689
889765303
889612352
889393446
888092286
887286570
887172215
886578833
886540706
886107996
886026119
885843877
885839259
885783258
885774649
885420406
885229950
884305905
883950505
883925267
883436101
883288461
883070706
882613998
882275788
882182962
882072207
881847309
881623959
881564046
880980845
880786577
880531934
880338673
879982993
878568770
878496318
877915207
877886046
877671503
877191583
877073793
876744084
876728482
875413656
875189676
874707134
874612480
874385803
874384796
873136481
872181025
871636109
870581380
870576352
869968572
869588922
869063891
868724318
868497566
867235333
866737166
866505464
866354205
866240384
865537159
864894170
864183039
863724601
863349892
863123833
862992389
862944999
862835930
862820681
862700202
862494625
862202594
862076027
861725583
861326377
859580631
857732446
857372645
857260431
856885679
856678619
855945649
855748004
855563533
855032914
854080139
852414469
852295246
852278356
851951525
851506066
851117969
851058103
850556806
850337240
849245404
848843950
848417444
848009709
847956283
847907120
847869766
847823650
847371891
847366856
847107977
846534774
846446027
846269734
843642559
843404333
843137579
842931898
842826290
842379940
842036398
841448172
841445486
840944697
840438179
840226664
840133490
839534738
839154912
838921156
838341626
838246872
837740062
837525238
836844147
836545071
835249580
835236180
834866439
834723542
834619756
833733793
832523435
832140043
832021307
832005965
831652692
831535388
831289940
831227957
831147386
830710527
830437919
830269524
829809138
829364805
829260161
829172068
828712427
828063289
827703521
826157902
825527640
825376527
824185771
822947313
821972730
821638912
821218903
820495326
819608722
819298716
818750893
818583825
818317765
817983244
817482030
816999557
816790909
816277581
816211817
816134326
815714260
815115321
814527918
814244638
813935853
813263527
813177629
813151602
812268804
812255470
811947365
811880736
811801377
810687370
809922079
809900883
809512817
809425303
808979105
808545793
807973165
807424331
807108570
807091069
806951490
806021458
805316839
805044204
804885065
804567133
804478176
804047452
803797323
803551851
803255571
802651371
802450412
801912041
801768481
801478782
800557862
800325993
799909982
799348210
798690622
797183270
796914465
796407204
795589945
793871475
793117081
793070653
792303700
792274033
792012869
791352646
791251255
790192140
789971765
789569602
789227346
788991180
788805406
788361203
788287146
788019230
787932994
787676668
787315900
786837650
786206034
786163655
786143773
785816761
785679689
785674213
784851439
784656893
784631292
784351887
784306916
784079381
783589143
783489310
782794399
782177915
781346276
780562869
780216127
780166830
779835878
779796744
779595015
779415380
778833796
778308409
778077694
777832066
777659566
777547045
777481822
776733820
776440213
776297989
776213699
775931576
775857390
775679539
775200746
774702843
773977863
773844648
773773149
773064108
772894317
771508927
771352172
770644320
769788927
769019162
768774699
768405726
767759614
766835336
766189012
765748044
765214495
763576718
763454047
763097341
762551965
762358806
762086870
761911768
761263840
760798861
759147209
759119387
759075530
758961537
758896309
758644100
758514908
758285101
758283529
758241936
758146126
758061777
757956157
757864875
757449576
757392817
757209411
757191701
756985401
756339577
755813736
755305282
755003705
754423091
753043930
752748484
752724927
752022676
751875491
751025831
750995863
750262105
749538209
749407976
749055853
748718134
748121486
747914172
747750465
747456920
746804731
745659402
744581410
744520721
744144336
743915123
743413842
742903021
742147660
741743875
741628949
741398604
741137472
740535825
740019653
739994704
739873610
739869874
739323553
739296116
739249733
738978103
738872876
738015923
737823051
737801126
737509590
737493531
737439112
737363407
737245270
737093546
736250696
735827748
735325043
735298516
734371800
734079065
733499387
732968713
732615755
732491166
732355147
732337261
732295797
731705839
731459564
731247190
731211440
731076467
730846834
730836580
730489425
729685190
729115266
729063132
728546716
728408077
728044839
727207552
727013639
726906463
726833496
726791096
726715474
726160900
725710530
725600387
725565892
724355834
724306518
723535547
723475592
723453568
723161851
722834437
722203561
721730633
721710323
721560777
721495901
721272856
720736995
720595813
719064707
718958315
718713586
717863487
717468361
717125825
717092350
716666055
716096027
715935322
715620923
714949021
714377868
713674395
713363183
712968320
712906465
711762129
710902228
710773824
710728042
710464322
710331972
710283796
710189119
709971390
709894353
709729392
709720674
709192671
708713575
708543281
708245784
707050946
706143264
705613775
705507615
705443580
705300921
705298013
705221364
704982082
704151648
703379866
703165658
702699065
702122426
700975139
700928758
700208207
699624824
699202794
698601338
698419841
698359288
698050695
696640024
696576437
696495090
696327608
696180429
695947993
695868380
695471324
695223429
695016550
694740540
694576053
694006196
693403079
692638265
692541345
691637671
691514397
691491828
691435286
690831968
690351824
690144995
690127601
688924510
688839910
688558528
688390456
688236779
688165583
687827758
687736421
687468110
687411854
686774174
686276575
686063849
685849405
685512403
682090774
681603991
681098548
680991392
680683617
680662527
680608332
680466680
679943085
679904607
678856094
678804235
678575504
678450247
678233619
678197963
677905256
675689770
673791330
673453927
673431025
673336670
672473359
671456137
670604915
670187764
669902155
669317012
668666938
668363579
668279999
667855705
667755063
667685765
667326560
667143706
666936815
666783907
666708660
666404785
665362165
664896966
664593501
664319905
664168945
663421506
662630370
662626194
662598763
662584663
662039854
661789428
661147530
660756398
658945688
658590734
657960085
657215840
655925901
655846283
655770116
654791549
654549387
654493878
654224493
654030782
652906977
652201017
651626968
651476124
651283914
650916866
650502681
650449386
650205514
650122022
649922140
649418309
649312629
648032079
647797640
647406230
647253379
646425656
646258010
646109798
645520062
645463747
645136340
644511724
644360299
644051612
644036625
643784425
643646054
643580197
643351905
642984337
642713212
642408428
642028508
640850455
640677062
640436632
640261748
639751409
639125153
638544301
638139522
637924719
635924209
635577597
634737771
634720938
634684164
634321186
634043228
633908350
632801176
632308445
631606968
631471336
631393183
631316105
630704961
629847132
628905097
628723739
628638816
628143478
627362499
625897944
625603412
625283142
624800391
624453232
624423924
623806996
623106458
622876231
622855762
622854598
622734014
622593674
622412965
621834992
621334508
621242915
620498793
620458990
620163971
620116550
619326487
618323662
618267307
617793307
617542420
617477553
617441568
617367727
617258001
616913606
615802545
615675790
615287978
615122844
614945248
614264637
614250533
613981588
613649233
613569418
613081790
612497146
612202971
612058095
611661190
611178275
610900422
610242274
610022373
609239519
609057851
608511836
608376619
606459421
605824931
605498433
604224509
604161187
603848820
602943339
602887610
602711071
602672131
601952034
601504628
599571948
599217049
599198797
598706050
598207545
597748156
597379764
596722459
596709581
596266276
596237310
596206227
596075090
595996123
595778883
595176691
595143215
594891856
594822505
594503277
593587124
593555885
593306729
593274324
592964749
592645951
592602723
592367956
592326280
591985242
591857099
590977217
590414316
590205437
589664663
589367032
588647868
587343792
587001056
586945435
586777439
586131550
585933965
585721012
585143145
584652714
584346596
583138639
582048163
582025844
581422926
581000905
580716371
580656596
580332351
580132133
578843653
578186031
577560823
577361381
577115321
576605982
576238400
576099775
575486603
575280430
575040579
574146100
574144853
573566678
573481750
573437280
573002592
572285546
572094269
571945191
571305582
571092661
570616621
570057043
569778031
569686050
569585358
568327080
568316688
568123773
566144170
565364193
565320913
565084852
564720906
564364191
563769968
563740305
563445075
563090342
563071103
562538504
562535670
562527500
562483992
561585478
561323835
561164794
560602002
560346618
558373389
558087395
556952686
556384796
556215298
555277558
555006453
554997055
554841366
554509272
554502091
554462139
554051259
553687148
553498049
553488748
552895622
552821463
551913935
551489804
550650689
550312397
550142986
549843133
549788094
549408220
548872904
547930924
546813832
546655887
546286723
546052133
545532557
545356873
544976738
544284752
544131261
543713062
543353227
543290702
542574018
542371776
541471084
541258516
541103952
541065272
539971782
538346534
538248030
538229065
536972425
536822211
536392930
536342157
535702405
533396694
533050555
532607797
531751211
531656886
530773553
529998138
529724281
529596274
529197161
528042243
527990973
527046962
526892962
526546394
526388588
526160107
526070375
526038992
525896993
525772451
525591274
525292374
525176157
524479430
524073983
522832618
522548403
521891428
521850665
521610738
520327412
520299923
519071951
518934170
518844280
518500219
517717470
517049626
516226997
515701853
515594483
514355865
514254928
513940129
513627716
513369364
513323367
513263878
513218048
512642906
512413865
511916347
511819667
511304857
511201779
511119579
511032883
510593089
510558496
510319945
510012753
509025168
508412379
508261230
506302637
506016755
504007089
503899736
503720446
503264301
502786857
502530056
502382533
501686458
501332794
500958364
500639066
499815952
499808829
499549150
499243625
498626543
498413867
498131864
498122634
497714236
497570395
496885025
495953654
495741406
495118028
495078400
494699708
494274159
494243074
493780406
493722395
493667129
493411546
493223558
492881063
492777935
492705534
491425737
490845741
489629673
488296199
487826599
487626570
487159068
487131675
487099293
485010690
484185442
483592262
483264885
483165589
483164624
482019811
481865400
480470447
479446851
479024655
477963758
477521101
477303910
477271478
477057454
477047704
476587580
476490500
476278174
476012729
475267288
474928305
474740824
474294673
473646001
473597264
473509238
473470494
472926212
472377177
470710388
469657770
469644129
469307686
468834639
468332138
467834876
467132621
466945416
466910922
466827670
466480987
465743496
465597447
465261971
464705061
464682091
464489006
464471861
464450267
464037259
463797301
463675490
463400516
462607195
462448369
462341634
461655028
461326511
460373019
460353956
460057896
459291072
458931036
458926772
458436077
457928211
454887903
454595387
454291231
453607883
453534804
451987528
451429073
450059773
449619575
447209930
446372613
446274052
446142181
446079840
445328313
445210630
445002339
444902928
444711344
443942446
443300682
442870413
442860390
442457378
442446977
442328015
441887965
440778175
440529754
440198660
439593833
439461987
439073560
438658082
438456285
436971876
436125177
435484908
435159608
435002210
434228251
434070347
433817609
433252067
432630534
431874034
430888305
430732926
430211714
429749315
429653899
428857279
428556905
428074297
427657626
427021802
426761680
426045616
425943734
425386863
425084389
425073656
424949750
424281590
423271905
422748645
422456004
421565000
421551381
420552266
420288968
420104862
420065545
419917174
419898129
419821532
418899457
418599603
417733222
417233127
416806355
416726113
416218368
415185773
414851730
413143585
411998695
410995539
410726048
409999597
408965594
408880601
408841852
408785606
408777360
408648509
408236640
407781863
406524583
406508805
406273360
406253881
406055537
405567582
404736289
404311264
403775377
403755086
403397717
402990853
402217091
402192223
401490814
401266925
401265951
399449055
399194914
399053583
398918183
398302333
398176970
396471874
395976034
395122905
394637483
393127425
392572406
392141988
391906734
391367928
391199327
390452001
390346101
390159748
389334193
388820471
388548711
388443978
388145523
387856328
387332446
386900275
386461883
386370994
386168439
385743961
385168045
384609760
384605387
384584138
384478925
383730496
383576969
383160942
382667079
382354791
382081219
381556604
381015509
379196217
378579408
378486823
378438845
377667955
376595505
376485220
376338307
375988217
375863558
375559779
374490617
374437305
373527464
373444632
373299873
373190691
372404626
370830008
370327188
370217481
369948729
369771102
369361048
368919368
368839013
367610313
367430367
366204256
366179846
365360025
365117751
364806006
364677150
363703932
363703092
363342923
361874578
361529360
361469718
361134027
360894992
360834001
359953077
359879216
359852891
359582719
359527489
359375022
358976801
358882174
358760859
358192337
357432538
357308398
356937451
356829390
356409333
356165273
355936154
354828082
353962025
353720965
353617103
353078167
352856509
352785605
352766460
352595124
351763947
350430811
350248217
350217794
349954327
349797608
349141875
349059758
348005843
347598983
347491826
347447444
347435327
347402902
347292146
346007097
345607785
345491010
344947946
344525066
344508840
344499227
344229749
343307336
343293513
343154818
342857724
342787853
342543949
341900354
341521516
340555230
340242477
338763531
338343647
337826462
337619591
336627402
336162786
335736165
335026637
334538628
334227164
334097365
333764571
333706486
332511136
332039730
331924761
331522968
331313834
330522575
329988650
329616029
329456988
329120444
328994598
328253386
327770497
327280432
327233261
326088207
326056928
325325191
324944552
324936613
324539851
324329669
323438516
323411467
323325512
322004437
321058085
319925488
319732435
319120418
318972216
318646166
318458574
318453577
318178640
317972838
316915294
314693301
313922194
313765889
313703627
313512211
312660917
312314661
311585019
311347726
311258620
311253762
310607765
310389274
309697631
309556666
309064194
308699548
308422528
308054660
307979039
307837071
307798404
307577065
307427069
307146279
306199176
304263318
304078458
304018245
303927870
303883674
303255639
303169922
302899681
302575094
302570562
301937051
301129562
299650501
299640038
299608006
299559786
298897644
298703361
298653666
298152760
298114995
297703798
297652373
297068692
296364671
296229699
296019805
296018287
295562934
295029760
293901828
293695628
293528540
292724674
292163520
291441919
291066357
290756970
290374701
289572452
288634527
287225197
286840278
286721484
286656848
286104008
285523946
285082394
285051262
284926499
284853043
283946727
283778096
283738017
283529024
282236502
280887566
280258153
280137299
278466016
278100883
277171033
277124351
276836175
276159895
276139218
276020770
275626805
275195424
273811385
273751662
273198909
273028411
272872094
272728518
272558863
271257188
271218608
271122647
271019948
270730931
269491433
268719021
268487567
268463388
268223905
267846846
266293925
265567730
265432190
265223591
264726037
264716333
264708720
263442337
263215070
260440203
260435885
259200090
259078299
258999531
258447875
257389595
257078194
256914377
256837095
255808118
255754425
255690075
255291115
254969221
254937772
254919329
254724316
253833078
253504561
252173017
251864200
251739829
251458102
251359173
251086520
250993517
250804992
250704122
249268300
248959289
248603556
247436783
247361880
247210183
246216836
246040692
245798610
245222307
244863675
244833402
244742688
243907025
243816224
243430623
243374422
243308727
242550812
241919168
241798982
241793210
241116480
240993006
240584317
240111167
238912663
238309726
237028392
236206384
235304945
234705453
234273212
234026414
233977970
233855306
233845071
233771241
233759448
233634976
233611532
233113198
232842590
232185196
231983362
231889414
231367463
230723903
230542333
230443759
230020749
230008685
229944874
229820058
229080234
228782021
228690533
228659399
228386818
228233071
227560758
226984265
226542482
225893114
225495569
225098643
223917544
223286757
222516067
222470837
222292866
221860234
221846454
221623631
220587503
220488958
220376681
220326750
220084182
219834889
219806806
219642103
219476582
219364651
219197769
219039019
218674574
218277032
218001348
217668817
217619067
217116544
216979592
216757287
216643957
216391034
216079478
215987476
215978309
215820191
215759798
215596693
215404488
215207250
214312529
213748650
213119546
212586800
211565733
210753977
210579410
210387345
210338297
210273544
210014044
209959200
209803770
209462838
208486257
208191096
208112062
208104436
207672560
207472225
207034936
206646349
206641301
205776324
205663706
204645604
204612694
203669450
201440212
200127112
199455297
197503244
196995319
196828926
196807940
196741023
196445193
195989213
194478693
194240122
192919886
192352207
192007384
190870413
190600190
187234658
186565546
186416794
185586289
185400279
185250784
185212005
184478332
183489247
183424443
183299995
182880018
182523737
182444101
182062925
181886158
180593000
179841244
178876186
178764261
178497929
177900003
177870221
177858270
177740910
177298234
177198071
176564203
176490097
175759462
175508122
174811520
174758598
174578979
173711910
173583741
172438780
172207706
171767887
171547810
170287148
169943799
169674172
169647200
169054249
168486584
168059899
167256723
167228915
166944100
166810166
166625499
166512877
165811799
165483226
165204238
165048501
163352439
163299993
162422409
162294231
161787093
161663823
161565539
160881459
160627986
159659500
159454124
158435873
158056556
157624875
156513877
156130267
156078852
156050928
155707209
155487165
155289911
154421027
154368859
153942389
153569601
153524600
153292534
153171275
152590784
150867211
150196481
150162763
149888715
149627658
149183711
147916005
147556517
147370731
147248116
147184424
147093028
146936018
146880651
146599232
146142200
145924712
143972851
143780413
143773335
143164232
142698976
142519045
142460208
141486977
141039634
140325884
139944775
139202939
138976990
138832021
138684372
137746375
137398624
137276412
137160911
136856426
136828167
136788994
136774285
136531932
136050978
135448067
134534481
134041398
133114916
131837370
130910408
128355278
127650779
127529943
127360809
127349635
127259987
127227958
126741410
126629626
126197010
125946004
125732734
125603377
123475125
122098296
121698201
121584764
120243511
119853411
119806904
119130176
119128761
118587339
117331291
116732413
116354483
116061589
115702726
115467507
114948510
113929435
112762487
112716442
111941567
111250866
111143952
110947596
110574946
110211185
110174905
109963141
109000279
108532925
107594881
107101038
106848214
106821869
106720284
106479451
106307886
105650570
105207407
104798765
104389190
102237559
100748086
100474498
99919092
98230443
97317196
96267772
96072023
96059103
94187877
94071873
93095154
92946710
92724479
92234725
91913181
91906683
91183571
90100283
90042072
88442757
88137035
87880245
85467299
84674906
83978575
83413979
82367106
82207145
81936137
81250731
81101330
80842658
80657504
80632827
80090235
79594664
79435284
79363829
78976402
78945342
78812601
78799291
78551884
78532244
78068933
77983193
77829649
77380905
77260686
76833558
76116228
75821033
73151617
72037416
71947119
71252316
70732114
70660746
70628616
70581235
70216231
70167254
70139945
69575578
69437395
69193330
69147670
67835675
67504448
67437788
67266080
66681575
66471509
66141534
66078500
65595352
64218632
63911904
62919189
62894212
62650953
61667788
61612938
60844196
60628888
60503948
60433905
60369457
59857460
59705560
59258910
59090052
58070557
57820929
57301919
57223842
57151200
56374037
56167127
56041445
55836760
54663274
52658733
51746112
51226628
51225509
51150664
50083722
49268981
49070232
49056663
49021827
47570312
47408333
47297371
47147511
46957621
46833639
46310834
44309483
44023027
43609609
43293381
43264709
43220058
43166391
41141704
40714452
40676795
40428227
40285697
39091658
39025558
38800354
38369606
35554665
34943574
33922362
33543004
31372904
31171126
30555843
30428665
29927556
29880211
29851761
29826150
29630731
29312349
28107130
27490003
27032032
26263782
25336057
25121624
25078955
24779205
24511405
24437891
23735731
23040929
22777377
22504973
22259683
22048588
21424692
20957366
20783025
19795948
18969193
18523411
17295880
16872777
14806367
14270604
13916551
13738394
13500058
13433901
13422443
13208064
12632820
12294285
10573335
10206167
10084323
9315920
9314644
8836811
8695417
8154789
7636426
7161428
6525602
6513725
5791464
5745960
5114025
4744617
1930352
1039177
572986
