2145851924
2145322448
2144619699
2144401296
2144286152
2144266310
2143576765
2143245822
2142637008
2142231065
2141577315
2141344161
2140499691
2140383567
2139762640
2139691197
2139627572
2138302910
2138266527
2138146246
2137583988
2135795535
2135642208
2135446462
2135332394
2135156868
2134366712
2133856314
2133831347
2133829304
2133365224
2133076134
2132900604
2132878776
2132263802
2131484163
2131345077
2129086260
2128370282
2128159872
2127938119
2127377936
2126135326
2124866063
2124588192
2124427524
2124000935
2123663852
2123055331
2122222017
2121751272
2121749032
2121106799
2120915508
2120841855
2120732260
2120531663
2120515846
2120505831
2119484531
2119381465
2118961871
2117916996
2117404065
2116960356
2116907195
2116358134
2116312498
2116108335
2115743120
2115491660
2115009836
2115008229
2114836944
2114312619
2113532877
2112620570
2111794912
2111328931
2111019323
2110302571
2109127011
2108217157
2107902162
2107788586
2107175243
2107140642
2106992086
2106932229
2106505601
2105637721
2105397463
2105013664
2104254036
2104036567
2103651744
2103336068
2103138142
2102925901
2102687589
2101512347
2099706236
2099596771
2098605724
2098562535
2098267464
2097771883
2097592042
2096929250
2096460554
2095864164
2095548191
2095348291
2095154406
2095089436
2095045061
2094614241
2094229010
2094134890
2092820644
2092550026
2091393889
2090889043
2090800476
2090781502
2090722803
2090034855
2088700402
2088488866
2087387244
2086585706
2085787838
2085244487
2085059367
2084465043
2083559595
2083450174
2083390492
2082310461
2081973596
2081486129
2080602806
2079802261
2079641372
2079529714
2079459851
2079378499
2078802383
2078689306
2078208670
2078016063
2077644291
2077291493
2077207997
2076990999
2076381699
2075830650
2075611520
2075429206
2075290167
2075067519
2074732494
2074624080
2074445279
2073967645
2072308481
2072053129
2072045028
2071900843
2071696340
2071289782
2070808415
2070542766
2070463235
2070401981
2070127317
2069982232
2069492316
2069473167
2068326177
2068254269
2066647711
2065793618
2065456475
2065258781
2064995543
2063826261
2063769413
2063377794
2063354185
2063303570
2062732045
2062322560
2061509290
2060849638
2060700340
2060453727
2060367604
2058918043
2058867998
2057794476
2057645697
2057230976
2057040394
2056906198
2056621685
2056073817
2055573020
2055364250
2053933310
2053821833
2053546649
2053461934
2052924313
2051518345
2050898428
2050451015
2049894005
2049688609
2049127225
2048664004
2048123366
2048115519
2047839205
2047374843
2047241910
2046026743
2045846807
2045588939
2045522387
2044564430
2044326721
2043267524
2042819146
2041810023
2041667315
2041535085
2041131939
2040979515
2040898623
2040825401
2040030426
2039900435
2039660697
2038843118
2038600450
2038455034
2038155396
2037515244
2037364913
2037054727
2035164604
2034910309
2034499979
2032747551
2031764365
2031685002
2031594204
2030692749
2030441281
2030257120
2029878126
2029550896
2029457587
2028810687
2028488611
2028476640
2028285001
2028023590
2027452707
2027140517
2026953272
2026597540
2026353727
2025966162
2025383641
2025290432
2025132348
2025033950
2025031914
2024882625
2024436560
2023968916
2023539544
2023139276
2022896092
2021832961
2021788031
2021464246
2021142088
2021032004
2019937898
2019818648
2019460133
2019440655
2018953573
2018285782
2017344362
2017004860
2015314211
2015168714
2013393660
2011815704
2011457331
2010802713
2010557780
2009406064
2009362646
2009140453
2009120562
2008203620
2007635079
2006696385
2006636504
2006249106
2005980959
2005791599
2004628334
2004183794
2004106018
2001513089
2001507562
2000935653
2000835564
1999545790
1998887564
1998878020
1998805618
1998512596
1998366199
1997799525
1997363565
1997233510
1997213333
1996944660
1996867983
1995259374
1994944225
1994649614
1994541646
1994432089
1993708544
1993682406
1993032689
1992787045
1991862294
1991177781
1990844493
1990810707
1990306097
1990176607
1990092804
1989936645
1988440368
1987505357
1987168622
1986958254
1986851058
1986518326
1985441618
1984827869
1983292714
1983287216
1981418462
1981290801
1980957879
1980024046
1978750617
1977753462
1977146025
1976855797
1976833329
1976309487
1975443074
1975019770
1974393758
1974281164
1974108308
1973397030
1972254513
1972219987
1971990797
1971924086
1971858002
1971527668
1971449404
1970705204
1970263746
1970227739
1969954058
1969890030
1969539644
1969433808
1968907400
1968792088
1968671403
1967903467
1967902470
1967638028
1967442841
1966954396
1966178133
1965815386
1965766040
1965233497
1964453698
1964409369
1963783361
1963543211
1963412714
1963270719
1962977026
1962362627
1961978316
1961709056
1961464009
1961260615
1959279510
1958963066
1958616978
1958570873
1958324158
1958030298
1957838146
1957734258
1957505547
1956921258
1956033156
1954796210
1954703422
1954659961
1954182690
1953473691
1953118759
1952920429
1952825765
1952735502
1952538776
1952104881
1950808252
1950743259
1950078999
1949957960
1949755504
1949474521
1948877057
1948307959
1947857552
1947682780
1947394763
1947357469
1946878558
1946583421
1946033587
1945570467
1945340152
1944967036
1944899085
1944879417
1944224638
1943525291
1943491715
1943472690
1942926470
1942836290
1942632023
1942256609
1942104686
1941901590
1941743338
1941537656
1941527698
1941153690
1940978549
1940794334
1939907539
1939836118
1939691892
1939653898
1939609063
1939402751
1939337735
1939165016
1938692221
1938303734
1938050361
1936090885
1935760981
1935619741
1935138759
1934498693
1934450559
1933879258
1933539223
1933457298
1933382958
1933013202
1932946075
1932902921
1932411693
1931809614
1931756151
1931056163
1930917151
1930756621
1930459270
1929899149
1929395602
1929033332
1928602505
1928473287
1927964182
1927807478
1927666646
1927384056
1926530703
1925793237
1925195823
1924831135
1924803160
1924309804
1924260348
1924105377
1924049224
1923878070
1923489681
1923347541
1922853452
1922811724
1922200168
1922068957
1921658317
1920957083
1920485370
1919740873
1919528038
1917864060
1917232783
1916759588
1916391511
1916390209
1915877661
1915616571
1914113938
1913917845
1913408122
1913057309
1912804816
1911703925
1911533550
1910516754
1910144938
1909998997
1909803448
1909216048
1908794832
1908749419
1908724829
1908594800
1908016870
1907933106
1907768072
1905889398
1904781270
1903864707
1903090588
1902566490
1901716561
1901003503
1900974812
1900848856
1900565411
1899834996
1899703990
1899434393
1898454193
1897708423
1897697100
1897553491
1897475204
1897184818
1896807472
1896738668
1896055993
1894823280
1894349887
1894043376
1893814823
1893730570
1893516440
1893411825
1893337041
1892423976
1891914918
1891790305
1891520334
1891114409
1890239683
1889698316
1889588203
1889121602
1888738894
1887870401
1887673188
1887631187
1887183484
1887175948
1886996737
1886487385
1886130321
1885369105
1885245362
1885197440
1884842178
1884831398
1884389988
1884160563
1883586905
1883295905
1882100245
1881935027
1881912257
1881621790
1881310113
1881234311
1880709509
1879799645
1879576381
1879518071
1879257780
1879001848
1878842983
1877885124
1877500620
1877484785
1877242225
1876508410
1876310291
1876281525
1876185574
1876064759
1875255797
1875203455
1874708456
1873813155
1873091765
1872510187
1872216613
1871705529
1871259955
1870905792
1870746190
1869913221
1869402134
1869014843
1868932420
1868681204
1868168638
1867292551
1866076485
1866024062
1865860544
1865073810
1863886838
1863644048
1863512515
1863305304
1863290839
1863014862
1862331770
1862277399
1861332369
1861238192
1861163982
1860820168
1860722021
1860007185
1859334905
1858634991
1858161779
1857612254
1857260917
1856812000
1855433912
1854989673
1854845748
1854722504
1853860486
1853800480
1853592480
1853214978
1853019667
1852818397
1852783281
1850837682
1850756579
1850489530
1850049280
1849980948
1848796996
1847623114
1847177548
1845729279
1844973343
1844886630
1844253082
1844169864
1842996256
1842651773
1842387965
1841497287
1840952245
1840194927
1839914568
1839696039
1838813275
1838501767
1837157780
1835697928
1835588558
1835355398
1834939918
1834728727
1834668963
1834342144
1834242336
1834153812
1832804812
1832521989
1832002698
1831967750
1831816095
1830564820
1830493354
1830215825
1828582604
1827963362
1827554385
1827456631
1827379890
1827025037
1826732013
1825879003
1824901089
1824390850
1824091708
1823607187
1822691136
1821980581
1821776656
1821717461
1821015595
1820209439
1820129328
1819838750
1818970711
1818596149
1818551070
1818414266
1817626435
1817443469
1817002116
1816967028
1816355707
1815519694
1815254094
1815054042
1814926607
1814648734
1814498217
1814284399
1814014482
1813956966
1813944089
1813842636
1813400179
1813296554
1813200424
1812581742
1812343692
1811805370
1811800970
1809801582
1808572219
1807850130
1807413309
1806960900
1806689169
1806541487
1806323950
1805931159
1805022135
1804788106
1804580347
1803498880
1801865527
1801728614
1801467144
1801216578
1801185450
1801090290
1799725791
1799599412
1799449500
1799343592
1799303924
1798533297
1798485584
1798285285
1797881786
1797827434
1796737443
1796190900
1795676496
1795161814
1794625392
1793890790
1793232473
1791263307
1791207123
1790964723
1790864719
1790472013
1790012050
1789280687
1788958083
1788574717
1788462519
1788257158
1787542345
1787478626
1787368504
1786957689
1786185755
1785278709
1785172320
1784751628
1784199158
1784086861
1783638375
1783629430
1782850124
1782635674
1782440208
1782148031
1781785725
1781547223
1781192555
1780961551
1780382374
1780309425
1779814490
1779794330
1779441306
1779016355
1777291962
1776656514
1776323623
1775744462
1775492867
1775332791
1774929245
1774704402
1773423724
1773003405
1772778845
1772421099
1771851236
1771525942
1771473526
1771019685
1770240907
1770234401
1769475299
1769459036
1769033790
1768966886
1768761666
1768297899
1767962501
1767243940
1767102460
1766826996
1766379928
1766366922
1766054945
1766052320
1765252184
1764618455
1764179479
1764151750
1763396580
1761320953
1760960042
1760844733
1760823009
1760394618
1760205653
1759331130
1758287980
1758274417
1757499476
1757245952
1756747269
1756712787
1755715895
1755050177
1754784965
1754333632
1753278593
1752653583
1752485083
1752410184
1751884556
1751654071
1751453593
1751374857
1749999277
1749547033
1749459191
1748314413
1748293285
1748212368
1748207114
1747394779
1747319542
1745959289
1745381636
1745283098
1745266518
1744316355
1743457874
1743234453
1743177821
1742731664
1742418403
1742176159
1742136990
1741783285
1740613160
1740562405
1739942294
1739695481
1739008949
1738749104
1738287877
1738044852
1737924319
1737891020
1737185608
1736994436
1736974402
1736511457
1735957227
1735873617
1734763593
1734129228
1734084510
1734007652
1733287573
1733248812
1732287634
1732278040
1732158335
1731802570
1731466176
1730953443
1730744688
1730495044
1729719184
1729288390
1729248292
1728915572
1728733427
1727820674
1727041356
1726759621
1726034791
1725834565
1725713321
1724747918
1724529836
1723564221
1723500073
1722233348
1722065088
1721965425
1721709914
1721564960
1721356687
1721169526
1719184106
1718224568
1718063587
1717391171
1717329467
1716604572
1716189405
1714677243
1713973558
1713891922
1713738242
1713170748
1712809612
1712529144
1712211285
1711812065
1711013559
1710728676
1710235239
1710027224
1709628115
1709512213
1709483347
1709243668
1708208063
1707795257
1706518927
1706411850
1706347232
1705853756
1705656019
1705632311
1704887804
1704545388
1704344260
1703929909
1703803291
1703498203
1703221388
1702927512
1702631311
1702284648
1701866707
1701607357
1701031956
1700942529
1700669563
1700529839
1699485717
1698717162
1698480089
1697542023
1695773794
1695457531
1695224866
1695214990
1694594551
1694370063
1694014851
1693422610
1693154835
1692696578
1692163821
1692042965
1691776998
1691767402
1691306040
1690303786
1690245520
1689926016
1689688469
1687870673
1687689079
1687678772
1687344767
1685876198
1684900383
1684171686
1683998750
1683813092
1682596208
1682376685
1681883478
1681776548
1681417486
1680033101
1680018602
1679984017
1679120071
1678867660
1678788575
1678709008
1678676640
1678620692
1677306626
1676854100
1676786009
1676695723
1676593621
1675827190
1675406618
1675147926
1674053037
1673905226
1673892356
1673690074
1673129667
1672868737
1672854095
1672609642
1672562205
1671731578
1671603059
1671510205
1671502267
1671394828
1671362413
1670323027
1669528188
1669349777
1669053786
1669039404
1668531242
1667856118
1666707455
1666439628
1666241647
1666007774
1664662288
1664311588
1664251838
1663884831
1662677634
1662216307
1662049538
1661840999
1661563305
1661290038
1661084490
1660930670
1658935524
1658933987
1658926814
1658803713
1658776155
1658616568
1658099211
1657911411
1657135011
1657083485
1656583309
1656509169
1656395522
1656354459
1655492444
1655135760
1654629469
1654541879
1654333307
1653578387
1653562318
1652634587
1652607644
1652114934
1651718968
1651506825
1651225735
1650700841
1650356145
1650160228
1650002515
1649587788
1649343766
1649156659
1648510414
1648260177
1645927745
1645818206
1645716128
1645365804
1645023372
1644059589
1643956512
1643576405
1643487473
1643408046
1642851054
1642307115
1642221776
1642098480
1641799207
1641744185
1641560877
1641512456
1641036932
1640878633
1639627990
1639484472
1639132643
1638438790
1637397808
1637140613
1637140318
1636992442
1636575875
1636450232
1636381565
1635953244
1635861614
1635561982
1635499054
1635226097
1634256316
1634241224
1633949604
1633753846
1632689871
1632226763
1631638043
1629976872
1629844137
1629668990
1629274216
1628500389
1628211098
1627465075
1627166553
1626282236
1625954750
1625940334
1625586456
1625538729
1624874726
1624859728
1624649882
1623831815
1623359880
1622617781
1622116028
1621981704
1621928214
1621462235
1621218111
1621191253
1620448472
1620155965
1619163221
1617981447
1617709911
1617537274
1617353130
1617256822
1617082082
1616733367
1615988827
1615703503
1615540705
1614645103
1614401040
1613755455
1613448154
1613378566
1612424491
1612409152
1612023765
1611541917
1611500633
1611353023
1611162487
1611117860
1610961874
1610782964
1610522846
1609591870
1609321930
1608460490
1608105034
1607808885
1607096607
1607012362
1606071872
1606013178
1605869299
1605798393
1604623643
1604467931
1604037053
1603819536
1603681659
1603456348
1603414523
1603344938
1603051385
1602910871
1602363243
1602091860
1601611452
1601281894
1600803313
1600167041
1600159852
1599848844
1599639464
1598374079
1597917097
1597491969
1597269387
1597236135
1596290263
1596207075
1596082890
1595648232
1595602268
1595592139
1595422510
1595410058
1593843762
1593801357
1593684560
1592850636
1592056908
1591862464
1591038367
1590922656
1589072010
1589037286
1588692470
1588214185
1588044484
1587724459
1586737222
1586420480
1586319374
1585878769
1584746507
1584213120
1584035947
1583281961
1583277702
1583100480
1583052365
1582793327
1582138541
1581740824
1581643464
1581502495
1581102250
1580432781
1580325884
1579939495
1579676475
1579059377
1578466351
1578288262
1577380678
1576890465
1576729237
1576566070
1575527959
1575221629
1574742214
1574595941
1573911684
1573427573
1573299865
1572969755
1572278820
1572206284
1571940581
1571831413
1571757814
1570801932
1570532526
1570319446
1569897703
1569220617
1569183373
1569038031
1568943798
1568803354
1568297642
1567872017
1567737855
1567282074
1566528879
1565621023
1565207899
1564893667
1564676434
1564363537
1564329455
1564269751
1563797035
1563670057
1562976760
1562975753
1562622072
1562481354
1562435583
1562244616
1561756267
1561549630
1560820214
1560035150
1559939443
1559800618
1559766930
1559635999
1558284710
1557784974
1557739938
1557537940
1557030550
1556761692
1555506319
1554909386
1554708485
1554693624
1554622173
1554350686
1553200637
1552893755
1552318503
1551171589
1550997737
1549918510
1549839779
1549639010
1548493315
1548373582
1546982773
1546516954
1546357833
1545976327
1545896951
1545264973
1544571943
1544526203
1544154118
1543995746
1543864862
1543480526
1541787677
1539976121
1539350027
1539244066
1539121497
1537990889
1537359057
1536898735
1536444772
1536335695
1536104216
1535019987
1533553430
1533452547
1533301279
1533184070
1533032121
1532792710
1531823145
1531420943
1531403416
1530999387
1530639551
1530537694
1530456693
1530118755
1529989747
1529452703
1529230816
1529012152
1528875637
1528709970
1528667622
1528627379
1528476153
1528427692
1527258085
1527245060
1526456458
1526398079
1526103517
1526080050
1524578789
1524410734
1523547829
1523414022
1522991106
1522894968
1522752404
1522550615
1522207242
1522124759
1521810744
1521017927
1520243685
1519883570
1519758464
1519570868
1519449001
1519400582
1519035946
1517839680
1517583759
1517016014
1516444526
1516172189
1515710256
1515423695
1515341022
1513736408
1513327281
1513164263
1512459699
1510608381
1510522803
1510230220
1509213996
1508815359
1508739543
1508421691
1508253143
1508225487
1507530959
1506637278
1506229643
1505867351
1504917533
1504422486
1504235317
1504034117
1504031203
1503451218
1502713567
1501755842
1501290718
1500501431
1500392342
1500229445
1500096441
1499745810
1499562183
1499275559
1499255223
1498525696
1497801804
1497286452
1497174659
1497058765
1496779719
1495441709
1495203670
1495065397
1494340147
1492954937
1490448763
1489805798
1489789957
1488585987
1488495203
1488191238
1487418589
1487290587
1486951773
1486777211
1486652185
1484190106
1483847725
1483670883
1482980451
1482192751
1481593668
1481375919
1481123733
1480942567
1479491137
1478961382
1478763641
1478077564
1477628688
1477496592
1477436786
1477300270
1477216698
1477215262
1476383635
1475967014
1475345313
1474621867
1473323213
1473262234
1471409456
1471194212
1469317997
1468650140
1467722367
1467342185
1467311025
1466749754
1466071908
1465644239
1465214178
1465184549
1463763604
1463234733
1462580951
1462412610
1461503502
1461489651
1460885106
1460577632
1460177379
1459959892
1459511929
1459434401
1459117089
1458282330
1458282252
1457251801
1456779435
1455335126
1455297368
1454896973
1454403214
1454367297
1454233052
1454140489
1453763358
1453472543
1452838592
1452515171
1452386207
1452301514
1451675145
1451620476
1451293320
1450088636
1449968748
1449798908
1448836132
1448484629
1448353718
1448031859
1447982236
1447273944
1446687548
1446116228
1446077254
1444827298
1444765654
1444620465
1444410296
1444203079
1444007997
1443731521
1443514899
1441964965
1441311588
1440460123
1440178445
1439259259
1438871114
1438862197
1438624635
1438431863
1438318553
1438305965
1438019178
1437777181
1437501975
1437270580
1437181643
1436646039
1436540977
1436261789
1435764170
1435676489
1435524277
1435502721
1434947977
1434933641
1434824746
1434454466
1433690198
1433638226
1433341549
1433017177
1432644654
1432287700
1431459437
1430694477
1430631301
1430474763
1430067454
1429926653
1428380487
1428255011
1427244897
1427040114
1425863581
1425816431
1425241030
1424541412
1423941066
1422767377
1422671573
1422519016
1422461617
1421468425
1420939982
1420827317
1420822943
1420413779
1420154428
1420152399
1419456300
1419277414
1418966313
1418516132
1418510245
1418365259
1418336312
1418135288
1415223315
1415187854
1415163045
1414419290
1414277957
1412966942
1412718504
1412439701
1411400873
1411073771
1410902252
1409770577
1409666504
1409474223
1409195126
1407896621
1407553553
1407032558
1406775697
1406640154
1406632685
1405460530
1405106455
1405082814
1404853514
1404733291
1404652042
1404406646
1403187865
1402086321
1402047697
1402020740
1401935829
1401097112
1400898550
1400660232
1400401366
1399745488
1399672640
1399404528
1399390835
1398303428
1398249322
1397966121
1397756289
1397319083
1396238701
1396177006
1396147974
1396122317
1395823777
1395626346
1395304831
1394885770
1394873495
1394790417
1394403310
1394372008
1394261782
1393948791
1393851224
1392519481
1392390480
1391346229
1390737669
1390653759
1390605087
1389920722
1389504040
1388381804
1388225324
1388139838
1387626727
1387581911
1387398545
1386554062
1386227118
1385841197
1385740519
1385203866
1384650280
1383982413
1382940149
1381169470
1380515186
1379894608
1379456959
1379077903
1378651294
1378507337
1378399541
1378225266
1378012131
1377376160
1376780124
1376106533
1374513647
1373715482
1373646502
1373589591
1373543479
1373457992
1373207450
1373158782
1373035289
1372041702
1371949097
1371227285
1370836543
1370699322
1370682058
1370616054
1370362534
1370339778
1369803438
1369684009
1369627807
1369476575
1368454321
1368146269
1367592689
1367510648
1367236738
1366865442
1366494911
1365786561
1363020026
1362626117
1362408023
1362098690
1361694025
1360956630
1359554265
1359536708
1358317227
1357757352
1356845946
1355371189
1353936285
1353920911
1353043928
1352969674
1352702868
1351084514
1351002898
1350506213
1350231841
1350185397
1349343220
1349297530
1349267405
1348783828
1348714910
1348233546
1348162842
1347506875
1347467784
1346858102
1346625296
1346474789
1345104178
1344912202
1343820739
1343725332
1343709060
1343687452
1343607261
1343569878
1343477837
1341552456
1341264314
1340796773
1340717304
1339915061
1338518156
1338097445
1337379135
1337242352
1337152986
1336933001
1336747265
1336479581
1335623000
1334906408
1334046069
1333580311
1333157151
1332783930
1332583590
1332163791
1331996626
1331141798
1330166790
1329471310
1329056644
1328735097
1327717137
1327654307
1325542684
1324900643
1323585109
1322798090
1322749587
1322502756
1322183765
1322174272
1322080385
1321701025
1321479432
1320965068
1318989282
1318213951
1317741762
1317158731
1317112121
1316967757
1316740506
1316506186
1316446295
1314819313
1313939802
1313614385
1312900846
1312622615
1312479374
1311772084
1311465826
1310997981
1310104871
1310065081
1309905723
1309871506
1309734853
1309641740
1309566567
1309528712
1308953028
1307320368
1307174672
1306043079
1305970199
1305857553
1305669604
1305055986
1304876387
1304302383
1303978991
1303376752
1303212832
1303144580
1303000606
1302860061
1302662448
1302366416
1302225789
1301933419
1301626867
1301306862
1301257941
1300874264
1300669773
1300264284
1300033382
1298878642
1297776901
1297636390
1297552822
1297258251
1296804216
1295940294
1295881777
1295158816
1294999065
1294934937
1294840599
1294430091
1293757475
1293380878
1293257553
1293212925
1293019819
1292707681
1291551695
1291485065
1291247512
1290336976
1290071951
1289296330
1288889529
1288693390
1288173998
1287867740
1287803125
1287628563
1286722147
1286546112
1286413288
1285929258
1285393099
1284825712
1284762995
1284421480
1283738299
1283570920
1283084394
1282581627
1281933708
1281224418
1281217584
1280753240
1279300881
1278258580
1278179967
1277309491
1277155041
1276987921
1275312958
1274510240
1274050526
1273537597
1273172139
1272666164
1272613610
1272238253
1272097206
1272033630
1270986294
1270624924
1270188385
1270104937
1269561215
1269100792
1268986807
1268833642
1268532524
1268050318
1267456960
1267238091
1266722835
1266167303
1266067982
1265919550
1264975554
1264950661
1264404814
1264203934
1263492513
1263016177
1262865837
1262835355
1262086061
1261923994
1261882740
1261819758
1261643110
1261567950
1261230748
1260895286
1260509625
1260296022
1260069456
1259719112
1259631898
1258801579
1258775435
1258735195
1258534033
1258408241
1258076444
1257691747
1256570905
1256222739
1255757233
1255586687
1255542064
1255283983
1255087026
1254981495
1254806589
1254504642
1253455920
1252608120
1252469498
1251014055
1250950844
1250944735
1249437677
1247652061
1247525567
1247046906
1246671473
1246572418
1245151298
1244728019
1244639705
1243831292
1243224700
1241193612
1240659245
1240540745
1240384380
1240328469
1240258305
1239192749
1238911419
1238524859
1238516668
1238425660
1238300329
1237869355
1237819413
1237752511
1237503807
1237501698
1237204944
1237176978
1236706231
1236300777
1235639404
1235398018
1235267617
1235082196
1234453248
1234398959
1233172535
1233116281
1233058164
1232532562
1232435124
1232301481
1232121053
1231367799
1231277699
1230757145
1230387143
1230349586
1229783893
1229097781
1228941971
1228802273
1228521469
1228339800
1228077140
1228061614
1227320503
1227242236
1226758938
1226515690
1225537128
1224615853
1224406918
1224084659
1223921789
1223667930
1223398185
1222918266
1222609807
1222199591
1221833514
1221290215
1221131135
1221124823
1220552585
1220489398
1220100440
1220059175
1219111067
1219070347
1218093294
1215934298
1214610845
1214303451
1213653304
1213424854
1213319254
1212688613
1212283183
1212215016
1210643234
1210224308
1210214712
1209764469
1209417025
1208451502
1208421057
1208291580
1207915211
1206256891
1204648836
1204301272
1204113465
1203557701
1203064595
1202825925
1201790664
1201704744
1201670613
1201050186
1200548608
1200304543
1200035155
1199972237
1199645706
1198519450
1197439275
1197292443
1197245510
1197214463
1196797010
1196177460
1195861090
1195626850
1195502573
1195494244
1194850394
1194169326
1193378489
1193013857
1192485631
1192388814
1192234927
1191996996
1191963750
1191287569
1191104674
1189302283
1187887013
1187586298
1187179795
1187072608
1186774686
1186405619
1184856409
1184840997
1184405898
1183826690
1182993006
1182855725
1182522846
1182374854
1182092071
1181912174
1180804257
1180536044
1180503592
1180171527
1179675812
1179426664
1178933943
1178920867
1178721449
1178630300
1178282967
1177909103
1177174247
1177145812
1177067458
1176828813
1176443692
1176267154
1175359109
1175083035
1174885080
1174493931
1174467724
1174456127
1174304992
1174068397
1174009201
1173612259
1173070688
1172218987
1171971242
1170740124
1169886604
1169093139
1168810250
1168588214
1168444381
1168241744
1167872264
1167703334
1167675788
1166865843
1166782266
1166564324
1165176071
1164946546
1164427052
1163772667
1162725245
1162109717
1161555629
1161477319
1160092901
1159371156
1159270406
1159111687
1158928333
1158484702
1158052123
1157431940
1157341216
1156921862
1156893669
1156788459
1156648935
1156413111
1156383342
1154679102
1154402587
1153965215
1153939218
1153858643
1153091859
1152524345
1152490361
1152210560
1152201869
1151578726
1151282270
1150443044
1150317356
1150252981
1149238709
1148729945
1148173608
1147251996
1146583292
1146345078
1145633806
1144721912
1144430069
1144027960
1143424649
1142920604
1142792057
1142314681
1142243484
1142063956
1141846125
1140862849
1140747434
1139142917
1138703732
1138658976
1138434381
1137893613
1137726507
1137519676
1137347505
1137217267
1136785842
1136366433
1136285192
1135988104
1135859079
1135718561
1135386749
1135085376
1133816007
1133588666
1133475818
1132927261
1132460040
1132328587
1131438550
1131076189
1130413640
1130057122
1129741414
1129541166
1129377714
1128759021
1128637113
1127872722
1127381792
1125884302
1125248923
1124981199
1124175724
1124059658
1123440018
1123204881
1122191763
1121637477
1121607918
1121355285
1121223747
1120831042
1120562619
1120543683
1119704925
1119449834
1119170724
1119003701
1118821977
1118759486
1118452447
1118047777
1117914720
1117659030
1117400478
1116569535
1115288503
1114842117
1113722885
1113422874
1111873900
1111216053
1110673428
1109906140
1109543264
1109251297
1109167897
1107978977
1107499936
1107065973
1106866156
1106497234
1106269861
1106008332
1105588228
1105415061
1105257152
1105004930
1104977709
1104839636
1104350697
1104195608
1103972747
1103535449
1102888346
1101811872
1100732164
1100650565
1100348553
1099606965
1099133617
1098968772
1098630885
1098496715
1098323863
1098163674
1097439024
1097283750
1097163558
1096567801
1096305671
1096114259
1095787438
1095763939
1095487472
1095406702
1095382531
1095234400
1095104412
1094003823
1093362093
1093150383
1092335467
1091780738
1091290959
1091272801
1090925097
1090844189
1090795736
1090764483
1090616777
1089966822
1089936385
1089889852
1089169493
1088801376
1088446124
1087410684
1087366358
1086626533
1086054731
1085368911
1085281256
1084313630
1083166787
1082903023
1082811949
1082410171
1081822075
1081776454
1081573710
1081039924
1080904144
1079826929
1079341664
1079097308
1078965195
1078336496
1078173698
1078134738
1077217055
1076269301
1075711775
1075434091
1075422762
1075091490
1074612568
1073763388
1073759136
1073718705
1071749282
1071188000
1070325823
1069293531
1069067004
1069047885
1068626132
1068580767
1068167363
1068124459
1067531630
1067095323
1066906143
1066762577
1066211526
1065982288
1065220888
1065017845
1064234332
1064025852
1063702589
1063692325
1062722849
1062608227
1061180681
1060853730
1059802707
1059757391
1058418333
1058209238
1057961743
1057660220
1057650441
1057572016
1057498407
1057258411
1057221789
1057217163
1057176345
1057058655
1056814922
1056703517
1056293517
1055904192
1055470134
1055249379
1055117504
1054872196
1054678246
1053481492
1053363475
1052092772
1051949040
1051537263
1051507389
1051346451
1050572706
1050515513
1050453500
1050299337
1050223805
1049817410
1049541338
1048909591
1048834497
1048084140
1047572903
1046715223
1046563435
1046059744
1045834753
1045392624
1044104721
1043801914
1043761376
1043482523
1043251219
1043050021
1042778880
1042292357
1042085473
1041064807
1040635158
1040318268
1040198760
1039387946
1038634041
1038620787
1038092884
1037678485
1037544572
1037478732
1037150429
1035573427
1035161159
1034535634
1034465961
1033927084
1033717316
1033537481
1032876923
1032862121
1032373650
1032192912
1032094859
1031190702
1030441700
1030288497
1029646971
1029609315
1029597343
1029562800
1029553705
1029248152
1027881599
1027235669
1026459574
1026104183
1025876001
1025580925
1025005524
1024610106
1024205762
1023821490
1023489710
1022885996
1022092287
1022062274
1021775534
1020712843
1020460547
1020309832
1020032633
1019016044
1019007255
1018214073
1018146799
1017814345
1017427009
1017152652
1017050390
1016890654
1016851110
1016793778
1016724303
1016636237
1016155571
1015962663
1015676091
1015039398
1014884080
1014763809
1013547571
1013302060
1012548835
1011747212
1011657084
1010946886
1010886969
1010254436
1009798255
1009276091
1009145983
1008978824
1008026513
1007933316
1007694184
1007584850
1007261889
1007259595
1006814135
1005849734
1005575062
1005143850
1005025330
1004911153
1004723982
1004232890
1003367926
1002999600
1002161534
1001693367
1000755536
999928121
999703226
999415226
999126287
998311065
997959094
997491538
997348839
997285467
996885381
996639156
996244046
995656250
995600384
994423931
994097647
993821087
993496212
993412483
992948649
992176773
992087222
992035616
991909010
991729646
991604731
991489428
990342599
989910884
989650176
989197804
989081207
988669173
988374867
987795157
987401451
984871158
984207196
984000151
983789614
983750694
983301991
982470209
981897879
981809924
981167740
980715439
980153746
979305487
979048638
978988194
978566710
977905706
977228505
976580718
976383112
975757681
975157167
974517656
974231326
974198031
974025046
973832988
973320483
972883894
972469222
972147160
972039909
972007704
970706966
970325047
970085468
968749856
967960434
967486100
967315637
966912098
965813158
965223264
965193688
965187619
965113477
964878228
963926355
963897671
963853834
963599840
963527453
962989384
962736981
962732225
962570445
961502781
961202817
961069325
959961317
959396486
959352804
959250456
958494249
958210991
956462973
956245688
955406823
955288635
954717172
954595937
954469465
954311039
953290613
953281742
952983919
952896433
952699508
952472904
952439761
952263762
952223959
951792193
951632750
951306533
951247083
949976954
949907436
949197956
948920367
948598399
948195453
946462150
946084434
946023547
945367524
945056667
944820605
944734981
943933601
943898573
943725809
943721299
943440184
943420371
942474629
942465401
942262522
942226475
941792831
940397801
939167552
939006744
938380046
938379083
937678313
937641341
935999378
935595945
935425916
935162973
934938085
934905785
934784694
933799493
932972809
932529043
932477552
932196041
931603325
931448356
931439162
929535898
929404008
929295474
929293111
929233422
928729991
928713876
927920052
927676191
927670270
926826332
926792273
926714284
925963420
925956985
925666276
925482709
925422274
925302413
924472195
924191263
923944222
923734419
923511361
923204059
922669584
922528139
922326137
922148854
921872440
921253629
920717337
920136872
920102842
918515038
917941486
917907987
917461307
917366403
915709541
915509825
915439743
914957194
914836181
914623615
914586964
914530477
914315116
912927740
912538111
912164386
912108740
911982949
911773070
911718509
910478207
910411855
910039630
909743317
909708492
909367530
909319349
908833671
908484610
908087574
907612928
907075728
906849898
906847242
906493191
906010272
905981930
905371010
903540143
902143594
902026658
901826538
900360998
900161852
899809055
899745178
899646706
898926410
896363668
895921513
895639326
895053074
894527268
894392809
893951758
893834443
893302194
892627551
892404993
892379305
891600043
891524633
890445534
889658652
889091991
889032121
888966915
888740121
888540623
888425851
888023612
887865612
887625005
887529294
887066989
886891859
886868365
886753487
886665553
885890900
885221052
885112083
885031688
884592198
883444105
883257761
883155772
881984098
881448146
880147726
879517416
879150924
879143459
878074131
878065255
877904883
877136501
876964541
876822287
876329690
875961639
875647625
874267700
874039577
874028152
873623787
873607699
873575257
873016770
872806084
871694697
870818102
870723905
869836146
869827496
869656634
869506941
869416628
869229443
869036348
868893601
868818732
867766785
867661447
867217556
866895760
866549219
866346462
865650418
865630796
865548242
863743944
862550121
860661895
860076519
859956999
859921335
859826904
859703683
859615974
859514687
859490503
859251273
858821986
858670251
858383678
857748607
857194900
857152861
856865580
856753054
856681072
856608475
856435289
856400547
856250994
855939893
855735364
855039670
853574248
852942308
852862984
852684617
852226165
851521885
851273654
850865958
850770965
850724013
850466907
850376325
849906791
849588125
849275939
849213500
848934514
848601040
847889569
847406627
847330751
846806015
846779464
846659583
846058351
845666525
845603100
844534299
844334609
843350877
843260918
842634966
842344694
842148111
841692141
841589001
841489809
841226383
840807958
840746875
840540718
839974657
839593300
839554040
838741897
838514343
838368564
838303254
838190964
837389656
837179068
836636942
836591685
836297816
835507324
835277911
835250887
834207380
833780198
833721670
833653672
832911566
832907510
832306452
831432011
831099190
830813421
829751412
828460346
828252303
828033104
827950043
827606644
826811390
825893115
823961927
823673235
823513649
823370301
823324751
823306201
820647035
820251703
820043307
819831306
819520203
819419284
819185134
819118818
818719725
817999416
817733516
817704366
817350796
816873408
816068307
815789103
815633030
815275441
815179473
814794474
814753087
814683566
814598392
814232654
813049935
812954210
812551706
811935074
811315832
811036943
810048686
809668770
809143900
808991287
808929213
808694719
808597345
808034284
807352775
807015593
806985832
806785066
806494282
806380051
806005190
805261967
805214465
805077834
804186631
803888348
803556456
803360093
803169513
802849665
802713781
802264850
801970790
801961109
801520130
801336746
800170466
799918467
799861363
798967248
798808339
798757373
797269067
796443137
796393781
795965644
795916125
795853168
794895989
794367459
794021834
792836061
791886261
791305489
791127843
791120693
791111428
789413591
789244422
788994938
787680556
786825448
786264123
786045345
784822278
784128607
783624624
781285096
781240641
781104549
780766322
780445611
780424261
780166379
779869347
779669980
778869782
778157107
777626622
777355361
776871574
776641937
776346304
775265840
774823965
774350731
774326971
773565403
773300394
772419913
772372634
771224300
769778663
769695754
768680566
768349861
767681864
766785502
766563427
766089872
765966890
765361495
765127867
764825333
764468785
764224462
764043193
763926399
763495543
763045508
762850532
762128066
762020342
761747500
761317023
760899553
759981134
758149956
757760292
757608276
757344695
756688159
755763555
755715059
754181163
754177571
754085324
754076113
753309965
753279238
752988687
752938255
752713656
752095836
751169036
750706534
750279947
750158737
749905967
749399242
748651209
748329997
747925095
747351681
746399411
746245271
746117348
745479881
744344387
744129144
743699171
742719066
742591550
742129270
740848456
740830717
740705796
740380529
738814647
738753959
737859695
737640715
737222635
736736260
736693081
736427812
736131415
735340283
734874052
734750458
733205364
731446835
731078645
730826156
730603587
730301355
730148905
729530392
728459354
728245522
728078000
727315262
727219193
726781762
726778254
725696805
725545073
725150731
725123955
724654501
724256220
724023251
723239556
723173813
723159338
721959105
721948241
721630489
721539371
721328042
721152134
719216950
718924153
718868632
718370345
717228184
717040058
716899123
714999392
714501140
714212492
714152365
713942504
713937759
713904260
713284519
713249473
712713404
712411424
711133130
709709834
708839458
708476405
707989743
707930546
707891451
707610250
707558953
707274960
707119609
707024711
706304070
705853767
705742202
705234330
705024653
703080608
702293368
701575484
701565479
700783426
700238912
699511543
698991652
698694192
698045170
697828020
697792640
696368044
695686997
695539808
695156089
695138043
694766852
693702235
693324353
693043617
693039677
693025948
692162131
692053293
691801400
690249740
689503717
688606119
688194650
688178967
688111598
687535448
687154828
686822457
686366967
686272894
685928251
685677452
684464828
684180559
683755469
683326473
683261145
683062022
682727691
682384544
682227789
681777145
681584821
681584621
681523378
681123235
680624602
680378664
679574870
679491451
678931051
678883782
678872392
678614377
678433523
678096549
677912052
677333579
676959003
676616660
676109161
675495823
674351289
674103229
673336310
673331966
672956808
672241979
671495923
671431459
670932666
670768565
669657708
668469030
668180032
668155251
668014942
667902358
667680729
667552251
667503743
667494637
666955170
666490117
666191179
666039605
665793417
665506920
664820105
663771577
663164462
662374539
662300047
662046106
661887780
661621156
661514720
661222919
660903960
659458787
659316941
659207617
658181036
658036215
657819453
657693656
657616257
657321205
656729211
656280061
656120692
655062375
654976190
654515891
654251610
652847639
652822344
652063515
651938097
651637417
651432548
651057281
650624450
650140688
649693605
649031718
648658678
648620883
648343710
648147065
647956733
647422614
646137435
646054989
645823148
645071958
644616308
643856664
643434245
643335923
643176498
642588819
642521855
642185609
641962823
641453614
641124056
640740500
640550895
638775540
638533007
637538936
637297142
636972455
636972031
636826917
635241557
635160144
634891777
634342889
634305827
634003434
633524457
633115474
632706162
632641881
631724855
631599986
631351729
631109531
630750679
630564482
630476362
630202553
630198265
629909408
627856971
627634351
627475406
626820685
626742779
626286404
625405918
623746648
621385622
621207654
621124314
620087647
620021548
619365942
618701272
618423098
618213052
617538489
616548677
616465751
616097438
615640298
614672748
612808654
612456181
611677069
610953805
609586900
609074668
607509723
607195389
606431745
606039318
605350492
605234324
604443309
604196537
603980564
603842527
603492847
603157539
602753704
602472062
602444897
601950476
601761130
601537499
601418804
601378405
601311778
600770512
600665194
600287243
600142133
599537323
599512593
598880596
597734857
597205906
596360862
596350687
596332218
596257285
595851983
595703828
595622314
595571958
594356050
594116444
593505739
593213554
592226784
592089076
591704875
591698362
591403688
589974423
589805422
589744990
589143971
588822531
588726459
587840157
587666740
587040605
585950159
585880491
585605000
585222710
585203546
583796690
582993315
582977416
582968523
582478510
582161797
582070855
581546585
579728630
579120457
578508660
578383028
577904990
577608162
577537454
577480840
577335081
576936579
576611274
576271704
575992933
575664062
575615916
575319123
573716825
573252903
572598822
572233569
571879451
571658056
571153817
571022283
570581323
570293530
569400307
569360935
569152290
567959165
567688145
567083451
566298738
566293907
566186844
565553812
564634149
564103945
564043278
563518306
563480278
563366178
563132794
562199654
562066843
562009566
561588876
561204310
561045472
560779522
560657908
560643859
560548514
560178463
559945883
559650282
559529273
558602559
558556718
558545522
557893052
557600854
556606280
556602446
556462550
555183352
555062345
554840573
553186416
553147740
552665287
552525309
551394141
549709820
549412985
549162581
547987221
547348007
546225354
544393844
544118679
543954312
543887965
543640527
543412208
543119483
542844246
542327893
540514940
539887815
539560084
539340647
539184501
537583610
537222432
536916135
536024936
535505154
535032814
534445705
533566001
533230164
532293002
531942459
531808652
531696119
530369731
530070050
529925784
529741389
529633769
529177053
529033842
528526500
528202895
528091142
526751174
526338282
526094369
525895856
525819046
525437200
525351414
524565368
523480434
523039324
522389610
522202385
521886615
519857956
519411425
518996303
518966263
518887897
517935087
517358589
517122578
516835877
516538689
515574515
515359723
515142849
513989043
513740253
513172183
513103372
512890966
512862568
512112238
512086945
511776641
511279211
511198571
511160235
510823955
510717471
510254489
509888617
509100179
508955337
508878335
508730406
508590470
508422485
508232060
508086152
507756681
507604414
507520846
507085803
506812193
506804471
506178515
505580266
505473169
504714056
503039862
502356995
501885911
501558474
501302505
499904369
499815938
499256454
499170048
499117290
498500404
498165499
497952326
497359292
496983004
496636380
496483239
496190775
495992011
495756415
495386164
494983492
494154816
493909003
493885291
493536484
493461227
493337167
492946219
492729156
492320727
492150604
491858655
490798038
490169971
490070709
489947443
489366197
489259978
489202131
489201936
489120512
488734974
488463769
488406733
487821715
486955954
486752747
486239974
485733027
485427300
485164602
484889494
484307084
483615892
483502713
483322378
482915142
482519675
481435123
481176479
480975962
480757171
479896158
478296771
477681068
477406958
476449047
475271876
475264047
474967771
474180299
473676387
473499090
472534203
471508391
470953425
470927130
469640229
469255570
469136276
468795103
468319831
467956341
467883692
467714846
467693695
467538593
467471254
467006717
466888940
466844051
466470272
466436090
465823436
464610335
463566738
463464090
462970171
462825378
462741614
462624462
462454737
461878699
460951135
459937387
457465812
457350272
457339841
457068441
456404749
456313858
455273602
454944786
454132492
453847007
453237279
453021359
452019086
452001241
451785511
451500475
450679000
450646974
450427942
450208985
450107790
449136543
449093281
447971819
447237676
446518397
446445614
446277901
446118049
445885776
445421760
445313844
445215707
444791383
444106027
443615314
442456928
442042835
442037910
441852505
441663152
441571923
441050691
440991112
440437995
440358189
439784300
439733734
439524459
438621882
438529980
438365292
434994270
434657292
434608498
434336893
434181485
434046241
433166882
432745957
432146471
431708177
431585714
431174097
430618085
430578729
430568214
429992131
429754760
429424208
429123411
427706241
426812781
425837736
425324459
425063814
424772527
424265611
423720863
423393968
423273886
422730345
422508920
421927440
421670200
421487372
421211283
421175242
421058777
420418446
420375698
420144766
419759149
419646882
419461042
419197866
418289844
416807412
416397863
416004982
415937227
415795576
415187491
415061901
414981951
414951758
413296773
413193866
412723046
412417989
412127352
411630794
411283481
410557290
410361154
410201945
410152084
410132593
408981456
408664255
407947496
407864756
407802146
407770817
406950444
406073199
405682624
404366517
403375841
402575077
401375255
400203145
400192329
400074892
399478065
399319552
399223424
398762999
398511325
398370267
397074592
395627564
395456112
395455383
395410587
395404763
394945143
394773950
394650727
394444722
393716608
393020384
392748904
392241398
392125316
391925844
390782120
390209680
389829276
389607098
389172769
387947954
387913363
387347910
387103979
386866117
386689760
386499094
386309431
385563686
385365578
385237539
385067255
384771397
384593152
383949419
383702651
383650258
382908695
382088754
381391396
381390380
380761027
380758229
380744252
380549298
379951889
379603507
379547650
379297535
378802928
378564222
378267700
378243696
377862697
377824979
377720417
377029292
376725838
376176777
376143298
375774458
375296498
374923838
374691957
373882521
373531224
373387621
372999982
372957643
372929767
372827142
371917836
370514366
370287025
369154625
368086494
368061121
367129440
366504803
366350843
366269286
366122628
365744832
365294522
363482066
362899021
362893186
362072293
361898486
361724056
361672150
360991410
360976224
360700508
359798714
359747752
359675990
359669390
359537106
357764794
357444645
357372590
357222774
356821139
355334594
354653722
353624199
353363272
353351309
352695583
352649151
351606790
351365591
350724539
349402329
347978905
347755259
347356454
347279531
346898732
346365053
346245424
346132355
345134906
344439381
344173208
343917070
343862801
342055350
340531176
340514498
340231558
339815639
339397139
339164786
339098415
339061439
338944191
338897950
338821049
338527357
337881741
337870999
337503336
337501820
337439192
337288728
337154951
336841326
336755989
336595316
336093779
335454706
335301985
334849457
334800233
334147468
333962251
332500232
331775944
331140747
330975895
330894583
330555387
330219726
329453121
329027017
328550268
327810408
327225232
326679011
326366509
325998481
325948098
325273646
324488800
324200904
323474976
323264707
322913122
322722346
322677491
320459606
320408672
319612467
319608677
319525666
318952064
316015053
315688667
315653162
315508173
315254980
315031004
314528294
313306507
313258363
312879867
312717284
312590785
311915125
311110872
310531525
310360700
310097747
310002987
309040668
308421496
308376194
308010909
306954478
306681141
304791799
304751465
304703997
304505263
304336677
304172068
303362674
303290683
301739897
301627220
301356528
300328613
300121247
299822258
299749591
298538131
298408290
298228483
297956923
297702547
297540865
297531105
297013367
296141650
296119356
295671420
294904080
293851606
293095235
292938586
292325273
290771238
290425546
290401714
290379863
290289362
289188657
289037093
288550746
288073237
287774161
287346151
286966828
286737173
286175557
286127712
285677141
285177018
284461451
284130506
283446899
283011472
282468564
282196360
281858756
281423198
281260302
280950881
280883502
280485081
280414096
280267905
279960239
279542169
279037754
278931320
278880064
278797822
278780071
277829448
277792900
277344954
277321841
277298610
276961437
276162302
276027246
275910202
275550033
275150159
274660788
273848071
273629544
273267535
272855309
272734235
272067436
270500599
270408033
270216234
269489189
268506862
267227711
267056314
266933327
266851670
266586644
266456572
265968682
264970116
264929235
264117352
262821094
262019232
261591601
261254769
261211153
260962837
260813011
260111884
259979230
259937462
259051632
258648412
258428369
258401504
258125618
257312519
257159881
256728660
256630545
256322946
256096277
255781157
255585596
255507992
255318786
255295867
254088024
253907600
253871852
253723994
253709146
251532585
249965213
249914409
249610563
249509756
249460295
249033065
247721039
247623611
247572102
247430137
247413478
247289012
247062736
246962896
245297447
245289430
245001365
244281079
243795970
241632483
241406514
241201437
240056967
239122862
239015931
238725953
238694669
237666851
237559695
236633296
236406236
236043491
236039403
235976073
235623746
235170964
235047066
234776876
234074277
233981319
233085464
232000033
231285368
231087835
230964496
229476540
229293996
229213862
228792448
228486908
228473751
228367765
228257692
227390372
227019709
226895927
225626449
224931010
224113029
223592762
223410660
223139959
222966608
221735128
221570582
221551479
220315702
220083592
219028986
218982917
218661386
218337781
218228962
218096970
218066336
217896578
217732569
216894848
216878371
216336593
215896107
215674349
215311423
215207910
214558570
213589347
212913069
212553762
212348157
211310073
210775104
210550462
210069281
209767236
209068506
208423149
208377644
208025553
207154448
207094954
206109711
205824147
205435030
204688402
203117913
203059491
203003008
202630530
201869171
201638807
201036012
198254659
197499405
197338564
196915242
196713714
196164939
195855922
195579066
194584821
194304295
193977904
193311692
193295261
192863711
192115418
191222270
191166477
190800778
189986295
189896589
189519471
189271866
188766187
188626002
188485736
187847764
187736968
186388396
185772974
185426534
185105609
184907309
184680938
184533875
184234972
182618940
182281500
182110378
182034353
181746919
180797808
180703773
180457513
180200269
179917811
179171403
178233138
177893522
176440241
176333778
175323642
174783569
174736281
173570392
172838731
171453600
170476265
170340258
170206884
169916316
169615235
169097644
168700397
168483720
168238201
167841556
167606781
167299137
167030733
166987191
166764731
166016001
165974887
165621675
165362113
165360416
165304108
165238131
163909794
163841408
163763063
162466870
162056161
161931644
161813431
161493157
159455995
158284592
157475565
157114176
156645351
154989497
153601724
153418516
153137365
152749151
152366663
152249698
151641292
151512681
150335051
150334520
150292785
149984716
148714946
148499407
148413421
147680413
146998725
146843677
146759193
146509492
145788108
145706835
145579909
145194962
145078907
144330232
144039233
143563610
143446882
142575364
142035925
140095831
139962393
139544325
139391852
138842555
138787256
138325236
137468268
136212489
136133480
135787399
135631935
135548123
135220064
135012651
134483857
134399228
134144099
133906756
133648327
133491101
133296465
133044980
131831615
131810025
131628367
131614431
131005755
130989313
130137316
130073718
128621552
128346344
127615525
125786365
124060058
123594277
123493720
123274301
122535385
122269167
121412840
121380682
120436268
120122575
120110330
120079686
119946053
119810379
119760957
119168338
117870986
117713675
117576936
117146435
117123541
117081002
117070628
116626357
116328780
116128538
115230497
113008106
112819425
110957521
110931502
110786920
110536465
110264789
109655551
109522046
109313830
108894129
108541277
106868576
106589719
106530234
106483646
106345746
105827881
105146877
101894851
101663139
101402260
101286882
100219617
100088425
99586892
99308100
99284726
99144862
98725602
97111472
95784316
95398880
95323402
93927345
93843169
93768535
93327358
92654089
92638895
92601611
92152404
91957760
90852143
90729926
90614320
90611507
89256230
89183525
88509968
88234829
88055449
87066312
86977508
86385439
86023385
85245697
85203809
84963146
83389553
83294029
83188436
82524188
82416726
82020615
81878334
81831775
81701307
81241596
80954740
80896449
79645081
79358158
78525426
78453519
77926996
77101270
76729681
76712709
75610089
75110976
74962775
74929125
74811922
74591248
72761001
72519728
72380331
72344936
71692283
71276224
70986370
68950419
68145624
67866082
67589236
67239731
66921265
66902472
66686202
66252833
66128479
63179896
62935381
62122477
61894364
61143321
60634453
60053140
59799072
59589192
59397903
58075256
57809548
57500488
57426841
56674312
56403921
56355753
56095082
55955528
55793500
54997485
54141831
53592493
53284824
53157763
52523690
51847548
51820688
50328413
50241654
48335936
48323399
48153543
47923991
47883903
47374082
46991047
46918563
46327688
46005921
45374285
44758332
44507365
43986000
43604511
43254004
43161288
42501110
42377536
41839383
41493892
41223495
41122510
40946702
39612523
39243517
39060274
38870015
38390410
38125215
37004828
36942717
36869324
36313555
35889780
35578911
34400208
34270599
33300308
32948828
32930772
32551646
32180248
32152242
32044255
31992201
31942736
31439086
31156097
30763711
30727601
30420933
29858361
28275392
27957599
27034092
26668944
26104587
25135053
24549826
23591603
22220315
22090572
21607031
21433776
21375337
20333447
19715709
19040959
18173523
18066763
17871102
17800539
17713719
17395560
17089907
16978834
16744619
16662090
16644988
16011365
14435680
14372577
13175634
12102234
12031906
11535624
10767096
10691249
10350088
9797254
9672426
9567988
8370979
8118286
8111068
8035577
7221039
7179533
6890615
6215382
6145497
5649701
5494385
4985349
4963671
4797366
4782812
4643491
4059255
4014859
3353193
1581890
