1027134658
1026902925
1026593143
1026416019
1026156174
1026020331
1025915236
1025832359
1025677209
1025547010
1025333805
1025024925
1024806801
1024569989
1024242196
1023852611
1023727930
1023425398
1023239933
1023106032
1022802796
1022699437
1022598479
1022429396
1022032647
1021994785
1021733437
1021461577
1021196212
1020883289
1020790727
1020677520
1020413898
1020060196
1019870717
1019863541
1019714457
1019525160
1019274993
1019172696
1018956744
1018808338
1018538133
1018442334
1018183925
1017927579
1017606486
1017575895
1017412920
1017338356
1017148540
1016979054
1016741192
1016521419
1016456141
1016331555
1016175312
1015789504
1015515242
1015219612
1015056380
1014761192
1014688236
1014622161
1014553160
1014371450
1014217277
1014129492
1014017639
1013829256
1013756707
1013456213
1013402438
1013097720
1012641299
1012381926
1012082320
1011775802
1011620889
1011527836
1011245702
1010975158
1010622122
1010325093
1010193489
1009845308
1009772648
1009546104
1009462498
1009339720
1009293719
1009148902
1009003912
1008826556
1008655975
1008558616
1008495171
1008254900
1008099672
1008007035
1007748399
1007692411
1007601999
1007403288
1007098859
1006715079
1006643410
1006484166
1006276437
1005959251
1005815161
1005547376
1005423058
1005169784
1005046897
1004825077
1004391081
1004292895
1004035924
1003933943
1003838962
1003623849
1003367893
1003100134
1002884627
1002567835
1002363985
1002262536
1001959118
1001648130
1001415833
1000899341
1000624282
1000334813
1000026089
999720370
999577016
999300868
999017004
998755492
998610597
998357620
998109778
997823947
997695658
997557657
997313655
997056414
996765292
996467871
996166424
995948725
995722519
995381553
995170980
995055083
994723176
994450802
994325758
994191693
993940702
993661389
993363292
993085098
992811225
992710385
992501896
992217410
992054174
991747961
991676651
991372912
991254332
990998972
990776373
990542493
990400041
990015661
989844994
989508819
989244352
988971877
988763952
988467361
988059128
987948490
987798672
987504869
987404282
987261703
986949696
986745543
986555232
986286157
985927534
985458681
985142316
985088801
984981212
984786710
984378967
984364481
984254067
984111712
984064577
983618066
983394240
983219606
983001686
982740603
982623769
982371161
982122113
981930634
981895346
981504831
981401442
981048131
980971351
980803655
980746704
980501192
980354481
980198900
980133397
979897810
979738581
979428275
979252597
979006411
978904131
978441459
978219829
977945295
977701742
977385817
977026429
976830567
976609200
976365981
976050763
975839656
975736942
975355962
975330301
975070933
974847714
974703571
974537707
974225169
974166723
974098312
974002813
973729998
973456047
973106373
972957973
972708897
972474191
972221890
971985534
971685028
971424037
971258920
970922777
970902073
970759489
970472136
970205136
970066580
969792028
969403872
969214183
969159501
969005517
968868134
968725008
968619424
968483431
968246885
967973363
967769939
967502524
967363490
967237637
967131765
967031360
966881527
966846849
966682367
966373348
966087326
966057022
965928043
965697149
965557003
965347046
965251836
965156284
964863130
964563351
964436884
964192670
964066168
963900454
963813497
963680168
963498042
963243975
962848948
962793316
962569104
962453895
962260273
961813663
961666704
961573043
961249760
961059418
960903927
960668945
960470836
960353090
960201526
959936982
959596704
959532464
959408147
959264886
959154476
958997142
958679803
958665459
958521990
958363685
958192779
957935384
957721952
957600011
957170228
956966785
956765754
956478946
956219449
955885472
955736030
955622633
955478117
955233382
954978707
954891805
954615803
954401459
954365314
954095509
953885860
953658389
953466423
953430120
953345767
953293563
952911392
952571851
952412206
952055767
951779817
951511119
951284292
951020590
950676780
950421969
950362205
950010132
949827078
949774428
949410880
949128155
948896565
948558453
948362559
948014576
947796363
947661835
947473008
947407758
947309224
946910980
946725594
946446913
946206797
946067684
945759826
945631397
945371739
945304049
944974477
944713568
944597091
944375653
944243714
943866142
943675576
943500395
943252144
943090641
942954377
942709867
942563136
942256160
942102576
941757070
941684248
941477866
941318495
941137782
940956791
940753853
940516208
940333488
940313945
940230837
939988026
939689783
939567364
939321609
939069093
938816783
938759177
938578930
938368289
938252926
937990331
937786953
937457195
937292072
936926748
936658101
936473040
936352115
936171158
936031479
935754018
935628765
935471308
935110932
934821413
934501787
934314108
934076423
933993763
933639919
933361609
933090500
933073238
932991266
932946571
932846873
932672813
932401261
932197863
931995556
931776599
931630973
931416678
931197753
931001531
930536414
930222350
930143428
929936062
929801536
929677597
929391313
929214966
929001987
928880815
928827236
928548418
928260257
928028786
927822950
927531657
927525571
927293722
927067023
926823407
926634739
926431930
926212392
926085104
925723964
925445634
925154512
924929349
924756942
924542049
924255862
924071190
924043433
923914447
923697165
923641263
923447630
923279292
922956782
922685370
922461687
922341747
922171269
922083595
921877086
921683282
921312663
921154796
921022504
920913094
920767409
920742431
920483972
920434405
920178509
919931828
919847174
919778504
919629989
919544878
919412221
919113576
918892624
918543210
918142870
917891810
917825520
917523723
917256098
917018943
916873363
916641324
916330341
916214236
915988412
915852565
915652140
915476295
915248162
915028356
914737651
914578244
914176814
913873548
913634849
913424200
913034693
912953609
912712093
912495818
912328268
912230791
912130648
911837981
911699321
911310855
910938105
910703341
910455923
910418977
910152069
910026019
909944295
909769894
909584947
909257891
909059930
908755826
908665939
908533316
908232381
907994666
907859572
907595049
907397498
907201623
906960637
906657789
906409046
906365001
906217339
905919465
905533332
905350809
905290407
905169837
905027475
904720364
904555266
904261858
904068260
903807319
903594556
903501857
903161133
902999886
902671871
902323117
902104620
901957017
901717190
901610077
901447730
901364038
901078284
900964458
900770617
900530308
900473895
900354369
900223264
899949908
899809854
899674594
899634725
899510074
899488868
899265751
899171529
899168453
899017759
898709771
898476148
898065797
897842717
897641186
897426504
897290056
897091856
896855762
896792256
896496926
896235547
895961179
895865819
895636314
895503844
895414951
895246320
894968595
894712743
894514436
894321135
894114623
893932885
893794901
893664458
893557461
893339828
893258498
893131247
893042186
892844991
892792539
892612176
892300851
891902364
891751179
891649969
891583571
891405569
891203069
891016644
890647328
890498311
890260818
889902231
889732927
889460438
889193221
888835568
888710434
888352646
888146274
887944872
887623998
887411844
887208280
887030155
886937723
886601112
886427820
886120730
885867229
885563221
885338630
885010294
884755939
884575088
884276980
884074772
883927078
883584853
883376533
883151004
882763908
882570589
882554929
882358556
882103628
881900697
881758614
881509412
881177913
880910327
880811305
880469841
880233726
880016679
879895814
879813756
879764883
879536174
879204394
878940064
878859854
878768412
878528092
878392883
878193683
877930768
877631340
877316781
877199502
877009556
876899670
876721921
876689356
876515388
876178844
875798672
875749873
875548966
875395584
875126524
874979870
874673405
874311126
874283141
874192905
874023305
873603965
873525268
873256483
872929011
872783769
872713245
872550587
872121304
871982068
871957418
871864115
871609742
871312900
871189075
871107662
870998379
870618121
870283263
869930309
869824119
869698545
869684593
869467494
869379390
869295032
868998217
868848589
868513853
868276440
868175937
867999296
867929788
867751610
867520930
867340316
866975212
866624218
866336511
865922675
865726445
865531393
865467538
865230999
865204052
865016113
864712790
864565069
864250242
864051424
863877018
863552830
863111140
863031583
862929711
862634526
862396518
862214064
861845914
861541266
861471762
861441868
861291153
861133500
860793518
860589333
860401313
860127425
860022907
859760172
859625821
859378967
859150265
858963305
858749941
858589603
858421432
858247833
858033304
857851989
857681670
857483016
857247403
857023788
856936067
856843012
856708978
856463995
856346007
856074259
855887811
855581599
855470591
855224685
855192391
855058769
854812484
854644782
854314213
854169908
853821045
853485102
853471647
853398922
853169406
853005811
852896480
852569472
852252313
852109588
852009360
851993286
851748924
851698170
851476727
851344503
851069999
850866371
850860384
850846106
850760185
850441726
850369018
850167470
849954844
849868245
849581808
849332831
849225836
849044037
848816032
848611314
848447739
848254285
847872797
847822329
847639921
847288766
847261362
846963327
846849880
846802281
846565907
846340624
846144281
845922187
845682927
845512496
845259562
845084797
844977249
844687013
844505393
844206081
844134262
843977580
843728942
843414076
843232396
842987846
842767116
842461584
842354145
842177459
842074603
841845938
841633012
841515699
841393943
841244760
840976371
840783102
840598250
840329042
840211742
840144717
839923626
839757923
839679695
839464794
839212109
838979293
838842411
838648793
838379486
838087737
837891228
837700022
837563510
837364735
837182410
836802485
836497615
836377138
836055768
835790197
835560318
835374805
835208964
835058277
834837722
834533240
834428307
834154350
833880905
833752607
833515517
833319368
833028840
832727133
832345374
831900284
831616757
831270559
831067090
830862838
830661147
830404791
830280133
830137975
829952407
829647994
829523890
829194698
828882146
828718456
828553173
828433900
828362762
828243558
827925731
827547576
827283552
826857232
826576541
826420088
826211386
825849595
825692323
825393600
825215109
824893597
824676740
824568666
824283789
823957711
823706471
823482492
823230758
823058889
822940219
822756761
822539006
822128926
822116168
821803125
821632618
821361186
821041541
820900364
820756308
820657052
820343603
820316157
820134768
820064608
819800615
819762489
819741865
819436925
819336633
819139796
818987439
818733602
818670729
818451774
818249772
818097287
817911558
817736554
817557819
817329902
817051547
816866493
816848981
816519236
816394991
816136296
815951462
815767434
815502402
815288179
815210209
814992598
814761471
814323211
814259330
814005502
813695972
813498985
813451038
813382218
813254403
812859592
812652521
812387935
812061529
811871828
811668391
811271784
811170391
810834078
810646410
810560057
810412210
810219411
809930870
809727326
809419315
809312456
809160744
808796291
808514336
808161896
807853908
807565513
807517068
807284916
806982602
806899850
806709403
806303019
806067113
805654302
805539070
805282575
805048700
804956704
804635360
804445680
804312083
804140157
803790695
803409282
803297630
803065047
802762984
802376297
802052600
801869144
801565062
801438582
801085730
800769099
800621339
800410413
800009064
799998405
799895267
799732241
799523091
799394760
799278788
799221159
798917718
798561451
798344761
798119026
797790104
797697905
797348301
797210316
796939841
796899104
796716623
796413222
796364724
796255907
796126453
795862619
795710587
795646779
795355143
795148736
794724987
794457559
794300734
794133346
794056619
793945372
793746748
793718368
793571947
793438963
793123307
792743473
792570424
792464373
792283958
791864243
791566970
791418554
791256668
791178104
791089265
790881409
790788644
790494380
790372003
790095586
789936408
789693050
789547533
789379104
789178319
788882633
788817829
788652309
788510869
788377299
788170337
787945875
787747574
787526360
787431102
787078398
786965388
786639335
786428656
786175540
786037157
785754341
785493596
785343368
785140758
784871712
784573523
784226791
783832536
783542543
783373558
783135863
782868822
782722300
782662962
782399614
781980294
781859156
781641855
781552253
781317197
781182414
781049918
780999724
780841953
780604710
780395746
780160089
779986338
779723360
779516873
779349811
779208602
779116270
778834917
778569439
778320491
778110876
777780228
777598109
777522320
777381362
777189369
776957425
776647174
776453704
776250268
776111292
775840417
775616307
775371634
775102944
774887278
774626083
774507984
774395603
774228012
774092897
773823819
773569035
773353958
773133036
772772264
772376306
772091719
771904031
771835258
771612940
771486230
771375879
771274760
771103722
771009524
770846149
770710711
770649223
770578142
770350659
770190472
770155059
769998154
769597076
769410812
769313844
769033366
768792478
768712613
768475797
768175622
767963594
767817528
767787112
767370008
766996874
766781410
766606342
766377159
766229318
766023924
765997754
765817103
765553318
765401705
765138362
764790207
764572283
764473613
764234703
763934793
763587019
763509495
763390035
763152357
762733651
762414790
762323675
762136945
762109147
761992770
761768079
761525744
761379891
761083598
760850078
760589348
760502658
760439285
760286742
760061707
759885029
759732353
759502403
759289151
758971652
758850161
758609527
758356379
758238646
757936179
757845339
757738464
757604903
757329792
757122443
756985868
756772666
756566203
756461046
756172425
756016377
755839866
755525758
755246049
754867491
754798032
754609427
754400720
754391750
754258742
754068831
753744444
753244393
753005071
752843115
752480111
752352491
752026176
751957482
751666975
751393668
751291848
751047511
750771011
750608440
750424918
750272947
750048402
749937224
749715829
749540070
749263569
748971316
748705218
748514381
748145028
747954631
747708299
747522058
747423056
747385161
747117679
746842266
746717020
746516854
746162553
745942857
745657109
745426722
745317294
744996445
744811553
744626984
744248786
744089259
743805441
743712034
743345942
743033258
742923870
742774162
742475803
742235902
742123873
742020599
741971705
741668930
741312959
741141374
740768550
740428751
740367558
740170625
739894236
739751042
739681467
739499220
739157762
739072723
738771028
738668812
738496840
738213056
737936015
737877934
737567725
737418278
737215985
737007483
736918198
736702604
736293440
735964411
735633416
735432098
735319235
735178777
735067894
734766166
734717115
734543811
734454718
734303588
734164771
733919596
733697317
733301310
733114919
732784460
732575112
732329664
732031412
731725291
731540955
731303765
731128127
730894890
730648371
730358649
730172694
730023910
729820209
729500840
729253103
729236558
729141904
728777982
728570491
728383233
728053172
727780160
727657803
727372982
727029640
726862946
726692571
726404160
726157233
726107681
725866930
725733463
725555786
725308074
725197674
724992995
724833293
724654409
724393974
724284374
724145443
723815429
723675730
723207775
723100735
722922026
722716311
722549598
722229116
722047715
721953100
721663445
721513039
721319148
721228000
721050171
720835598
720588791
720497875
720361899
720190061
719965596
719911815
719798919
719615519
719510928
719286367
719173154
719166824
718938685
718612360
718354250
718174242
718001854
717742208
717574043
717299841
717205537
716729692
716576973
716183555
716015349
715809323
715747221
715550596
715374741
715245254
715058061
714869197
714618909
714389835
714001922
713761271
713482673
713372586
713154217
713073805
712732917
712576097
712363820
712080358
711925409
711867842
711504793
711366184
711260859
711095303
710857000
710576381
710461591
710253903
709858726
709535521
709172672
709120389
708845261
708637827
708374763
708116080
708009556
707743560
707609995
707467036
707276634
706988074
706943547
706645725
706515065
706136353
705829538
705798157
705435167
705358632
705235431
705082343
704972686
704660362
704394767
704199450
704027535
703931769
703652046
703649882
703369116
703216778
703113870
702869564
702704646
702499316
702426778
702368610
702035501
701845621
701502980
701423128
701261861
701142737
701040487
700667518
700471658
700255126
700099507
699627434
699495776
699186216
698950806
698930910
698742891
698449409
698364116
697953430
697785986
697737584
697433173
697163015
697074419
696731122
696547427
696354536
696080497
695660182
695622853
695459682
695176681
694917169
694745102
694446441
694262316
694161806
694138055
693853009
693465214
693071732
692939568
692786161
692515919
692352622
692182201
691903203
691779822
691639454
691260090
691161511
690850274
690639646
690342223
690167868
690009203
689637156
689494131
689387538
689141351
689013056
688751086
688480295
688269999
688058284
687961375
687584589
687405997
687321084
687101645
686903590
686752056
686581624
686478585
686162147
685942982
685757813
685630647
685383967
685205737
684955924
684739390
684630707
684421763
684322542
684189473
684157247
683975122
683757280
683540501
683262266
683066487
682907783
682752775
682494140
682345333
682092437
681754110
681495190
681228414
681043453
680804976
680542861
680307845
680133150
679671455
679381044
679166295
678792496
678415858
678201629
678104517
677850502
677680576
677456825
677191619
677042699
676895143
676638840
676397459
676213663
675914732
675642723
675297362
675054267
674894063
674541653
674275832
674050352
673832160
673667548
673515227
673425610
673188798
672837913
672408534
672289072
672146424
671945809
671637875
671370156
671106862
671036841
670902669
670473131
670323285
669961399
669760519
669577121
669434993
669172542
668956373
668811143
668467374
668310259
668203912
668056531
667863847
667801304
667699810
667567743
667428724
667194071
666797535
666788219
666727689
666573863
666525541
666286051
666060749
665694340
665493987
665209247
664969246
664690433
664381033
664180253
664112140
664059127
664012388
663737700
663592622
663469218
663282025
663147279
662914388
662670506
662376954
662079593
661838710
661730817
661575591
661520403
661189978
661125323
660898053
660726037
660667337
660420005
660258033
659981390
659650500
659541279
659354465
659295189
659073615
658720467
658672523
658356287
658164075
658088822
657951539
657769787
657524526
657278035
657071485
656851441
656438056
656429874
656234661
656075019
655734487
655554511
655193444
654910250
654628575
654457156
654252061
654098488
653979912
653641991
653291033
652874115
652583506
652441987
652210042
652121471
651961009
651755203
651531364
651459361
651255955
650959191
650702307
650523594
650362855
650078651
649793724
649445511
649288947
649018358
648891270
648693302
648509197
648232118
648076730
647919705
647625762
647394698
647087220
646957892
646671742
646453325
646207546
646086958
645949682
645870675
645586018
645345327
644910519
644733261
644410617
644123891
643951474
643746891
643359392
643169714
642935450
642881772
642684903
642446665
642239527
642086789
641695771
641527797
641373491
641115109
641029301
640624589
640332657
640168944
639885494
639773098
639550414
639431387
639186570
639159995
638825250
638599089
638311844
638070243
637949673
637798484
637689501
637421431
637412150
637120867
637005715
636826986
636670429
636378895
636219009
636152965
635863426
635645823
635501126
635334222
635141832
634905954
634869459
634580223
634365223
634132706
633782652
633607469
633252752
633003598
632958749
632644779
632416909
632212314
632126014
632054244
631889187
631849054
631632673
631532959
631159822
631088804
630791591
630731254
630506354
630190670
629978291
629798071
629556296
629431112
629317536
629132517
628889400
628785387
628597542
628440504
628228054
628012240
627879755
627652521
627535851
627442037
627264901
627065663
626867167
626509580
626435965
626209807
625979169
625780802
625734630
625660227
625444962
625258552
625213325
625096808
624973577
624706398
624598050
624333558
624025083
623851924
623805486
623599954
623516153
623174319
622975413
622756650
622501601
622259895
621930776
621848195
621691919
621555212
621439311
621106119
620975417
620726338
620393377
620238475
620055658
619830734
619571110
619393320
619243922
619010452
618470356
618321356
617980112
617843151
617784217
617599065
617307157
616966972
616802360
616576132
616193973
616038585
615841282
615630981
615397321
615145879
614929544
614891345
614746180
614420509
614385332
614166160
613977057
613782608
613376825
613319824
613083505
612869065
612546223
612316597
612063575
611707343
611564560
611375172
611302575
611195423
611056240
610894167
610516112
610127008
610036091
609742228
609504921
609351889
609171996
608993724
608497765
608272214
608132802
608002413
607852539
607660670
607367295
607314567
607124611
606939509
606826520
606616368
606349353
606265566
606044888
605819756
605696142
605278296
605186350
605074896
604891644
604688692
604486010
604326662
604148841
604048402
603917588
603776077
603515478
603279564
603139019
602877430
602701307
602430144
602169645
602005498
601675279
601461486
601207386
601009384
600612779
600343000
600131380
600014882
599862863
599617591
599466483
599260161
599025106
598791900
598609618
598344484
598245936
598063998
597818407
597593010
597513953
597216594
597135439
596953579
596828191
596569798
596379985
596250732
596030001
596026853
595928102
595809058
595623059
595304130
595107328
594959762
594703053
594433346
594198904
593954689
593725149
593504455
593166452
592930395
592784363
592579355
592403183
592281038
592039911
591670340
591598430
591425429
591274119
591060588
590985488
590646820
590570105
590481539
590395214
590016415
589792552
589710195
589617844
589269192
589078052
588731350
588624807
588327774
588080020
587833733
587652841
587223676
586937340
586677039
586585360
586375736
586126911
585897149
585702143
585243602
585077346
584884726
584783514
584624778
584406094
584288725
584245682
584242433
584024260
583845346
583419613
583106548
582922816
582702003
582679547
582375470
582230328
581743984
581529509
581288912
581238764
581159053
580960970
580874048
580756095
580362691
580201951
579992654
579812855
579579104
579537894
579404923
579321194
579012538
578804392
578760385
578439809
578168794
577868286
577672137
577477503
577313910
577172364
576890382
576681975
576403441
576225366
576128418
575984138
575742051
575592328
575458873
575264408
574995109
574676359
574421217
574341823
574220015
574037424
573816263
573594832
573512213
573274154
573051066
572883958
572511196
572247243
572083259
572019515
571860581
571562347
571301455
571087343
570944235
570896852
570829248
570555335
570278632
570108525
569931574
569601368
569518985
569277674
569041516
568983289
568678349
568603707
568441143
568412766
568178894
567973351
567783944
567632061
567380910
567040960
566909090
566783171
566523788
566382707
566142849
565876119
565743593
565349432
564978693
564677652
564467870
564388297
564308699
563978971
563739675
563647027
563312439
563039977
562958326
562750537
562661602
562492496
562376617
562213995
561884648
561851232
561818048
561723684
561299626
561116614
560875235
560836828
560648271
560406803
560305921
560210468
560143021
560066157
559858805
559802480
559596828
559343892
559156895
559031830
558866687
558645014
558326903
558100182
557700747
557434315
557244189
557005545
556735079
556634010
556274697
556097788
555994252
555836340
555396540
555313227
555028942
554660187
554476678
554078509
553842153
553599381
553433303
553169474
552966336
552930642
552710248
552501053
552380017
552233749
551968145
551835155
551642414
551406841
551200676
551097695
550984736
550837239
550687606
550270115
550056129
549763889
549659101
549210767
549002249
548998122
548824984
548651162
548275977
548021517
547691078
547510845
547258081
546992543
546572547
546459000
546161200
545984257
545792851
545775178
545689717
545454700
545333941
545170991
544997276
544874308
544760374
544617923
544545467
544326941
544207550
543956504
543821533
543684057
543392109
543098462
542843672
542743434
542674706
542464375
542459582
542286943
542036388
541643533
541461690
541174264
541042729
540748106
540654220
540402875
540353067
539963721
539841423
539772936
539499029
539299418
539140198
538793851
538594462
538441919
538251079
538193831
538088981
537926400
537798967
537553501
537344535
537248713
537035854
536665475
536549157
536340128
536163580
536100729
536006495
535747496
535616985
535346772
535271720
535082591
534724604
534522853
534427084
534270977
534014286
533974679
533827183
533541869
533410834
533280121
533094896
532831496
532532082
532314932
531990535
531674610
531644992
531459111
531248943
530982038
530971461
530893747
530774970
530646690
530621568
530435300
530023647
529836920
529752338
529498649
529211032
529065869
528786989
528706950
528382412
527956174
527891204
527741091
527514382
527393139
527141773
527027393
526947045
526657693
526385714
526132494
525942462
525574603
525459667
525190733
524731247
524601514
524439215
524189765
523901584
523694804
523674888
523475027
523063625
523052989
522889103
522658071
522481586
522132392
521878238
521510203
521426110
521348341
521229939
520941754
520856680
520719245
520692230
520286214
520056663
519844309
519654724
519427577
519379686
519115859
518907677
518726203
518493547
518254120
517857522
517553808
517205470
517093192
516892113
516547764
516520596
516266808
515914613
515578131
515361493
515142404
514849708
514777702
514471883
514118824
514044511
513944092
513735101
513504269
513489621
513263101
513080128
512758947
512660110
512300920
512137551
511956988
511766839
511641711
511388037
511155377
510934024
510763733
510458323
510173796
510059146
509760984
509627713
509453851
509317465
509186902
508882000
508655305
508445963
508242064
508069450
507810633
507669714
507226365
506963908
506814023
506675232
506441370
506038391
505582826
505269294
505150894
504945561
504842949
504658216
504448960
504409190
504300518
504176967
504129526
503905256
503664785
503572516
503329505
503142416
502853310
502621799
502495439
502102457
501719326
501600724
501392705
501284664
501152324
500987171
500764182
500669026
500485767
500081374
499866750
499551168
499266339
499040473
498798324
498691150
498460599
498195633
497812624
497534981
497121354
496676188
496424327
496304487
496033302
495624090
495272920
495036179
494740618
494479597
494393944
494227568
494007475
493828114
493611742
493296052
493236494
492998918
492830999
492580567
492357255
492139525
491981305
491642017
491383357
491227733
491055025
490769018
490534207
490465354
490224893
490144685
489820903
489555805
489429587
489234833
489043770
488901611
488593858
488445436
488250655
487856350
487787247
487363077
487321315
487084413
486937960
486672949
486434092
486234161
486070511
486047204
485758406
485518141
485469565
485137997
484863940
484608446
484366745
484195640
483868470
483761776
483546555
483476113
483369779
483078083
482823027
482631629
482304905
482122915
481747462
481541185
481349975
481331316
481238860
481119743
480788664
480335966
480060678
479966412
479817532
479478705
479098896
478994454
478744033
478703241
478496833
478333023
478239577
477981775
477794165
477757959
477619641
477514797
477200498
477032947
476867236
476734141
476463604
476120193
475895682
475702904
475489032
475372355
475323324
475233299
475206956
475030749
474793747
474601128
474336225
474006175
473645346
473418302
473168746
472990793
472630313
472414562
472345916
472115132
471761836
471462162
471158970
470971551
470903142
470872812
470661684
470355270
469950233
469618269
469412984
469282619
469089701
468982361
468854373
468709971
468429793
468291916
468033825
468025594
467617055
467199185
467027691
466755665
466465450
466242228
466107942
465707203
465670148
465470818
465313520
465199651
465036482
464905448
464777814
464475189
464196417
464065783
463883893
463643677
463564420
463283316
462801332
462762977
462550405
462198225
462102400
461867454
461748982
461583865
461336748
461078169
460896884
460684654
460555483
460310772
460153204
460057910
459973218
459751133
459690469
459500520
459333037
459222123
458994299
458871568
458576537
458316913
457886068
457530873
457340074
457128937
457046808
456728015
456653581
456422505
456223582
455963956
455874719
455614360
455270013
455131515
455117786
454897948
454833972
454530782
454287651
454151373
453980537
453666567
453377815
453222427
453115007
452756303
452661818
452617368
452537132
452301006
452157032
451988192
451738263
451613540
451560695
451348454
451000090
450918161
450710068
450578892
450410432
450327986
449959191
449794577
449567831
449299218
449212483
448876017
448442062
448269783
448174889
448049808
447791587
447469603
447135006
446914253
446824636
446684744
446553180
446290131
445979372
445851495
445558679
445280602
445102578
444738961
444438205
444254197
444109095
443964738
443847729
443549460
443400699
443061514
442748983
442526502
442239726
442180571
441939681
441706595
441514731
441390813
441299488
440933159
440694116
440399417
440069338
439952690
439657091
439472542
439224344
438932480
438780902
438342405
438238384
438004860
437752499
437493206
437001771
436837444
436635690
436570287
436253651
436137384
435847393
435589096
435264192
435062494
434978403
434635998
434471929
434419630
434215394
433943123
433688173
433555133
433179624
432994469
432808436
432434775
432174261
432092222
431818556
431489668
431314570
431163121
431025238
430740357
430415355
430070283
429784943
429666527
429556903
429278940
429176648
429007095
428932100
428768576
428511515
428332785
428127744
427949142
427476052
427378525
427250784
427040224
426821540
426607977
426463411
426384740
426187561
426034937
425945461
425810334
425526809
425192706
425068611
424787527
424767735
424521736
424206019
424003837
423836783
423726861
423532430
423340597
423124896
423013912
422956561
422692668
422391497
422133866
421917843
421533992
421470702
421155525
421009694
420864456
420506775
420491899
420292964
420062165
419832549
419626566
419483118
419113449
418968220
418719713
418505868
418251452
418122750
417786714
417512716
417408490
417324870
417070472
416802416
416701109
416422292
416304224
416146851
415861352
415751974
415602265
415429525
415321935
415165397
414809716
414619403
414435484
414319912
414012495
413865064
413691722
413480745
413257016
413077779
412832134
412651389
412356251
412066654
411786087
411575854
411353446
411244017
411077110
410955045
410735886
410488019
410337063
410325242
409995503
409709033
409524093
409302062
409140642
408773851
408596680
408452163
408123639
407752386
407334579
407019280
406822147
406559664
406377307
406212785
406091940
405897746
405788016
405463719
405139210
404976241
404835822
404614390
404483082
404183365
404043476
403988149
403913771
403645589
403425404
403254237
403182836
402985623
402921775
402555353
402403249
402307182
402135332
401734533
401522977
401348648
401007286
400698805
400429386
400152621
399751391
399702915
399348165
399171447
399135880
398853224
398516761
398326383
398196899
397771994
397596223
397431357
397144487
397054719
396835606
396774153
396441531
396380518
396263101
396129273
396070940
395855636
395708763
395653439
395497426
395184415
395154549
394907120
394706495
394334252
394070828
393992699
393892709
393885716
393456044
393073621
392844727
392541501
392215194
392120700
391977677
391564021
391289185
391119205
390967855
390659293
390393636
390307885
389949343
389659394
389494300
389250422
388958457
388741240
388625168
388328453
388222720
388093766
387777044
387559979
387332025
387158466
386931225
386751062
386349227
386068785
385703050
385439820
385152751
384775143
384496064
384211758
383974589
383676802
383453631
383239441
382944621
382673876
382547017
382370305
382056280
381897958
381699336
381459806
381359614
381149376
381039211
380728755
380661970
380363829
380133090
379975502
379755953
379657241
379499533
379272500
379124857
378934834
378645034
378455890
378336418
378179222
377931596
377697735
377433730
377114255
376900593
376744340
376492657
376221756
376142732
376049606
375937307
375693718
375494939
375255642
375134310
374933454
374593081
374459829
374109082
374039425
373630320
373505678
373236843
373235472
372956210
372638070
372381176
372074835
371930297
371718378
371593961
371468649
371200879
370971056
370829667
370621970
370365742
370105592
370049347
369989944
369817734
369586615
369396338
369225670
368957135
368881555
368736694
368633854
368538232
368364313
368184020
367968575
367707204
367483709
367391792
367137354
367040483
366961688
366785010
366404318
366195553
366181343
366072357
365768921
365379864
365205608
364973986
364801151
364635910
364381299
363993493
363854836
363659273
363627037
363112130
362756223
362372855
362199256
361957162
361834122
361564214
361315876
361001391
360827235
360588512
360444852
360203817
359888062
359704239
359352545
359193666
359072687
358850123
358639593
358404277
358319972
358065711
358024465
357816540
357380336
357235196
357029155
356876397
356722723
356479956
356329838
356007956
355717345
355588619
355347540
355153555
354982577
354916084
354725619
354548945
354367387
354200835
354113412
354039127
353984062
353681453
353397708
353175011
352926098
352582265
352535228
352520199
352219322
352071991
352003916
351719342
351364778
351126935
351066006
350912162
350771208
350449496
350088455
349874638
349737852
349542308
349301643
349134016
348972516
348877416
348719763
348524645
348159585
347894229
347588376
347406848
347169148
347061834
346939459
346634546
346489534
346244835
346104275
346060410
345826023
345393893
345117382
345098734
344833861
344678274
344506750
344215098
344022150
343741208
343699242
343473863
343052428
342891260
342740293
342439677
342196944
341928462
341632670
341291304
340891594
340600969
340197338
340160646
339919888
339660225
339429413
339114016
338942171
338529281
338341901
338137302
337945960
337765089
337375617
337243280
336966641
336923486
336792373
336394090
336040220
335793825
335735370
335470351
335404535
335191859
335142233
334987217
334841807
334628539
334511433
334368850
334133843
333928746
333687505
333503338
333347259
333195679
332905944
332616617
332352457
332200441
331925326
331772402
331453938
331312839
331200748
330894928
330674999
330498147
330240683
330035188
329815108
329519483
329358694
329110991
328842609
328554076
328296224
328200447
327979002
327954247
327709763
327547581
327518089
327330326
327054204
326878218
326784774
326461225
326324961
325872341
325676113
325442648
325254548
325148179
324756680
324588939
324291591
324290635
324022606
323853684
323390900
323276836
323129799
322794889
322641278
322498859
322192373
322049300
321752400
321457253
321206600
321080299
320943416
320692772
320466116
320091440
320008023
319978567
319668760
319544526
319125720
318916779
318694193
318557421
318295421
318050029
317714354
317671129
317534112
317321832
317230474
316935881
316883261
316748876
316329522
316133240
315906597
315752751
315544841
315237458
315043706
314858863
314762318
314510481
314164144
314108118
313835348
313515638
313276481
313032942
312541828
312257679
312081724
311875688
311628110
311418213
311178603
310802060
310602086
310469733
310316136
310085759
309941641
309742017
309606553
309419176
309105910
308829170
308466527
308257593
308031932
307663743
307271055
306995207
306647984
306439117
306330408
306112670
305750573
305544943
305436191
305078471
304808012
304665364
304392268
304316344
304029184
303883236
303690518
303483955
303322766
303081491
302931576
302745696
302516489
302071376
302047548
301828399
301641098
301351101
301083525
300833480
300699727
300513384
300441974
300227391
299994997
299730947
299614557
299309593
299131615
298913308
298775695
298745940
298479866
298242720
298188901
298008745
297786880
297556596
297341539
297140170
296995420
296807773
296687948
296599133
296378254
296199605
296054691
296014794
295634603
295533385
295327524
295222081
294859332
294818101
294739395
294593635
294386645
294192762
294139719
293886685
293623871
293405575
293181619
292991231
292936183
292470547
292439569
292380293
292337365
292047807
291803760
291444735
291239224
291119551
290697248
290421132
290348561
289996533
289853024
289687029
289461579
289427275
289071381
288979808
288882646
288650469
288576977
288442140
288261708
288245472
287994173
287721744
287564944
287268422
287019443
286873105
286685817
286505517
286307600
286236749
285860708
285644556
285487621
285229179
284943274
284552015
284366134
284243030
284090442
283776308
283574789
283362263
283260071
283078864
282963456
282559989
282410454
282084545
281774979
281458665
281177256
280971945
280950485
280775273
280615530
280468033
280164403
279993403
279756896
279650383
279534799
279491515
279189399
278776747
278708145
278491899
278391702
278063355
277891937
277820504
277714515
277467661
277323203
277014781
276914727
276717027
276704660
276526641
276103701
275909787
275733354
275626687
275505049
275380487
275178419
274920259
274677616
274382994
274218652
274014683
273894740
273629616
273515897
273408894
273175861
272973958
272957313
272636220
272534185
272342347
272153391
272110647
271935268
271752261
271470669
271264894
271176798
271011515
270916829
270615789
270410384
270273667
269925377
269894696
269814433
269602960
269458113
269353577
269208786
269032553
268863545
268636324
268388111
268147678
268037923
267683112
267514074
267359987
267193735
267160141
266902700
266778671
266564598
266385699
266113704
265995752
265781957
265679557
265359467
265200724
265000757
264636423
264584969
264352161
264114262
263987059
263736725
263417939
263264750
263083551
262841778
262638562
262533219
262347077
262099951
261948808
261877234
261622802
261331008
261078095
260868479
260760350
260504145
260262752
260089817
259815771
259581892
259405318
259250080
258961180
258714562
258525785
258517599
258231001
258086261
257682368
257565261
257443078
256996066
256814577
256537853
256251891
256096642
256051609
255648989
255643382
255546110
255161674
254940871
254770277
254514445
254492661
254051559
253946127
253782311
253697553
253519022
253422545
253231027
252888424
252661200
252323966
252164628
251761562
251490130
251321519
251251651
251193482
250980388
250796033
250691902
250461754
250343834
250213218
250062237
249899468
249655330
249318017
248876774
248830302
248646304
248493882
248434868
248379164
248127716
247754878
247531555
247263336
247084320
246989541
246603317
246477457
246274493
246095009
246093763
245592347
245377033
245329942
245275961
245022647
244807888
244603723
244516627
244180488
243967093
243863690
243655952
243348130
243091434
242914641
242719597
242711321
242408816
242237619
241942464
241941604
241889179
241879912
241726242
241436108
241205085
241104720
240760606
240613045
240415616
240299411
240227840
240044716
239849475
239634831
239135840
239000265
238956320
238786070
238517722
238160183
238030530
237751104
237592601
237257243
237211498
237138524
236756919
236572665
236439314
236300979
235919360
235819821
235666884
235526015
235263075
235035230
234750730
234669263
234617870
234430058
234143386
233855816
233743014
233286033
233119541
232980333
232697096
232369585
232056475
231768335
231617159
231373372
230952098
230828381
230631119
230279531
230035458
229867006
229697137
229597959
229306864
229027974
228761913
228489896
228427555
228290558
228023199
227688866
227494415
227261575
226966260
226628440
226401271
226052503
225854631
225748163
225614869
225582358
225416167
225190403
224824333
224642813
224289883
224246873
224017820
223859275
223728362
223473504
223257159
223115396
222873819
222540778
222373064
222036953
221884547
221637184
221425122
221412118
221246997
220959189
220738768
220414756
220269037
219882095
219604686
219321959
219210555
219054263
218807958
218643772
218352975
218077448
217939867
217683275
217590130
217447808
217325604
217188405
216784630
216612215
216346251
216134092
216006243
215805139
215586967
215586312
215484966
215316635
215053184
214657328
214441577
214325382
214101982
214010977
213998952
213854450
213718901
213476684
213147536
212952684
212653727
212522441
212331112
212309601
212141753
211991351
211722242
211596173
211300487
211209402
211110277
210952613
210679008
210455613
210259085
210084038
209883304
209574738
209495545
209477499
209212446
209044808
208918494
208609436
208556548
208356873
208241945
207883145
207683583
207488061
207355599
207316876
207289006
207076526
206940049
206786225
206519886
206278163
206104235
205900680
205650806
205428220
205150646
205126973
204866224
204709124
204437083
204232415
204141379
203785731
203370795
203326004
203297190
202943902
202698798
202544070
202259477
202161976
201674722
201443353
201130203
200835893
200583703
200095059
199782221
199527804
199480932
199270768
199030029
198685445
198191219
197997420
197692861
197489121
197463471
197177007
196956389
196775260
196449495
196202720
195913755
195722708
195337260
195272256
195119178
194901128
194895966
194694269
194491823
194281748
194139202
193842058
193547435
193269092
193124072
192946845
192763443
192705319
192629998
192479338
192355379
192316643
192138419
191838492
191828771
191510019
191356488
191180885
191020833
190857977
190644757
190501166
190253510
190099766
189863595
189626499
189361740
189235891
189065671
188939514
188644412
188357678
188064621
187768791
187591851
187276651
187110128
186895272
186840126
186582680
186339406
186087898
185645721
185335217
185141123
184878511
184740519
184397371
184251356
184158499
183892046
183699071
183541040
183441499
183253858
182897471
182698969
182658159
182600931
182406906
182164883
182100499
182074328
181874429
181600524
181506557
181366545
181365186
181058240
180680939
180237236
180000805
179789705
179763667
179689984
179509294
179225784
179052231
178841140
178512493
178231835
177892905
177573269
177228213
177025964
176592807
176496090
176144714
176096618
175887123
175746249
175393327
175232362
175039425
174685962
174615759
174421138
174149998
173832243
173604298
173496250
173207705
173190610
172722716
172595920
172429307
172400988
172145026
172103151
172044912
171770321
171560771
171500419
171344941
171165282
170851381
170668998
170397457
170264101
170048800
169993211
169692359
169322170
169112545
168893177
168715057
168557220
168099119
167861824
167528644
167368527
167285304
167136875
167004337
166696999
166440389
166259845
166140271
165901749
165814893
165595704
165124007
165005149
164712291
164516670
164431373
164077258
163724495
163641530
163537985
163132021
162920408
162748770
162633881
162597312
162406905
162215564
162100339
161813999
161638464
161387908
161249817
161187031
161099711
160897411
160638961
160416752
160284249
159928015
159849578
159610407
159494959
159225570
159198893
159064480
159001659
158808205
158477641
158354048
158321107
158015819
157792684
157610659
157250902
157162044
157057141
156717378
156359913
156126174
156009987
155769265
155587875
155345289
155032412
154670114
154393200
154204059
154067850
153872062
153568604
153245832
153198154
153033401
152981012
152765735
152418571
152123867
152025987
151695600
151309405
151218116
151037855
150821123
150641728
150385429
150189021
149968342
149723060
149571064
149472062
149277578
149104189
148906508
148423680
148132010
147977380
147835242
147618406
147591133
147152440
147052285
146752323
146650351
146404084
146312112
146121412
145963457
145627756
145543460
145456337
145420165
145252518
145077998
144844813
144835536
144634896
144376680
144180468
143989690
143793952
143684388
143362101
143042685
142850884
142701251
142546596
142520216
142271772
142043804
141899532
141676298
141477641
141120469
140934030
140677481
140478072
140323319
140106824
139947461
139755341
139509538
139326494
139088675
138943247
138787936
138657401
138512034
138435171
138341509
138192759
138009528
137850106
137533792
137276910
136948240
136602899
136373943
136004738
135760658
135598153
135333951
135281114
135036296
134950771
134601473
134442391
134299137
134106591
133784852
133457127
133345633
133181701
133073290
132774198
132530602
132459698
132285301
132051462
131785661
131646282
131391847
131367056
131162966
131101659
130926428
130746114
130349100
130137384
130031522
129790063
129502248
129180522
128974328
128699094
128640951
128419834
128222738
128017969
127851800
127717218
127631513
127450983
127260771
127113776
126890034
126722373
126491084
126157094
126021295
125865788
125586462
125387058
125267983
125151139
124879402
124696286
124354768
124245839
124222256
123963241
123729475
123392757
123301095
123020455
122775791
122596208
122408164
122112907
121758029
121329719
121248298
120977335
120737404
120515627
120232218
120086030
119915944
119629742
119435666
119220688
118879654
118837972
118590067
118511424
118260412
118127989
118044046
118007686
117622393
117320262
117089328
116780171
116609853
116470718
116363101
115876264
115576460
115429347
115013283
114973488
114634482
114388934
114127902
113941829
113705335
113463483
113330221
113050875
112788370
112655655
112318608
111973536
111812328
111615107
111213635
111007418
110891727
110741872
110412208
110326155
110180452
110065858
109988414
109712884
109399419
109192281
109051603
108706460
108510367
108446114
108239713
108083674
108044468
107770094
107574024
107427759
107194523
107073463
106855935
106614080
106331779
106174649
106122968
105816611
105662219
105550608
105253249
104894369
104674647
104246939
104012643
103728902
103439688
103138113
102878260
102681597
102415472
102200034
102033907
101849833
101579737
101323066
101107410
100896175
100769455
100695507
100566891
100356204
100093463
99863231
99523484
99341619
99284443
99089304
98787699
98649106
98532971
98314539
98040982
97740339
97638371
97282769
97136707
96879174
96877463
96692825
96442615
96339057
96100501
95975302
95717683
95521255
95288704
94913728
94660189
94482077
94152313
93999079
93736275
93601700
93414288
93170108
93065952
92935450
92751440
92668688
92372306
92030347
91736495
91472112
91268478
90982895
90729077
90611916
90374782
89964578
89615912
89474971
89466057
89202596
88987722
88857649
88725355
88493384
88307744
88157546
87911589
87665591
87306457
87110491
86909090
86755509
86520541
86507037
86445217
86201262
86015755
85789027
85634109
85306219
85242887
84920003
84662016
84426380
84238439
84171065
83909420
83580564
83221771
82813101
82543140
82291431
82010938
81904565
81710599
81485094
81307499
81114724
80851140
80557959
80242234
80029920
79831051
79672505
79441745
79247948
79039710
78806857
78704405
78589306
78347988
78111189
78058490
77812076
77804147
77563281
77427974
77413961
77405040
77387545
77178079
77133408
76986869
76882276
76688014
76433391
76127772
75953822
75833619
75599754
75417444
75169414
74980957
74809497
74794633
74492944
74311579
73951353
73776350
73546449
73332194
73190423
72867929
72674499
72333022
72143189
71854412
71821773
71609185
71499667
71067414
70964241
70733574
70581158
70497476
70330673
70130568
69829481
69722225
69397699
69067646
68945198
68644496
68459611
68349690
68249241
68241224
67892683
67757409
67513090
67242596
67055590
66868971
66796830
66562535
66418933
66137287
65706190
65485203
65290716
65092061
64737984
64516896
64314677
64148743
63948417
63585324
63200226
62968011
62687498
62581762
62564711
62462856
62234154
62151143
61953733
61890594
61605259
61532333
61447734
61344628
60938344
60603300
60537943
60495313
60214391
59911783
59736648
59725793
59512021
59267446
59080933
58932332
58711498
58593580
58335536
58071759
57842657
57720529
57557803
57299514
57130053
56970766
56752263
56595163
56439362
56279682
56060836
55786227
55524499
55304130
54970113
54969968
54699492
54467643
54231854
53987191
53711619
53471243
53225741
53095130
52650529
52269760
51913236
51775619
51506292
51190602
50894312
50456105
50241730
50125943
50005056
49676555
49654032
49426393
49403249
49292905
49124607
48800268
48642342
48307411
48165050
47928372
47748663
47543667
47368675
47162655
46847097
46660419
46348361
46342693
46026349
45951284
45679393
45617459
45394997
45044643
44735022
44567730
44458710
44160323
43890885
43848751
43551770
43433858
43179714
42866555
42643620
42415556
42265018
42009619
41585484
41501841
41348088
41245005
41020764
40836575
40762172
40341505
40006872
39695655
39590948
39374941
39359124
39113116
38885804
38653378
38429439
38171519
37929848
37722483
37576583
37494507
37260628
36984196
36813976
36563151
36233002
36093785
35925374
35697617
35427061
35162125
34975147
34858801
34800629
34616897
34377855
34220274
33960297
33675409
33460770
33213975
32918420
32594836
32501560
32274940
32101640
31782970
31571854
31503687
31280601
31200387
30944182
30705699
30583349
30309045
30257433
29757104
29601468
29484977
29346085
29157183
28846036
28688469
28406377
28222282
28199249
28008938
27837533
27739735
27383258
27237059
27144327
26813099
26607783
26255388
25891493
25585113
25318626
25145468
25113986
25014968
24816167
24543774
24387002
24106251
24001934
23865045
23676227
23627904
23519990
23244272
23060067
22748667
22596378
22449737
22189565
22054810
21962064
21730116
21452398
21405432
21388603
21268757
20910844
20565430
20276221
20068072
19859827
19618174
19373802
19093984
18754472
18578115
18461688
18234943
17980169
17659274
17585497
17352439
16945972
16682336
16443109
16189946
16123888
15876718
15588424
15415668
15238245
14880703
14775302
14399276
14331714
14134314
13976844
13736070
13624388
13243389
13062706
12776462
12394173
12273887
11964515
11720865
11491323
11412470
11121946
10945021
10627214
10331899
10166502
9936843
9792287
9508011
9393550
9068970
8659611
8558557
8283070
8162677
7952169
7818428
7614302
7353237
7085393
6732019
6444517
6219661
6045866
5642656
5528223
5191262
5069444
5014025
4797505
4664381
4345254
4189013
4161641
3988239
3910592
3723397
3473178
3301644
3097130
2921021
2721970
2695995
2477420
2348160
2056435
1929970
1578895
1330746
1226941
1178400
1062015
1044527
961653
765667
651169
446653
381511
243905
