1015553524
1012365317
1009235106
1008314465
1007174978
1005181832
1003918594
1001335569
1000394103
997464608
995653252
992740360
990553512
989324271
985027989
980828719
979512892
975930698
975121284
973167108
971805903
970664156
969358075
966502797
964589374
962689845
959000439
956813513
953718013
951318297
948068595
944930071
942937345
940355965
938032346
935874508
933958440
933091968
931339682
929874758
927984093
926376593
925781318
924506065
923062269
921895689
920285651
918591349
916437895
912244908
910747151
909693690
907341741
905294175
902233493
900944740
899808451
897573515
895805331
891967468
890422328
889175962
887605241
886728488
884624727
883244976
880644543
877658279
874146036
871344442
868513320
866203962
863513851
862486936
860746373
859899681
857394152
853273684
849804323
846886974
843137404
842035258
838505998
833464893
832896432
832158036
831085351
828713350
827523660
824668541
821902779
819265343
816212444
813996298
812914293
811525485
809172837
805754837
804620210
804321264
802510193
800616899
799177114
796680341
795289506
792279659
791724418
790008421
789569816
788113823
785749672
784367875
782886391
779637125
778404140
777506740
776154592
773775291
772638384
772098124
769116269
766232029
763852066
760874004
758760831
754465904
751896162
747779204
744821573
743148544
741231730
739415263
737843840
736133356
734717418
733783491
731702043
727548707
725575944
722771475
721601364
719163420
717645194
717099623
715594787
713012235
711819536
708079149
705160087
704504648
702263538
699952982
698306044
696738982
696039432
693504441
691631321
689144490
685348581
683800836
681980728
680912003
679296379
677800459
674925615
670675553
668805789
668390868
665551050
663737367
662622995
660544938
657841405
656619242
655116963
652049587
649259950
647147206
645046560
644246344
641753828
638228256
637829259
635038688
632914800
631156440
629093410
627807637
626762399
624479286
623519646
620977878
620151444
618643608
617362860
614658144
610407334
609193216
608825793
606159932
605946435
604950820
602488371
601204305
599990524
597219821
593790531
590992582
590048738
589797865
589149023
586841687
584390112
582812885
580929954
579608899
577610801
574452675
571808466
568949701
566427260
563651045
562794163
560662891
559358332
556231131
554925731
551987761
551668145
550092716
548625188
546727674
544890942
543172821
541652318
539313975
537290349
535355083
531097371
530682165
528915514
525246923
522178841
521085723
518956450
516057229
514419750
511584946
508800191
507793526
504845195
502792333
500802966
497919457
495709529
494078585
491555639
489630263
487661277
484968290
482805698
481726477
480857940
478614890
478017411
476427999
473635253
472157980
469800527
466731005
464974984
463131859
460160128
457888981
455699549
453683200
451226068
447063586
444802376
442478496
441624312
440119912
437793132
435204505
433294699
429986228
429573649
429190439
426977939
424274319
422644552
420371221
419370250
418705183
415506113
413936557
413115293
410848823
407078329
404407216
402299719
400517106
397112369
394758068
391397116
389203290
387792324
385650496
383260016
380486859
377100730
372819697
371853402
368449912
365930780
365417505
364536547
363617256
362809627
361476120
359478531
354837974
353351696
351670554
350660623
347431108
343810600
338959471
337439949
335453682
334142136
333145888
332608835
327658903
326688944
320827728
317238998
315521945
314491690
313137585
309620341
306758456
303985737
302955835
300530545
298067621
295545643
293007088
291468883
290199298
288062262
285136984
282897829
280951394
279630094
278505125
277555205
273714557
270600863
269105476
266892212
264229877
262364372
261526402
258208956
255383827
254442935
252080592
249677296
248076743
247640365
245060650
243246236
240331804
237331423
234364767
233535633
231949784
230029560
227071614
224446212
221821890
220305342
217799117
216452040
214661276
213159414
213022277
211099593
210827125
208261231
206774806
206218123
205330803
203543215
200557622
199158238
198602211
195994748
193761271
190774115
190224932
188672359
185307455
183693297
180693811
177010724
174746968
172715737
171644237
169511602
167434095
162857347
160752881
158787800
156791659
152974165
152094983
149719196
147413069
145015080
142919135
139377198
138005400
136874333
133774788
131405287
129913009
126580696
124849488
123475614
120950782
120289860
118046128
115562615
113604387
111592418
109436660
109045042
106547074
105395092
103772806
102952432
100657545
98805276
97276275
95923267
93783039
90807647
88388146
87223869
86384514
84406935
82282613
79337593
76326139
75769443
73361889
71735386
70345411
68905413
66564944
64932574
64169712
62672987
59456276
58413092
56798671
55061585
51871771
49889821
49379014
47963514
46216228
44611601
41375013
40005260
39406535
39115666
38025282
36366478
35022300
32625893
29804511
29640783
28122948
25742266
23523943
21792142
17946995
16097398
15234204
14213030
11861566
10895751
9467086
6618393
5482315
3877861
2923438
