2137887679
2121554089
2094893181
2087440065
2085438394
2083939063
2083205413
2079541098
2074943897
2062669162
2060758634
2058390391
2056703413
2055769050
2053918300
2052144851
2049045819
2046825118
2037754842
2036778076
2028054396
2027945589
2027009175
2023939605
2023319532
2022242714
2018586209
2016716090
2006207836
2006158017
2001575580
1997117629
1994331000
1989945891
1981427117
1976563266
1973788015
1971951207
1971309779
1966225087
1961095115
1959610325
1953212467
1950546000
1946198188
1939915524
1937015857
1935377075
1929193923
1916406507
1915862708
1910219005
1909095620
1908427829
1907233915
1905669244
1904679282
1901704240
1900509879
1894946881
1889555977
1887471991
1885373921
1869957576
1867000022
1863978480
1857713838
1854384099
1852233823
1848993379
1846378442
1846151475
1845627896
1828409007
1823560363
1821392765
1820600558
1818898693
1810756557
1802591046
1802372323
1799641168
1799023096
1797652519
1795331366
1794512225
1791970257
1787241334
1781717329
1779863850
1778019010
1777535591
1768562767
1766815870
1759847221
1757095235
1756858428
1746090329
1742986599
1740089407
1737984706
1732976860
1731910994
1731143387
1729176883
1727810971
1726918720
1721393999
1714278522
1712916364
1710998632
1696227719
1696189736
1695747299
1694091667
1691004580
1682764266
1678856263
1670808142
1663105438
1656009359
1651317317
1650660136
1639339021
1635086553
1633248104
1631316411
1630993434
1628966014
1624060627
1622671762
1615826640
1612883811
1610877559
1610251352
1604923361
1604881868
1594350216
1579314255
1575890193
1575365989
1560122080
1552770810
1546683514
1546227336
1541850041
1540927286
1539534150
1538915166
1532779424
1532665037
1529444720
1519632506
1512129342
1506751924
1506247437
1505784605
1500935353
1492025978
1487897481
1484426745
1477789724
1477455490
1474424904
1472264414
1471392750
1468704291
1464965766
1462417056
1457434723
1457297678
1455787815
1447707381
1443451133
1431804923
1424204216
1423864254
1421466982
1414767899
1408253713
1407162316
1406871798
1399002885
1391365124
1381066036
1377905173
1374820943
1371366945
1369202286
1358530803
1354247662
1352419300
1348861591
1342488065
1335126673
1327190436
1325025970
1321147680
1310107015
1307709533
1304134586
1300754015
1290199371
1287874419
1281036392
1279707577
1279211160
1278612822
1278494182
1277649369
1273858164
1270042061
1259890557
1248722538
1247963527
1237086485
1231201229
1228907931
1227475471
1221948334
1221407651
1220847406
1219278937
1218731298
1217876127
1213246092
1207071378
1205937283
1204152955
1199812692
1197983177
1196606204
1188174120
1187686964
1184753872
1183690564
1176915954
1167698775
1157657076
1154162009
1153182630
1150071791
1146332693
1144863738
1137858492
1137630375
1137351071
1132366571
1131812870
1127438649
1119171787
1113161908
1108748617
1103483095
1103395620
1101225749
1095804175
1086595103
1084559689
1074229964
1071455084
1071354645
1069180631
1067946370
1064015233
1044234428
1038641648
1034820273
1032992261
1028765833
1027769629
1024226712
1017374380
1015602694
1012776037
1003975887
1000658188
998429310
998177782
997362102
994062922
971575520
971156094
960631546
948699934
945512927
942933147
919264010
906080643
904559278
903329494
900890965
894193627
893655212
891986954
890423834
887856132
884068735
883999859
878150375
877268490
874685961
871903080
860826096
855682641
851144614
850753657
840717725
840494804
835113889
827190943
823650194
822221667
814354231
808642106
792142323
787318955
786873934
786520002
782457400
766512207
762399202
757579795
754612112
754583134
750784681
748794234
738717624
729677720
721630761
718797833
718045913
711785452
711068741
694613403
693997149
686310698
682696833
679753573
670268204
669011906
666719228
664256053
662697830
661020699
657419996
654748351
649931855
646649179
640323488
640240103
639323688
633499563
632643735
627796238
625248653
624240165
619869387
609742180
609109940
606245377
598763389
587882139
587651522
578150184
563929003
563464710
561640338
561214837
558142701
555664216
555056545
554657352
550962544
544893887
542323284
541680697
541171328
540002837
538744978
534544639
533518715
528440942
515609418
511444545
508719612
503011053
501786515
498713146
489381307
489147674
479840726
479837025
469667049
458427896
455033271
451383686
448363593
444488295
437452497
433844196
432832841
425050161
420029266
418949084
418890367
416921750
405410801
397643677
396552961
394240449
381342529
378516992
366231927
361588483
360827457
358447757
358375898
339104855
337781965
337623293
333701185
332773375
324151396
316580901
314605754
303440564
288781513
285138247
279414424
269323734
268965841
266041851
265069111
261106773
259923073
259527584
255194091
240807627
238338444
232329893
232014017
226795005
226203455
225037243
220797873
216563822
214487942
208867499
204928232
198417274
196664476
192702710
191436381
190760626
187857171
187552161
178314407
168205394
164854562
163624536
151499413
151458076
146472909
139200297
137981219
136486406
131118632
125295840
122967514
117849489
110790613
104279244
99982993
97302960
93978316
88526287
79727773
78782053
75167253
73581414
73210533
71779387
68283380
62487065
61448613
60076144
59740537
55952182
55445138
53018669
52958155
51902923
32389807
21878519
18771272
15788991
13377883
7837449
1959565
