2138146144
2050430684
2024378188
1936201327
1877150910
1844062017
1841357458
1836151929
1833821032
1497759589
1483134297
1437856654
1427349908
1414580164
1395880473
1320480160
1294821267
1177780279
1140265621
1075227154
992606606
988194626
983979081
973748789
942125537
906550077
893825293
877253344
850081613
833236893
828169818
790980958
646421385
641527629
569222852
559274339
459783883
455927124
327084877
310726332
307920178
246801430
238660655
225970552
212782085
208308319
86502536
76720188
47876214
19574373
