1033202450
1031902170
1028886952
1027326366
1024214671
1022510239
1021296600
1019125085
1016598385
1014878814
1011362235
1008890007
1006564698
1003582784
1001274813
998229110
996169477
995203040
994217963
991177620
990660754
988713466
985801928
985119575
982907331
980419666
978671045
976744533
973944286
971780381
970909774
966805249
964346976
961489798
958357355
956264004
954353433
952491649
950879340
949387131
945693822
943605651
942543781
940831218
938485786
934898266
932892671
932107171
931755852
930814261
929612261
925681651
924595348
921090199
919286994
917950124
915661107
913414311
912530368
909748660
909413585
907322907
904812804
903946717
901450004
899260471
895746714
894592717
891335559
890117656
887779438
884650773
882789946
879337016
877013697
875934529
873931151
873111959
870736993
869321424
866018211
863799105
862074412
861666197
857850966
856711998
854362079
853821404
851776811
848508451
845168488
842179088
839063542
837102654
836196204
834750099
833543095
831255812
829870296
828285057
826460008
823698725
822351199
820338528
818178194
817605150
816304200
814609878
811374897
809542353
808746036
804802069
799817923
797010373
795888462
793552681
790637965
786871268
785178824
782074897
780724679
777453507
774924303
772925808
771633945
769911753
766844318
763107600
759964316
756404024
755537950
754402087
752417538
749615046
747937071
745270116
743281810
740580714
737123682
733500698
732474804
729314817
727141028
726242005
724905727
723647070
722322559
719372846
716720959
715151031
713762322
712624396
710338178
708337956
704616449
703288826
702693597
701671995
700579288
698615900
696353112
691592217
688320807
686464786
684700075
683172750
681195681
679513927
676776896
675406758
673248696
669663791
666410231
664563246
663666550
660419281
660239403
658492868
657495456
655471131
652818043
650226072
649082223
647416818
644690901
643124622
640404361
639023031
638610831
636034145
635057852
632834874
631104271
628945008
626826011
623294610
622024595
618085051
616359819
614459921
611729252
609954693
608079416
606729070
604639403
604392466
602359042
599132550
596138432
591722937
590340259
586088480
584155623
584034061
583109536
579849001
576959866
575645710
573740218
572695569
570169637
568523386
566810490
565469825
562762179
561120510
557865421
555986449
555483622
552185651
551992015
548545542
547752726
545713668
544962399
542829377
541913859
539002498
538821231
534991762
533216971
531424416
529981874
526409379
523986993
523451734
520848977
518382837
515496272
512154958
509398233
507967827
506568353
504197914
502527606
500483754
498709767
496692171
492525239
488016888
486774734
485450797
483288079
480820887
480369791
479094071
475788346
472678764
470341661
469106444
468258645
467714135
467436535
465047362
463927500
461714706
461334846
459617813
457173357
456053538
453547806
450518744
447232001
446069125
443833598
442068475
439782521
436184898
433803248
431709633
431641718
429458246
427227759
426264285
422505896
420929934
418300665
414001337
410341864
409049391
408100128
405081564
403491649
401070528
399356912
397523109
394902897
394205353
393057805
390775769
388549761
383757056
380882962
378349772
377677597
375869940
374058860
371587076
367532385
365665331
362970644
360672266
359329011
357445549
354197834
351523184
348510368
347237560
345135476
344103468
341544800
339517638
338329477
337758437
335353321
332190327
329952548
328244057
327559103
326122449
323473125
321327330
320126418
319028487
317466986
314958625
313814124
312991098
310159545
307535721
306135948
304854624
302235487
299535314
298018653
295386760
293587362
293079360
290136280
289465734
286431472
283729676
280427330
276480351
274104721
271728863
267471997
265396578
263699967
261632665
260727811
259315620
257698622
254729841
251886906
251278625
250604261
247947058
246822140
244419097
241804704
238799017
237311910
236563634
233530981
229604761
227897885
227632918
227127723
224749077
223675085
222674460
218538264
214643760
213177886
212315965
211155695
209119279
206981058
204812733
202710733
199288856
197621168
196381932
194405083
192981978
191853909
189258051
187171604
184216171
182419128
180594166
179392223
177772695
175573992
173147915
170751620
168213398
167209536
165216317
163545904
161849621
159010833
157977504
156691280
155667172
154609897
154443695
152920678
150711388
149766545
148378100
144671862
141993714
140138408
137593389
137028663
135259231
132268837
129152373
128698370
127803236
125646990
123727697
120986186
117928616
115526143
114662767
112456547
112114535
109882816
106648873
104615258
103429619
101143194
100973828
98779546
95542716
94844203
91902689
89675957
87267745
85527481
82880349
81431621
80555540
79371037
77116884
74859375
72484572
70091183
69171399
66827986
63872785
62049295
58980832
55480881
51761275
49466857
46535544
43210233
40411268
38893215
37242173
36669447
32913567
29197852
27403531
24577883
23146272
19987993
17601944
16325633
14100528
12756633
11180461
8054742
6284063
5213402
4348918
