1028552572
1028361591
1028077602
1027817371
1027548217
1027328176
1027078695
1026739060
1026475146
1026175063
1026015674
1025794135
1025543873
1025236860
1025106905
1024910574
1024704025
1024513801
1024199026
1024161738
1023880043
1023683610
1023593194
1023427344
1023135489
1022948547
1022761525
1022750737
1022523921
1022162097
1021809967
1021639066
1021422529
1021087582
1020870515
1020777336
1020618779
1020429490
1020177525
1019930430
1019805000
1019774206
1019606137
1019533821
1019222383
1019014689
1018770946
1018538249
1018385208
1018161712
1017954254
1017598344
1017192867
1016883323
1016664737
1016527134
1016099824
1016097396
1015845639
1015740762
1015554179
1015400609
1015192434
1015008862
1014738730
1014410912
1014207565
1014055270
1013830177
1013631728
1013434129
1013321342
1013259898
1013045653
1012931470
1012632753
1012508406
1012287773
1012159443
1011988152
1011767964
1011455628
1011174314
1010933474
1010783393
1010487914
1010371230
1010178345
1009743117
1009405047
1008977417
1008845446
1008508205
1008146411
1007937278
1007757213
1007569282
1007539008
1007402396
1007042199
1006793425
1006644112
1006362845
1006073778
1005825221
1005605799
1005409953
1005070745
1004814398
1004698891
1004468052
1004268707
1004033465
1003984070
1003738287
1003595502
1003419069
1003142783
1003060355
1002959567
1002779554
1002597294
1002378763
1002312865
1002169262
1002030345
1001778374
1001602931
1001489157
1001155964
1001113646
1000780734
1000350804
1000045242
999874195
999621868
999399141
999235532
999049196
998815931
998620033
998533844
998322710
998271661
998156694
997984184
997750555
997453828
997366274
997247225
997146369
997117947
997060172
996861414
996801309
996649736
996414934
996243902
996047499
995903584
995773163
995655183
995462554
995460946
995178292
994886742
994565845
994366961
993966948
993848384
993727982
993637362
993458595
993320143
993257836
993071812
992752514
992596523
992178910
992096808
991917528
991785897
991513583
991236202
991188796
990745377
990353561
990144713
989963825
989657070
989554812
989531107
989277386
989090376
988786097
988468008
988288848
988056235
987743537
987736423
987575239
987351442
987127163
986863145
986824829
986754151
986586770
986437958
986207738
985914529
985715576
985540255
985238767
985108109
984935288
984811329
984674797
984470074
984214616
984056226
983863795
983729560
983635708
983359327
983087109
982769272
982585028
982479513
982303165
982052137
981843454
981465449
981308939
981165183
980944612
980910579
980794825
980571043
980225256
980151668
979965821
979715964
979469948
979217759
978776907
978604274
978511742
978257037
978213607
978070062
977976023
977796386
977398257
976948265
976594644
976496526
976305552
976108612
975775437
975752565
975625058
975507775
975013266
974912237
974749443
974490442
974177826
973936305
973771374
973574935
973373490
973068255
972823343
972469878
972305974
972264498
972202628
972101831
972066502
971905581
971753011
971530334
971315411
971081074
970922708
970880043
970604744
970447600
970340801
970001129
969755504
969673561
969399240
969162857
968916041
968693661
968441945
968097659
968071910
967920811
967691260
967563263
967195284
966826141
966639296
966467812
966213571
966067185
965949931
965761990
965507336
965234582
965175183
965036922
964931124
964750510
964510326
964164642
964093773
963876274
963800385
963554351
963274846
963079795
962961302
962784572
962707502
962370769
962220808
961750214
961568896
961278129
961180389
961078772
960805842
960637854
960593472
960365304
960144735
960100070
959896881
959840851
959713885
959460428
959354827
959181514
958991928
958775864
958561744
958264102
958087148
957865303
957658883
957469262
957394191
957274412
957125320
956869191
956636964
956497028
956393066
956286215
956090728
955709026
955681392
955385196
955033226
954757334
954501227
954193920
953933717
953834112
953519334
953315016
953090193
952617528
952543771
952538677
952410629
952186074
952146436
951778000
951386952
951122444
950797804
950559837
950313512
950078476
949908493
949744889
949531008
949424380
949403606
949136078
948749519
948565344
948471018
948201458
947996805
947718729
947488224
947424906
947076691
946870016
946473586
946302350
946260836
946015917
945909992
945672777
945672551
945412287
945377203
945157820
944937192
944869973
944618023
944497337
944487070
944178136
943738695
943464789
943343292
943325857
943082270
942872562
942573402
942224067
942061177
941882346
941801735
941576420
941246079
941172368
940807918
940700656
940609225
940466768
940410307
940246731
940039952
939801007
939674898
939538364
939229794
939110535
939026591
938948771
938874869
938872423
938662403
938632291
938441404
938276422
937971747
937738276
937558586
937372924
937256091
937153507
936951024
936921334
936817649
936640056
936458061
936204016
935914337
935670613
935416922
935380644
934993209
934804013
934781485
934587246
934276733
933959555
933649834
933495182
933279153
933202406
932928127
932640343
932568972
932363151
932023326
931682753
931509304
931193233
931040212
930918382
930685513
930547835
930359321
930135854
929941086
929684659
929475016
929403952
929172273
928955093
928754943
928513375
928130666
927917134
927889298
927592153
927497902
927443252
927029636
926976453
926876338
926649705
926517179
926294979
925975085
925753776
925576799
925493594
925380693
925093035
924981444
924882641
924728873
924520128
924478656
924228143
924126735
924087818
923769194
923683371
923470286
923229838
923212075
922924053
922748141
922438708
922325934
921967673
921879471
921743671
921438506
921202523
921122293
920988409
920666335
920367442
920119237
919873274
919759179
919419363
919184077
918796051
918605782
918472203
918185711
917854936
917665681
917524434
917471711
917294451
917102631
916972608
916833175
916507725
916368246
916211618
915985346
915783887
915601927
915443124
915007417
914834249
914712099
914707254
914531751
914391386
914181797
914048947
913929409
913707252
913533406
913439400
913375874
913082880
912945038
912777108
912588735
912296572
912012743
911729662
911416902
911337654
911212848
910839351
910525577
910296774
910098695
909958066
909790406
909579794
909294459
909104525
908877161
908694239
908489106
908327969
908248780
908146565
907869127
907751263
907316384
907226977
906927410
906908419
906729020
906711870
906372289
906003896
905941333
905879859
905848251
905515309
905364668
905018252
904672857
904419569
904086109
903770155
903532939
903396133
903317779
903173159
903031038
902767029
902598396
902380607
902216010
901896087
901785706
901521442
901360722
901138050
901036006
900686238
900274403
900143325
900019350
899848646
899597626
899419977
899105905
898773506
898590566
898413479
898275073
898050518
897786665
897685865
897497344
897348673
897204125
896820218
896518926
896336242
896246805
896079721
895947337
895770268
895572752
895359551
895048802
894918134
894602996
894461070
894169181
894073048
893826819
893809375
893574365
893345494
893228190
893136318
893049353
892961863
892539255
892450371
892244898
892013146
891849100
891770046
891325070
891144952
890947325
890913596
890753738
890478571
890380892
890316543
889959920
889704729
889507122
889237828
889158780
888837506
888553907
888480328
888112882
887777057
887421048
887231945
887070112
886996888
886797263
886568138
886410849
886320238
886216979
886171352
886133480
885808773
885587278
885255615
885186727
884838144
884767102
884458367
884282750
884258787
884254690
883964994
883750805
883438532
883211800
883071470
882786495
882739658
882469460
882224752
881950459
881742571
881705877
881455283
881267837
881131853
881064904
880719940
880594640
880238173
880184918
879899054
879778858
879691598
879579453
879408131
879363168
879142100
879012175
878915009
878639918
878345734
878070592
877880472
877685928
877530467
877290034
876843796
876698404
876540200
876289084
876045339
875693804
875479427
875332820
875054509
874730987
874550949
874291139
874050832
873751861
873598612
873358911
873076406
872895532
872830175
872507749
872379624
872063136
871933724
871667487
871401085
870928759
870835785
870668128
870410325
870196634
870037650
869695717
869512884
869283419
869081945
868874460
868822610
868582310
868333178
868280481
868140704
867914846
867742855
867477464
867145783
866974182
866545633
866363982
866213098
865932001
865645330
865572510
865427173
865213773
865076603
864932968
864774328
864649873
864636371
864487915
864240405
864208110
864194963
863834714
863685631
863490050
863393366
863287411
863098765
863049335
862735105
862508589
862245944
862001056
861571648
861310021
861078898
860961091
860873670
860852834
860523358
860329100
860237309
859921024
859787561
859428182
859267102
858978941
858788266
858617018
858300684
858132456
857875407
857577744
857389739
857249438
856963416
856803831
856575055
856411917
856088585
855672329
855353934
855222905
854938628
854818885
854675120
854522385
854366650
854157996
853996461
853660863
853651135
853391673
853013204
852739398
852457883
852241001
851759128
851540092
851443753
851114123
850817830
850659061
850416203
850082490
849824270
849629276
849504512
849246997
849091212
848766845
848519636
848157448
847945948
847726946
847304836
847174717
847069773
846927704
846712749
846481507
846428295
846185501
845870640
845660312
845575620
845488439
845189893
844939003
844828414
844710300
844703569
844493981
844239876
843784160
843716588
843559309
843296881
843118602
843100765
842954809
842725972
842588185
842567016
842518758
842337221
842298432
842267378
841823718
841642926
841507997
841241336
841063276
840694408
840403714
840312018
840080971
839686641
839457299
839228298
839124764
838940454
838688657
838519043
838198722
838004910
837945083
837828235
837691260
837569001
837365007
837120481
836771268
836596410
836394487
836046849
835759901
835521531
835295451
835086548
834768622
834447932
834336345
834169667
833910083
833722874
833461972
833243116
833095295
832830509
832597819
832479864
832402918
832338384
832120081
831956329
831865545
831770670
831655495
831614936
831493370
831288155
831110142
830865333
830706686
830439406
830235228
830037628
829656502
829492793
829428606
829162117
828909088
828786273
828506365
828210872
827974094
827802822
827542021
827326460
827127419
826864845
826511720
826165436
826013072
825974846
825737434
825560375
825321208
825141835
824874145
824690156
824335291
824036274
823870629
823371655
823185870
822885721
822648613
822423962
822189703
822015540
821794782
821629187
821454655
821218486
821027484
820918864
820599148
820495833
820381478
819912779
819682360
819590813
819506695
819151918
818809843
818537812
818225692
818121752
817871672
817732810
817613944
817325516
817160372
816913691
816633408
816548516
816280157
816190650
816174312
815989442
815792160
815441558
815417339
815390645
815074083
814873064
814718510
814477891
814353650
814202406
813954655
813745241
813303417
813025604
812964846
812731090
812552528
812357882
812225750
811989779
811760113
811443454
811089967
810783158
810565972
810200323
809997220
809671641
809335463
809159718
808858236
808620313
808607989
808281694
808181205
807968384
807761263
807580906
807291063
807150792
806966045
806681346
806475048
806306106
806305027
806067207
805966785
805822751
805680097
805639963
805534420
805301074
805273072
805192039
805016913
804886140
804645517
804501172
804179079
803933407
803722747
803506031
803219720
802981618
802738222
802440494
802255537
802101053
801850297
801690764
801444755
801186714
801092357
800825186
800583186
800341257
800197036
799804170
799518404
799178749
799020894
798837350
798555508
798417251
798315607
797967428
797875778
797658582
797624667
797388140
797145774
796915578
796848195
796666109
796287680
796140279
795722874
795549965
795373777
795312792
795044050
794805540
794639077
794339553
794123326
793826977
793618667
793351500
793241929
793065009
792868427
792762185
792706225
792567126
792288158
792094501
791734901
791447586
791148058
791124928
790807077
790564702
790275860
789979626
789782353
789532117
789202913
789101615
788923023
788849403
788745976
788633838
788416164
788168327
788072045
787758373
787570420
787327379
787157517
787035016
786773652
786423522
786147872
786026464
785966497
785735619
785439995
785392030
785259745
785066716
784865147
784668725
784385221
784247495
783817965
783586426
783512834
783292092
783043734
782857534
782462385
782152029
781904284
781665506
781409217
781158298
780961567
780815255
780484436
780150823
779841705
779664641
779387021
779340867
779150582
778924162
778684859
778400599
778155900
778070622
777852918
777648074
777634041
777556383
777388579
777141518
776890039
776702983
776538399
776355480
776071190
775825175
775784497
775486953
775267300
775074861
774907349
774768024
774634668
774397828
774203360
774018339
773855696
773792722
773611337
773342039
772961987
772725185
772626369
772445637
772214793
771986910
771698575
771691885
771474016
771139129
770990861
770659104
770512593
770347796
770025058
769897465
769761192
769396535
769186014
769034818
768753228
768480241
768121255
767760863
767348994
767098016
766921929
766786008
766701628
766521563
766217095
765903066
765572178
765349868
765199342
765031498
764802104
764572626
764230585
764036676
763738077
763550120
763286574
763001246
762639537
762479177
762221524
761979138
761954267
761637822
761478183
761349037
761108175
761104932
760755447
760603954
760320263
760096151
759921652
759724531
759525546
759209453
759185498
758898534
758754350
758510243
758354747
758279369
758210452
758165242
757938046
757648375
757331566
756974997
756778338
756387509
756091680
755754893
755656201
755458647
755298874
755041994
754764082
754531063
754327609
754289971
754132107
753952582
753622271
753411118
753154062
753036781
752828624
752680910
752212428
752008924
751670421
751237280
751074757
751027297
750899518
750848701
750557300
750374688
750062771
749909315
749864625
749506476
749134747
749023308
748889754
748500332
748303369
747981445
747689787
747554085
747380737
747267401
747225785
746854284
746615913
746347188
745953223
745704600
745384686
745243480
745057598
744846910
744644584
744427628
744240148
744027013
743987465
743877175
743703657
743414929
743333523
743005677
742815247
742643672
742343302
742152012
742045838
741871963
741578212
741282455
741191810
740988414
740754752
740592194
740587237
740328157
740077125
739538420
739420672
739355107
739064975
738598555
738492459
738358904
738059835
737833671
737449973
737048927
736799141
736652720
736492222
736296202
736200379
736096350
735861168
735734156
735441519
735253646
735103850
734873081
734750396
734668785
734397925
734260226
734134626
734103779
733980077
733703749
733514462
733365711
733075126
732750948
732727637
732569884
732487009
732445313
732363656
732293771
732036335
731781663
731582360
731379005
731067840
731061333
730694202
730677350
730472274
730322185
730290847
730170406
730047453
729764876
729586585
729236439
728915683
728678101
728550728
728358983
728216089
728006371
727788727
727698351
727496702
727069376
726864622
726722853
726628518
726373870
726128462
725818391
725576128
725389766
725072884
724823383
724637268
724383125
724304826
724213389
724104393
723829371
723550369
723278607
722822022
722593618
722590123
722495425
722201978
722056807
721853891
721739379
721516462
721217760
720895794
720629338
720297374
719959594
719614379
719375502
719219845
719037566
718939433
718592904
718315602
718064620
717873299
717671638
717300550
717260680
717029498
716591662
716297947
716219807
715973605
715739251
715586994
715295806
714945116
714579062
714110760
713892180
713825611
713760761
713530695
713424497
713223002
713026811
712852259
712578814
712520995
712220310
712101315
711996554
711858512
711855936
711648794
711562497
711291327
711177169
710979761
710729443
710574993
710363426
710219924
709939412
709753125
709510738
709359676
709218462
708983788
708957799
708780155
708660448
708557398
708308508
707943283
707723998
707442020
707384731
707349480
707171173
706903166
706674075
706515655
706355058
706107505
705925227
705886379
705694206
705444707
705130781
704960950
704790021
704553402
704341132
704160772
704012932
703761382
703541018
703355161
703236858
703166301
703006081
702559266
702416465
702237187
701969871
701969694
701798361
701681187
701545284
701282399
701004914
700881407
700635509
700578534
700544430
700311684
700031877
699910480
699604138
699253367
699170549
698886217
698663792
698649992
698313446
698077677
697883813
697781152
697742465
697489694
697326947
697323626
697151529
696742703
696653482
696451419
696131597
695879426
695649936
695422347
695178439
695053525
694911725
694737820
694580307
694375393
694286703
694101590
693944856
693749820
693550202
693230920
692897315
692744164
692327342
691900941
691852854
691513480
691274730
690920907
690821476
690527704
690291148
690038110
689724777
689678127
689263904
689040415
688897196
688702164
688542122
688391057
688076190
687860775
687492896
687204087
687039103
686716907
686561718
686373951
686207635
686043631
685822099
685679599
685420906
685325711
685157213
685004030
684780989
684731259
684468713
684266523
684088328
683893002
683564208
683497138
683431629
683232658
683010474
682743624
682563261
682381493
681999530
681847138
681461475
681106182
681018162
680915734
680778344
680670711
680418073
680374082
680147372
679856312
679726549
679558226
679434244
679137427
678960637
678832580
678681226
678407945
678027979
677665741
677519733
677352451
677158993
676880547
676731867
676514904
676168657
676018859
675740661
675619125
675426702
675311668
675187503
674911580
674626396
674210725
674037278
673942801
673654134
673524098
673170582
672839391
672736110
672462973
672096092
671977279
671695953
671551963
671281736
671161848
670855053
670575610
670395767
670104930
670091179
669794287
669634033
669455701
669388607
669058159
668792042
668747545
668685157
668509605
668241487
668193687
667979737
667623521
667554782
667410295
667086835
666764080
666468833
666001324
665786781
665639601
665558436
665348776
665103366
664860720
664671561
664438341
664296453
664151673
664060966
663965455
663829178
663587981
663143927
662844787
662387058
662129967
661947432
661792805
661598424
661436462
661305612
661054092
660732764
660606685
660376982
660132806
659925636
659877271
659667415
659367969
659090041
658734411
658356866
658201897
658122198
658087929
657787843
657728702
657600265
657272695
657071260
656819036
656446929
656310922
656169794
656110931
655838729
655614061
655488821
655289471
654985818
654806773
654492701
654193241
653854801
653741421
653471247
653419426
652979264
652808488
652613749
652396005
652149436
651778319
651644168
651379189
651227805
650860741
650679705
650508633
650211055
650159799
649957175
649934221
649708378
649570574
649343551
649314009
649035931
648754631
648556511
648407882
648257355
648022386
647820804
647730465
647434379
647225088
646939783
646790143
646423141
646169310
646135313
645928599
645634028
645313958
645076016
644806903
644527628
644312053
644128605
643929911
643841008
643523136
643176953
643091135
642907912
642684109
642619805
642348482
642208182
642061493
641836107
641656234
641566906
641334096
641029926
640748289
640443193
640237057
640038555
639944606
639697448
639554495
639418641
639139208
639048091
638765356
638548991
638311957
638206726
637615790
637428461
637303967
637284735
637132946
636941297
636661944
636484139
636362850
636207812
636030968
635764655
635644538
635385466
635240080
635183918
634995750
634694027
634333506
634066463
633767481
633561827
633401456
633214895
633092914
632862815
632650463
632463589
632090738
631700144
631632751
631388460
631090852
630884088
630609456
630239533
629970847
629647113
629339758
629193610
628876488
628684290
628164752
627895548
627852336
627608551
627279402
627036858
626796056
626605877
626355776
626104034
625860066
625658103
625364869
625202951
624949479
624704645
624547992
624284019
624076007
623925258
623696499
623364383
623027916
622825799
622526323
622063309
621788595
621564522
621312092
621075457
620846992
620834725
620653779
620606720
620555882
620387190
620197918
620068909
619955072
619702172
619497407
619273004
618958139
618685161
618465991
618191256
617922866
617737447
617716552
617590437
617575868
617289662
617186488
617066751
617000292
616762892
616639289
616349378
616078850
615984812
615798403
615563077
615385549
615033523
614770427
614591385
614297379
614225640
614000701
613848327
613741335
613586075
613076533
612712450
612515807
612177484
612123685
611796962
611468566
611395241
611208806
610996131
610798211
610458635
610259219
609905615
609540696
609426864
609302906
608932979
608644976
608519624
608291764
608179389
607805760
607618490
607527186
607232777
607034242
606811337
606520937
606377412
606249763
605842014
605656329
605334869
605085889
605071770
604783350
604615323
604555613
604206242
603976381
603615114
603473940
603421548
603105156
603050894
602722410
602625212
602381290
602167299
602030581
601758631
601630540
601407156
601252689
600979694
600755242
600426568
600198617
600075458
599889096
599600355
599568929
599323589
599105218
598758576
598632534
598253840
598201106
597917126
597567294
597252811
597189551
596947697
596821086
596585915
596366112
596337830
596291059
596157747
595886600
595595649
595392668
595080066
594776606
594449401
594148887
593886084
593566540
593442883
593185780
592810932
592697814
592571962
592291955
592034763
591729428
591559554
591291160
591092241
591016561
590855547
590533445
590224446
589945653
589740608
589466591
589120044
589035470
588715522
588472155
588316954
588033384
587897282
587668761
587291079
587023377
586901563
586748101
586681032
586505751
586307161
586100385
585780276
585586094
585275882
585032803
584909286
584696447
584466074
584321325
584201498
584164631
583936389
583595223
583364604
583242496
583040875
582887892
582710963
582475896
582305572
582121223
582050687
581840257
581552132
581368438
581248897
581203573
580808100
580515164
580093103
580020446
579805470
579686361
579484098
579217790
579048671
578837516
578552252
578426669
578222071
578081271
577891024
577797095
577636491
577390670
577115530
576957026
576828491
576485486
576335689
576293097
575929674
575724750
575269404
575017234
574899880
574762505
574480793
574405360
574039075
573780279
573608533
573356210
573157228
572911930
572907662
572781338
572489321
572183845
572104205
571715493
571619778
571501159
571428913
571314729
571249995
571092372
570939768
570661101
570544782
570227033
569958510
569651992
569475329
569238963
569029150
568866182
568615794
568368181
568087739
567877638
567670076
567578684
567444678
567207253
566860721
566657196
566602376
566455289
566243244
566092749
565949799
565696666
565289064
565083224
564964529
564691196
564434616
564175957
564005709
563697618
563521740
563200238
563043723
562971321
562744125
562625202
562480822
562408654
561974790
561780329
561701327
561689485
561462920
561238641
561180626
561044416
560768077
560652749
560454889
560253816
559995054
559864711
559728657
559615431
559445605
559285121
558920034
558846068
558752557
558669276
558445331
558306785
557884851
557699238
557601005
557275495
556999721
556723429
556566911
556215225
555967833
555881447
555713608
555460287
555236121
555141388
554944957
554657498
554472934
554291150
554224487
554021723
553795579
553626097
553493510
553331984
553087889
552852488
552577780
552455588
552289799
552091709
551804834
551648736
551460230
551339181
551082081
551018372
550555676
550280976
550143242
550037701
549782654
549518906
549400197
549247626
548947921
548694235
548397407
548250848
548203630
547963631
547757163
547593784
547377956
547166148
546927532
546633699
546370164
546170768
546018126
545831718
545733201
545541149
545363609
545243992
544968039
544836096
544435847
544297855
544118580
543812331
543635085
543435504
543277063
542983012
542606133
542444918
542295861
542273432
542247121
542125562
541957052
541760269
541674835
541566565
541367815
541086184
540804438
540697699
540416858
540260612
540196333
540055718
539930969
539577667
539482535
539100548
539092102
538862944
538647993
538425064
538285317
538093260
537884742
537687334
537521847
537271044
537095023
536737522
536396676
536137935
535832176
535680338
535274184
535089654
534889491
534754044
534606481
534327612
534153399
533945451
533705505
533307905
533073443
533046428
532787511
532584120
532457547
532342774
532163291
531988205
531712433
531557603
531390234
531060155
530848817
530774171
530659975
530511529
530352464
530177721
530128192
530053478
529819938
529738543
529455346
529293622
529219011
528902253
528816503
528409871
528040590
527859305
527796744
527672297
527381654
527094552
526953772
526700348
526664848
526453342
526166854
526020456
525870754
525721924
525523187
525407742
525146326
525038837
524919669
524811055
524548068
524235292
524094692
523885985
523693709
523653288
523506711
523263490
522955038
522841424
522836927
522656863
522460994
522252536
521986722
521815759
521748328
521434563
521315588
521166698
521083479
520777230
520529104
520295820
520016172
519741987
519547727
519322823
519086499
518895569
518658726
518437510
518202919
517910414
517632101
517557790
517248535
517074106
516972776
516826563
516717152
516572812
516476420
516059115
515845465
515478216
515276070
515007037
514978116
514783447
514543093
514348939
514057369
513787568
513522709
513450295
513117818
512817998
512662741
512611440
512457426
512289023
512211008
511867042
511535848
511286857
511207435
510998127
510804515
510774881
510393331
510281183
510239833
510100393
509875963
509589851
509464707
509241274
509130451
509058474
508920062
508662926
508374011
508276250
508047194
507919291
507737360
507585419
507351165
507124584
506973726
506772415
506432997
506291857
506094348
505920821
505837890
505680299
505444681
505354599
505193661
504936245
504698730
504611317
504422909
504280468
504092956
503849814
503569968
503313470
503013234
502782035
502725997
502550782
502175816
501909995
501765204
501709895
501502038
501314131
501091803
500871680
500610958
500474879
500307741
500185687
499929704
499587625
499341427
499025936
498821302
498784531
498714458
498425849
498308188
498028070
498008398
497862531
497713990
497628287
497365559
497274619
496990347
496804231
496495497
496315718
496099524
495801785
495423850
495234947
495002502
494827718
494597448
494466324
494295994
494104664
493806126
493533636
493448064
493109926
492881318
492652655
492569105
492447224
492221772
492161555
491874838
491677710
491470714
491230450
490953838
490828023
490584371
490416049
490375790
490285826
490032430
489704569
489379340
488888100
488705654
488594402
488435627
488230629
488081166
488043173
487908399
487693085
487313745
487063279
486931129
486579163
486500101
486110166
485866016
485624317
485497472
485201546
484868670
484759111
484687466
484317522
484070286
483725999
483411689
483297415
483127700
482909072
482773798
482703887
482369402
482031156
481895978
481749409
481392787
481215412
481050078
480942377
480763271
480647926
480398866
480090042
479919215
479841123
479569170
479454131
479288148
478961704
478847540
478667313
478458282
478138872
477695726
477421692
477351573
477176469
476934564
476720455
476352230
476137782
475979281
475857304
475714414
475682863
475521899
475366593
475167603
475010275
474758177
474723291
474462537
474331756
474201230
473993313
473807588
473679951
473676630
473497310
473290228
472994254
472735275
472632653
472353206
472173678
471914806
471734770
471636345
471222702
471137831
470625806
470445179
470115170
469805294
469462537
469149521
468812242
468584507
468354527
468197858
467896866
467771999
467605153
467365687
467166225
467064476
466837551
466655763
466386813
466170478
466009323
465903146
465656173
465438281
465304096
465175620
464923309
464770599
464625438
464526567
464403919
464292438
464014326
463770680
463596438
463360152
463070354
462858145
462731311
462472204
462343249
462284751
462050495
461926861
461631217
461516092
461257441
461070646
460663882
460594736
460266135
460087231
459732196
459556888
459476864
459224038
458896621
458575469
458393613
458308352
457941639
457667879
457450529
457237091
457160011
456945807
456760685
456563546
456293463
456149996
455887426
455695077
455562087
455451419
455272261
454998145
454754119
454632030
454471718
454297212
454247563
454121092
453957458
453890639
453687462
453569438
453202060
452793333
452581538
452414583
452241382
452053263
451887901
451651515
451493474
451307202
451109205
450879335
450599422
450380894
450283119
450056338
449880845
449832551
449582942
449434934
449250523
449163302
448980989
448791098
448623959
448424942
448358012
448333861
447977809
447852408
447774633
447551619
447308552
447164426
446989691
446822915
446686070
446569842
446188395
446092438
445852359
445557160
445104346
445076934
444803319
444550674
444266635
444181875
443974372
443826045
443771027
443669487
443355778
443279071
443102757
442804316
442675586
442492126
442192449
441919927
441819249
441509102
441351565
440796347
440672865
440405894
439991460
439716570
439707349
439434733
439305017
438990098
438899524
438721620
438573173
438397436
438188103
438011848
437779318
437402270
437119025
436969423
436913119
436563282
436199064
436040283
435851249
435602618
435341698
435181734
434977460
434716852
434483239
434159204
434008715
433855439
433573283
433399683
433241216
432990486
432661232
432417500
432194453
431861645
431664986
431516665
431316241
431017340
430713529
430624837
430349644
429943070
429718583
429542609
429389774
429152464
429082022
428909872
428840737
428658694
428386895
428175766
427832881
427800938
427550453
427398288
427144095
426955315
426677268
426468927
426256283
426061421
425777770
425618894
425404203
425146380
424875156
424732172
424512365
424228383
424167672
423967556
423751159
423471095
423433140
423257450
423130201
422895491
422616118
422376961
422304938
422023310
421820174
421754247
421500691
421254678
421033939
420626465
420567391
420235636
419930984
419789506
419577647
419367126
419142569
418817714
418660807
418302145
418117184
417867762
417525289
417392828
417154137
416887663
416679384
416490668
416336873
416169140
416118806
416008367
415927732
415781407
415717747
415637664
415343669
415091387
414991508
414673482
414140085
413757215
413485887
413360246
413345921
413129521
412900197
412728453
412539663
412263611
412064771
411944594
411710565
411496494
411451070
411311185
410951149
410662081
410373457
410180349
409871834
409754124
409484667
409353609
408890467
408693263
408506340
408210811
408042967
407636073
407478746
407360043
407161815
407028866
406764506
406698707
406582615
406326763
406083477
405878544
405432727
405298400
405136590
405051934
404972987
404793803
404651666
404449612
404363112
404049944
403828484
403679969
403453035
403236670
403158411
402876710
402597121
402440054
402201228
402039087
401818850
401715423
401436563
401265443
400999855
400793081
400422194
400119403
399946983
399546527
399355263
399124486
398938881
398706243
398423133
398078900
397683755
397518243
397247568
397179601
396873885
396637846
396503845
396353341
396317711
396184424
396006293
395890147
395540346
395292124
395172097
394883217
394617750
394369497
394196744
393882192
393562593
393276885
392948150
392805628
392669715
392574519
392404211
392181196
392066078
391748644
391484717
391222340
391024831
390793512
390537435
390361663
390120980
390016521
389734628
389560984
389456343
389308418
389055962
388971622
388883903
388748754
388690576
388392518
388231744
388124595
387786378
387701182
387536632
387303467
387020606
386846346
386665648
386483967
386236634
386125927
385650612
385405580
385168370
385050195
384919064
384771614
384695025
384438841
384112650
383955940
383697272
383508161
383296630
383134281
382807308
382585948
382398566
382021817
381777492
381481406
381116407
381055246
380934938
380725724
380695007
380392050
380203435
380046282
379844905
379536119
379318041
379123847
378774842
378490009
378262528
377936191
377663844
377540312
377334117
377079306
376578850
376497487
376330633
376094598
375914642
375704628
375588204
375337036
375056507
374819612
374770244
374555701
374302452
374036748
373708449
373617888
373604167
373541935
373379814
373218028
373029554
372826844
372535765
372283337
372138928
372081620
371936564
371706691
371549230
371396375
371278944
371144761
370938925
370834363
370578781
370400574
370209355
369889968
369644296
369335453
369062266
368944590
368773349
368606552
368171459
367961436
367805529
367517996
367241560
367071174
366919240
366617081
366549511
366443144
366180231
365935270
365719143
365613890
365453854
365064967
365042033
364816656
364538060
364460077
364193443
364144692
363906106
363624397
363360951
363114210
363008597
362977510
362619605
362474904
362264376
362074242
361726585
361210970
361132190
360728265
360639538
360441990
360285590
360197680
359886291
359854424
359826436
359528481
359412898
359236835
359128018
358926367
358882151
358714779
358466448
358302211
358148090
357904910
357710010
357611344
357270417
356978624
356520046
356423049
356165959
356017240
355640619
355342965
355058692
354839566
354804666
354627997
354340718
354229205
354195887
353865168
353770910
353631347
353434403
353353103
353179553
352977168
352699638
352509723
352227746
352086596
352011617
351811264
351489986
351272931
351121483
351079220
350813056
350591145
350298772
350166369
349704544
349462752
349397568
349305914
349127677
348973341
348623135
348435773
348221874
348105604
347842667
347664183
347564897
347412584
347114535
346925591
346668508
346424985
346261969
345862851
345485026
345214221
344933364
344816634
344639120
344606002
344192077
344051165
343926265
343681062
343656546
343546528
343347941
343134343
342833521
342695285
342519247
342270476
342148205
341944947
341796803
341521771
341261526
340982610
340785742
340525480
340283913
340062151
339896380
339823228
339557440
339259085
339102124
338734826
338628749
338500972
338378338
338116556
337890947
337689052
337596287
337493659
337339540
337194333
336861751
336677678
336465711
336310436
335991667
335810442
335518217
335385937
335066544
334692596
334365835
334133390
333765504
333680872
333373409
333172063
332986742
332916452
332786271
332751399
332540956
332284106
331982174
331766776
331475949
331289272
331115865
330979806
330804920
330484561
330331470
330153054
329822334
329677131
329370525
329102228
328865879
328756010
328531873
328291220
327970821
327852945
327754321
327548041
327275579
327133376
326550866
326181188
325802667
325345063
325266684
325083201
324839288
324587622
324439327
324205068
323845674
323481423
323326204
323104388
322816353
322671595
322377448
322303028
322130436
321970810
321625430
321416223
321255713
321193838
321036238
320908733
320709862
320475300
320227841
320097482
319934085
319612168
319303167
319018903
318801752
318444759
318030503
317695348
317394773
317330711
317224368
317025859
316729119
316585076
316357974
315998314
315723356
315364049
315194347
314911166
314578243
314354788
314166295
313959577
313767390
313622945
313580090
313317965
313141370
312878707
312708381
312499882
312392619
312202938
311935869
311850609
311590917
311395422
311073966
310891702
310695991
310479453
310220949
309993169
309479141
309286799
308851803
308606254
308303962
307997626
307897922
307625721
307522004
307279104
307173628
307092172
306834195
306661236
306512778
306459688
306243767
306098228
305975560
305807231
305677476
305413572
305227128
305193486
305026403
304826953
304676981
304492370
304297394
304260584
304087135
303862817
303786551
303530562
303495418
302979538
302754750
302375972
302092798
301979567
301629719
301398610
301334311
301178378
301025799
300794696
300538347
300456473
300332876
300013009
299840600
299694822
299569153
299333831
299112523
298831376
298485869
298349512
298177018
298041782
297922288
297594433
297428010
297065377
296869162
296527890
296433996
296299978
296104270
295764919
295493086
295489916
295359702
295222223
294976206
294843819
294661247
294514688
294233326
294024239
293899000
293722828
293452476
293256851
293172636
292981944
292820832
292543581
292165925
292003152
291695923
291554799
291497431
291287022
291047309
290853824
290694327
290406484
290229166
289989834
289842446
289544818
289115276
288873394
288525827
288332084
287993927
287844647
287726126
287556283
287372099
287064917
286858054
286821303
286762245
286551155
286324983
286157781
285999089
285849246
285419475
285214565
285022448
284985018
284631222
284401649
284208132
283876998
283683843
283486292
283354913
283318587
283050152
282894523
282535506
282326645
282074347
281826934
281423899
281279188
281086211
280978933
280706987
280537902
280277951
279990385
279635985
279036618
278780878
278572454
278252112
278051077
277935360
277645705
277503823
277194424
276937474
276755205
276607434
276528664
276300830
276121943
275750651
275500237
275303378
275094415
274919473
274801343
274553555
274271556
273930730
273880900
273635551
273330247
273203584
272927851
272627785
272375587
272119909
272057519
271914341
271707328
271264625
271060190
270945232
270879880
270632484
270525338
270232239
270044625
269868020
269860480
269782077
269533573
269206498
268950357
268802574
268477178
268368340
268111196
267866390
267596215
267258607
267207081
266946802
266680055
266403374
266289605
266040622
265907286
265725877
265484554
265084884
264782367
264396475
264052459
264005349
263708722
263537958
263250606
263194045
262916945
262807047
262697877
262539921
262320262
262183572
262015807
261820941
261628856
261305363
261267976
261154743
260848831
260588044
260293774
260068003
259894536
259557360
259353900
259200805
258877242
258661453
258411258
258191559
257984760
257908904
257576484
257390718
257130365
257109946
257057593
256836137
256694863
256374825
256070186
255769281
255595972
255538237
255398716
255285963
255166197
254916942
254846891
254662480
254303559
254256954
254045053
253774199
253538743
253381587
253193438
253006373
252870465
252666526
252439254
252099195
251855195
251726645
251600325
251484111
251200219
250951115
250817077
250670202
250440007
250236608
250236076
249942984
249680260
249486477
249260155
248984116
248777495
248638356
248433106
248138150
247889922
247651190
247443477
247053894
246779178
246489099
246189980
245882982
245551352
245233104
244976392
244875362
244679137
244483881
244268135
244037700
243826534
243561673
243282960
242973821
242833822
242621542
242432832
242260254
241939387
241541780
241426021
241103456
240966305
240704879
240540135
240253312
239985829
239630000
239373603
239159622
239016145
238817673
238577566
238539969
238277580
238184530
237999145
237684379
237541393
237234610
236975560
236871312
236738483
236539732
236462427
236206278
236090179
235930769
235628914
235396324
235131288
234945007
234842534
234629977
234417707
234106919
233997321
233788541
233432524
233234139
233060663
232904866
232715871
232573496
232428072
232174041
232050875
231881617
231793259
231757283
231572503
231238679
231154482
230868191
230805279
230554908
230314003
230166904
230015120
229956219
229748845
229470574
229223822
228990365
228870165
228685305
228406893
228125676
228002146
227781586
227647381
227570189
227413442
227284742
227007894
226849772
226691885
226524322
226257748
226122262
225885598
225473578
225400362
225086491
225040389
224857366
224842792
224538516
224172745
223967494
223831316
223533833
223255609
222979892
222710570
222523208
222384424
222250347
222051817
222043959
221829585
221507662
221234613
221081715
220917934
220807749
220701367
220452554
220287902
219994161
219784894
219676857
219323738
219197905
219060879
218898711
218755699
218572822
218413584
218185001
217972050
217795284
217517522
217225993
216915342
216713691
216450234
216170872
215875728
215652849
215495294
215474456
215170361
214932112
214635390
214500741
214465676
214283252
214004801
213735613
213686828
213506209
213302215
213138736
212846630
212559971
212309540
212200091
211939125
211915475
211773425
211704731
211386627
211350701
211091598
210995020
210906668
210850153
210588497
210230709
209933581
209695251
209551931
209211587
209046155
208938837
208689229
208415130
208311386
208229097
207974472
207671841
207473018
207316873
207057256
206819957
206460123
206069328
205771105
205578460
205396366
205184649
205009322
204683573
204464429
204129037
203912503
203510037
203142120
202975194
202697227
202351931
202207838
202026578
201870240
201639256
201468198
201270399
201114289
200890993
200686202
200432088
200357247
200107158
199816024
199593445
199446346
199162690
199112689
198915285
198867844
198687697
198465672
198229209
197985521
197719575
197459478
197136436
196906453
196690925
196398063
196146105
195999725
195593144
195361994
195216897
195111403
194956694
194635415
194497654
194324116
194138178
193868585
193634603
193414118
193312246
192952786
192568928
192259868
192156514
191876026
191520439
191409748
191233098
190971341
190641004
190390248
190368131
190175307
190097530
189962539
189797788
189464177
189192133
188995766
188642732
188332376
188076175
187999394
187660633
187543956
187417759
187249367
187092431
186985840
186929220
186653530
186523175
186393237
186166861
186079626
185924274
185620509
185531332
185380623
185009274
184861031
184790406
184566670
184402801
184255196
183985371
183794694
183549581
183201632
183115729
182908471
182759282
182626166
182423502
182224053
182159514
181757036
181596199
181567234
181364998
181210066
181031739
180975215
180874720
180640045
180448477
180381514
180379020
180026003
179991673
179983668
179777292
179423621
179378436
179291922
179129341
178997129
178793237
178489623
178194604
178023087
177774209
177549370
177279969
176997513
176865690
176639052
176398454
176018357
175798971
175519838
175427577
175158779
175018992
174914896
174720125
174493095
174396024
174128626
173941314
173844789
173539469
173237468
172965479
172908769
172683972
172499815
172171477
171924676
171776413
171578958
171353790
171237913
170799692
170500500
170235228
170042736
169813542
169646949
169408020
169180360
168978619
168767630
168667502
168530708
168387253
168177003
168050434
167785597
167473055
167379147
167203913
167170221
166847415
166701681
166599142
166480129
166293755
165899964
165782546
165697069
165407583
165192276
165025050
164880980
164501430
164154124
164096940
163746627
163453852
163318738
163086142
162999117
162741004
162661375
162580286
162172243
162038193
161932422
161618676
161457675
161283447
160988051
160750016
160487724
160309774
160231379
159958961
159940040
159810878
159631255
159346475
159049812
158968446
158507921
158216674
157991257
157661023
157418381
157088123
156925520
156629852
156458276
156224766
156054341
155706117
155550597
155147949
154761427
154531704
154350284
154152149
153980111
153779058
153549868
153153566
152899545
152729622
152610930
152290607
152105175
151860091
151682035
151668109
151490833
151238267
151086416
151015777
150857465
150845255
150588500
150506610
150354025
150164678
149797704
149446666
149392553
149323724
149156937
148867911
148724792
148665012
148429411
148120625
148021631
147733233
147487305
147298145
147026722
146858664
146654433
146420559
146082039
145835628
145628228
145462430
145177581
145016239
144779614
144659850
144320607
144230074
144095050
144090737
143953337
143949339
143749332
143420973
143220737
142881494
142657798
142474831
142261593
141905000
141489580
141170212
140784731
140772722
140569766
140503564
140258461
140005991
139834251
139456795
139309743
139068063
138810170
138785922
138576210
138410661
138305821
138251302
138173130
137923797
137881379
137779629
137618791
137369112
137251031
137022556
136936565
136714758
136379652
136286246
135937972
135838066
135824346
135740418
135297353
135033734
135011677
134647665
134268213
134170930
133971102
133796437
133728014
133657642
133368056
133129749
132916643
132731010
132480450
132345831
132231930
132029662
131664373
131365518
131131952
131025566
130944623
130731221
130551711
130512766
130315717
130011860
129798912
129547694
129263057
129052162
128807647
128587932
128323928
128142037
127996065
127767747
127400647
126993078
126871929
126597074
126475945
126179738
126013388
125763587
125637766
125568192
125263032
125006401
124728027
124618150
124246349
123938174
123720140
123587638
123387533
123227590
123147132
122871795
122708114
122457976
122178929
121990594
121695476
121434658
121332762
121287838
121101603
120809523
120590816
120205168
120062557
119825981
119736893
119318121
119101651
118903149
118881929
118772468
118559216
118303263
118225998
118143885
117935488
117920556
117616493
117207087
117110676
116701507
116495165
116221166
116096242
115819135
115614354
115343000
115173973
114938403
114571514
114496110
114338059
114119043
113818204
113357799
113208336
113010990
112808282
112455929
112268182
111972489
111618212
111431146
111302887
111264958
111104614
110986132
110858757
110559415
110345100
110197189
109909423
109700991
109510534
109303178
109165357
109008255
108789253
108618175
108244797
108164859
108067522
107966960
107779561
107552326
107265869
107232473
107097111
106766998
106570372
106449651
106367100
106153226
106017163
105907746
105657067
105456944
105187271
104852020
104732291
104690093
104409838
104166546
103920156
103818312
103649569
103516277
103217358
103099753
102933731
102671058
102416093
102241960
101958775
101868063
101621949
101409790
101184615
101043211
100799523
100530494
100284777
100092503
99989135
99822698
99657877
99576507
99357524
99164267
98941331
98914608
98653991
98521115
98387777
98193932
98170541
97846111
97668527
97382332
97236055
96924314
96706788
96433146
96291168
96031423
95796692
95595431
95316237
95127196
95021883
94853970
94770937
94599224
94447536
94210648
93925265
93825080
93597236
93372600
93219739
92849493
92686405
92508105
92233339
91906845
91815840
91660321
91468226
91239583
91140664
90943811
90896981
90877026
90767746
90571235
90298638
90237645
90083083
89977903
89587714
89301540
89084105
88824761
88728547
88592561
88302599
88159150
87913442
87787810
87612443
87532295
87301399
87039967
86810055
86590782
86505124
86443272
86167299
85857506
85637055
85392653
85225415
84899319
84591742
84201294
84030301
83983519
83773514
83494528
83408329
83139414
83070467
82873575
82707076
82556522
82354533
82286726
81927123
81861732
81846147
81832137
81752587
81427730
81072983
80918932
80748996
80427133
80166709
80083577
79855754
79514158
79513339
79316572
79069401
78931573
78911732
78500207
78138060
78021226
77804295
77629618
77278090
76940595
76682462
76479639
76295985
76263437
75901679
75832648
75548382
75213148
74953544
74780474
74494333
74381758
74115260
74088238
73783918
73585932
73480890
73241558
72979143
72837736
72691364
72644905
72113570
72097572
71885793
71723896
71591012
71334623
71186365
71010011
70801417
70480721
70163758
69926509
69770601
69544167
69376330
68907854
68818207
68581800
68452976
68063423
67907614
67680648
67440866
67381006
67056763
66751672
66599419
66343650
66123569
65872846
65534391
65195898
64864760
64724759
64555965
64467838
64151892
63849031
63514695
63070402
62715795
62455625
61981290
61905149
61709135
61511932
61346257
61164350
61046355
61007737
60861768
60607030
60469514
60386652
59988476
59892667
59715988
59292467
59167207
58986472
58779222
58584821
58349105
58260517
58253161
58204492
58103883
57882234
57763123
57683382
57394820
57213757
56961821
56774112
56554393
56345518
56056299
55868961
55571279
55301860
54924743
54681400
54524236
54205325
54079681
54005105
53836626
53697064
53480501
53134061
53022346
52888030
52755795
52628960
52505815
52298781
52112348
51714371
51601775
51411166
51215063
50976569
50802437
50753106
50354499
50142697
49805884
49445414
49240947
49159191
48737767
48667650
48448588
48275626
48147430
48049026
47749203
47634015
47399021
47213235
47038487
46757340
46468187
46221440
45898936
45561405
45367977
45233601
45038475
44763806
44563011
44148763
43729025
43480341
43183698
42963923
42774205
42566923
42402569
42167151
42143081
41796263
41462020
41166100
40884966
40659440
40510536
40387660
40326754
40218228
39993157
39788614
39493906
39212012
38988197
38938400
38809393
38578029
38352975
38287920
38078429
37776611
37561277
37381179
37279981
36981005
36836736
36589280
36206547
36004696
35906835
35677216
35579787
35264875
35028691
34841440
34592172
34188291
34051337
33981725
33799475
33636976
33392775
33262091
33059057
33019505
32863310
32768764
32542335
32421738
32278579
32156406
32007899
31731717
31322708
30991038
30751529
30550640
30289727
29970053
29788559
29706560
29407655
29120881
28789822
28517718
28353155
28033324
27738474
27449037
27237160
26946680
26915453
26739169
26509044
26159954
26056197
25844902
25545197
25409885
25323818
25105504
24783154
24469789
24258091
24081356
24041124
23871369
23747508
23508800
23249723
22980112
22711855
22470259
22178959
21908863
21742220
21496465
21267645
21169663
20910701
20719065
20344202
20128511
20040849
19746299
19511315
19318247
19162675
18898789
18665015
18384882
18240034
17987998
17550466
17331881
17234735
16986548
16827831
16634752
16483448
16189895
15877791
15731009
15709230
15502807
15406131
15173397
15063286
14639172
14609468
14500961
14148467
13877634
13778716
13568298
13394155
13217023
12815215
12674834
12518075
12300444
11975970
11752117
11495601
11396317
10978145
10856450
10784963
10554929
10326262
10058890
9844651
9502172
9356065
9112952
8860136
8732741
8293690
8110233
7910846
7797697
7608428
7383958
7305819
7133361
7025408
6615058
6277070
6258856
6041105
5621629
5576169
5268367
5094879
5069300
4858320
4730534
4575264
4421041
4153467
3761166
3539920
3306290
3091164
2784035
2620325
2431351
2396797
2198477
1990662
1788771
1562093
1455903
1254013
977028
629447
405202
305531
