756
3738
2822
4797
1279
2160
1670
423
2215
4893
770
2305
4721
3938
3406
1840
1654
3130
2710
4527
3062
4072
3926
3710
1776
1370
4962
2271
1572
4789
1675
229
384
2835
1891
2021
1635
3560
1165
1150
3249
2059
468
4645
668
879
814
2977
795
3776
3788
1686
1410
850
3161
1509
4741
4309
3124
2352
3690
1294
4780
2522
2538
4751
1320
237
332
2015
2496
2894
2951
1412
1291
4707
1713
1324
238
1348
1864
2602
3709
1663
1932
4622
1185
3421
208
3238
182
4803
3979
856
4624
3091
4703
4530
2394
4176
2445
3024
3962
2025
235
2140
2124
1284
812
4588
4889
900
1034
2637
76
869
3890
4190
946
3244
3508
1527
4987
1148
1405
1472
4745
4515
739
2366
4332
4147
2892
4824
3887
220
1987
3680
4387
4630
4225
4068
125
3829
2188
3052
127
1933
2430
4927
1888
733
405
1726
3856
1048
570
1114
2413
3310
3944
3289
3019
3497
2571
3603
1531
3147
403
667
699
3477
1379
4161
2818
762
4260
2607
2955
4454
1132
3743
1355
1280
670
3665
3906
1015
4521
4062
4264
972
1902
2907
3231
2992
476
3875
4034
1958
