159
301
432
555
663
761
802
967
1008
1108
1210
1258
1379
1545
1646
1839
1913
1985
2175
2253
2350
2353
2401
2474
2627
2758
2776
2865
2980
3146
3217
3290
3440
3563
3628
3762
3929
3957
4155
4245
4397
4474
4541
4614
4681
4700
4862
4942
4993
5096
5220
5355
5388
5492
5690
5722
5901
6057
6125
6248
6317
6347
6386
6469
6561
6596
6690
6831
6946
7095
7168
7317
7381
7463
7555
7727
7804
7968
8040
8090
8170
8253
8366
8406
8540
8718
8879
8967
9045
9117
9175
9267
9301
9439
9543
9634
9679
9752
9872
9963
10154
10213
10323
10422
10515
10657
10728
10842
10993
11122
11228
11308
11389
11561
11598
11670
11777
11897
11973
12076
12170
12245
12283
12371
12436
12455
12540
12577
12679
12708
12716
12799
12951
13007
13106
13226
13358
13367
13461
13534
13675
13743
13849
13932
14037
14098
14216
14331
14396
14488
14635
14690
14730
14820
14910
15058
15118
15151
15161
15270
15434
15565
15571
15659
15725
15796
15903
15987
16066
16143
16248
16330
16396
16529
16628
16706
16823
16893
16988
16997
17161
17252
17298
17377
17450
17489
17526
17646
17730
17819
17867
17942
18075
18206
18273
18319
18369
18393
18518
18637
18786
18923
19062
19076
19102
19195
19344
19503
19559
19663
19685
19760
19890
19952
20001
20031
20131
20322
20415
20473
20533
20685
20756
20814
20871
20928
21086
21260
21369
21519
21633
21759
21845
21911
22029
22141
22250
22335
22434
22461
22537
22560
22704
22839
22924
22993
23071
23205
23331
23434
23483
23515
23677
23773
23937
24025
24184
24260
24306
24341
24461
24543
24597
24761
24835
24942
25096
25157
25282
25374
25458
25538
25636
25738
25853
25976
26147
26307
26338
26424
26550
26570
26723
26887
26965
27082
27231
27409
27457
27522
27574
27710
27879
28014
28096
28290
28398
28472
28601
28675
28791
28847
28946
29051
29145
29316
29372
29504
29584
29645
29662
29724
29830
29895
29936
30040
30087
30244
30332
30447
30474
30600
30797
30901
31026
31082
31187
31316
31338
31458
31462
31467
31514
31654
31801
31909
32029
32118
32230
32455
32519
32643
32722
32824
32881
33019
33149
33253
33359
33456
33540
33672
33775
33851
33945
33995
34077
34207
34279
34357
34515
34641
34714
34806
34977
35046
35107
35191
35285
35379
35543
35629
35739
35856
35960
35997
36037
36090
36149
36251
36364
36436
36516
36619
36690
36836
36976
37057
37171
37232
37292
37404
37469
37584
37691
37836
37887
37940
38009
38145
38268
38357
38447
38556
38647
38697
38766
38883
39058
39271
39360
39431
39546
39680
39812
39975
40130
40267
40308
40346
40434
40539
40625
40679
40714
40756
40891
41003
41198
41283
41476
41579
41725
41744
41884
41938
42014
42103
42210
42291
42390
42444
42558
42643
42744
42869
43012
43112
43249
43390
43555
43671
43797
43913
43970
44141
44185
44310
44410
44486
44624
44741
44857
44993
45133
45235
45412
45510
45560
45763
45819
45831
45889
45926
46012
46146
46305
46377
46551
46627
46718
46832
46927
47100
47186
47293
47373
47427
47470
47560
47679
47796
47891
47987
48128
48262
48421
48551
48673
48892
48912
49037
49205
49290
49323
49427
49544
49578
49668
49843
49961
50020
50162
50348
50377
50484
50650
50716
50828
50951
51087
51245
51265
51371
51399
51508
51650
51711
51766
51843
51916
51991
52034
52110
52175
52302
52408
52499
52557
52732
52889
53015
53031
53171
53270
53404
53545
53653
53719
53820
53898
54035
54123
54205
54272
54348
54556
54639
54724
54797
54911
55017
55038
55138
55248
55324
55411
55536
55622
55706
55797
55861
55866
55982
56054
56162
56213
56230
56371
56519
56678
56757
56772
56852
56944
57121
57216
57342
57419
57546
57814
57891
58003
58108
58155
58162
58278
58300
58349
58377
58462
58548
58675
58714
58770
58772
58975
58997
59059
59195
59318
59365
59474
59537
59628
59678
59758
59878
59922
60045
60070
60176
60376
60382
60480
60540
60683
60855
60971
61021
61102
61213
61366
61410
61492
61519
61562
61632
61689
61767
61867
61934
61988
62021
62076
62168
62250
62304
62488
62583
62745
62900
62966
62971
63036
63128
63159
63280
63295
63481
63512
63677
63730
63848
63927
63986
64041
64155
64254
64371
64375
64493
64562
64635
64662
64722
64863
64912
64989
65054
65103
65264
65441
65507
65639
65666
65713
65869
65893
65960
66133
66322
66450
66552
66670
66783
66888
67037
67114
67148
67254
67383
67481
67636
67724
67817
67932
68062
68139
68171
68325
68351
68397
68479
68502
68540
68650
68809
68940
68998
69099
69123
69190
69333
69368
69427
69573
69620
69699
69788
69980
70108
70176
70282
70505
70589
70721
70744
70849
70914
70980
71001
71130
71224
71347
71514
71662
71822
71915
72016
72082
72159
72242
72330
72463
72512
72627
72767
72852
72977
72983
73027
73142
73251
73449
73501
73604
73663
73693
73794
73905
74031
74051
74184
74316
74431
74512
74637
74717
74831
74950
75116
75213
75270
75380
75517
75646
75796
75874
75930
76010
76041
76123
76260
76414
76512
76608
76732
76807
76931
76997
77048
77192
77354
77400
77558
77702
77824
77879
77975
78064
78213
78307
78380
78400
78470
78574
78623
78705
78793
78962
79033
79188
79304
79397
79528
79646
79762
79839
79911
79980
80134
80272
80345
80381
80457
80514
80593
80714
80818
80861
80990
81079
81107
81131
81262
81350
81434
81519
81666
81767
81854
81889
81912
82013
82078
82126
82204
82249
82345
82427
82508
82583
82670
82724
82769
82834
82998
83135
83184
83279
83366
83423
83496
83515
83632
83716
83800
83909
83991
84057
84135
84250
84358
84476
84620
84637
84706
84774
84891
84960
84996
85023
85044
85085
85191
85294
85350
85443
85495
85616
85720
85793
85910
86074
86154
86338
86477
86549
86737
86780
86897
86946
87041
87172
87240
87266
87347
87503
87618
87761
87780
87896
87998
88039
88169
88292
88320
88401
88619
88732
88811
88848
88932
89085
89206
89303
89381
89501
89546
89690
89758
89783
89887
89892
90034
90068
90188
90392
90447
90542
90651
90699
90800
90807
90949
91009
91087
91120
91178
91340
91381
91504
91596
91617
91691
91955
91972
92157
92180
92343
92483
92576
92695
92783
92914
93035
93059
93205
93324
93366
93494
93564
93666
93702
93885
94010
94105
94191
94302
94384
94506
94566
94691
94784
94921
95018
95159
95308
95366
95451
95587
95680
95702
95736
95887
96004
96145
96205
96303
96426
96523
96679
96767
96852
96927
97052
97185
97278
97322
97480
97568
97704
97799
97917
97959
98113
98197
98334
98424
98607
98751
98797
98894
98938
98953
99081
99154
99333
99462
99519
99594
99703
99797
99834
99892
99950
100039
100240
100288
100386
100395
100510
100591
100642
100694
100813
100888
100990
101108
101195
101226
101407
101499
101708
101818
101923
101991
102169
102293
102388
102426
102440
102561
102639
102759
102936
103038
103130
103292
103385
103509
103561
103634
103710
103811
103855
103963
104013
104130
104231
104275
104367
104430
104472
104525
104554
104585
104709
104801
104948
104986
105120
105178
105253
105431
105552
105701
105804
105832
105870
105977
106055
106110
106246
106340
106428
106512
106537
106550
106687
106839
106887
106993
107053
107170
107285
107463
107488
107535
107568
107675
107770
107814
107967
108012
108129
108305
108430
108523
108528
108576
108631
108696
108866
108933
109029
109172
109188
109317
109354
109511
109521
109598
109603
109612
109705
109788
109815
109832
109982
110065
110224
110335
110486
110590
110622
110809
110811
110848
110952
111015
111100
111299
111421
111483
111532
111632
111752
111799
111886
111944
112023
112185
112262
112332
112357
112372
112498
112614
112743
112821
112908
112943
113067
113193
113220
113383
113530
113594
113751
113872
113892
114017
114110
114229
114283
114420
114507
114576
114670
114752
114818
114895
115008
115058
115177
115185
115267
115402
115441
115515
115648
115703
115798
115952
116013
116133
116208
116255
116299
116426
116523
116584
116697
116825
116882
117022
117189
117337
117500
117578
117648
117690
117767
117879
117974
118104
118245
118307
118329
118372
118503
118573
118711
118840
118926
118949
119070
119114
119223
119378
119406
119469
119634
119747
119879
119987
120026
120167
120264
120424
120452
120480
120620
120787
120913
120981
121069
121249
121324
121448
121502
121613
121763
121917
122004
122205
122378
122471
122642
122731
122818
122986
123100
123254
123282
123373
123480
123630
123812
123951
124005
124054
124115
124142
124329
124453
124623
124717
124743
124822
124968
125088
125301
125441
125683
125730
125930
126062
126088
126203
126343
126410
126466
126486
126672
126773
126891
127026
127193
127237
127324
127403
127580
127672
127680
127733
127783
127927
128034
128040
128075
128159
128343
128426
128555
128636
128734
128892
128985
129044
129174
129254
129376
129513
129554
129640
129652
129715
129807
129970
130056
130206
130344
130404
130430
130586
130708
130746
130825
130868
130906
130920
131040
131140
131247
131289
131291
131438
131508
131572
131612
131775
131825
131876
131943
132040
132171
132344
132390
132457
132630
132733
132914
133076
133209
133331
133408
133483
133526
133640
133826
133924
133979
134058
134162
134273
134466
134468
134554
134617
134669
134832
134904
134967
135137
135288
135387
135520
135683
135757
135813
135946
136103
136151
136198
136251
136273
136461
136519
136600
136719
136830
137018
137160
137247
137266
137376
137494
137607
137726
137758
137883
137936
138052
138204
138357
138533
138698
138870
138964
139035
139140
139304
139439
139525
139578
139689
139723
139823
139880
139979
140080
140214
140258
140400
140515
140580
140792
140927
140980
141003
141061
141212
141314
141363
141491
141671
141774
141899
141947
142102
142179
142268
142398
142491
142528
142673
142781
142864
142910
143122
143253
143353
143368
143505
143648
143711
143888
143920
144005
144119
144197
144249
144303
144311
144401
144521
144617
144629
144722
144774
144819
144885
144965
145014
145058
145080
145175
145311
145465
145587
145777
145792
145898
146030
146150
146217
146441
146584
146689
146778
146870
147037
147160
147253
147386
147414
147589
147744
147962
148033
148188
148204
148230
148323
148464
148578
148661
148772
148841
148972
148991
149140
149228
149302
149374
149487
149563
149676
149824
149937
149958
150079
150193
150332
150336
150406
150532
150629
150697
150800
150829
150922
150991
151077
151172
151240
151388
151481
151536
151630
151797
151908
151942
152016
152183
152322
152427
152518
152618
152667
152776
152952
153038
153105
153246
153340
153450
153611
153709
153819
153905
154069
154150
154193
154288
154326
154423
154491
154505
154543
154634
154699
154851
154921
155032
155073
155156
155214
155243
155258
155354
155441
155572
155754
155844
155869
155905
156060
156101
156190
156218
156410
156535
156615
156683
156818
156924
156972
157136
157197
157279
157392
157451
157499
157588
157670
157735
157870
158031
158150
158233
158373
158436
158594
158680
158768
158776
158911
159037
159090
159119
159250
159307
159402
159518
159614
159675
159778
159922
159991
160068
160150
160198
160278
160350
160467
160483
160593
160684
160740
160842
160948
161067
161141
161215
161247
161332
161382
161521
161677
161727
161841
161945
162052
162199
162260
162529
162627
162764
162789
162854
162899
163002
163125
163295
163332
163436
163487
163674
163732
163841
163908
163983
163999
164020
164116
164241
164368
164480
164571
164589
164694
164830
164975
165109
165170
165309
165461
165541
165650
165826
165981
166066
166130
166257
166383
166494
166532
166626
166714
166760
166977
167090
167205
167344
167504
167512
167579
167613
167652
167773
167839
167994
168107
168131
168202
168257
168391
168479
168599
168700
168725
168824
168927
169002
169094
169107
169188
169306
169403
169548
169647
169814
169898
169974
170014
170126
170210
170290
170394
170539
170647
170650
170721
170847
170878
170967
171005
171096
171248
171344
171407
171517
171733
171746
171799
171839
171855
171940
172071
172199
172291
172395
172523
172543
172680
172750
172930
173048
173169
173249
173327
173350
173411
173544
173670
173747
173765
173837
174062
174190
174273
174306
174441
174496
174599
174711
174821
174912
174964
174990
175044
175138
175207
175323
175457
175635
175759
175832
175987
176052
176201
176292
176437
176575
176666
176709
176750
176930
177047
177089
177179
177231
177286
177419
177477
177549
177668
177717
177811
177983
178075
178141
178230
178282
178371
178504
178572
178724
178847
178959
179076
179171
179310
179358
179417
179530
179704
179804
179866
179949
180024
180135
180217
180294
180371
180379
180441
180512
180677
180813
180887
180964
181070
181274
181361
181449
181494
181618
181751
181887
181918
182065
182233
182312
182417
182492
182536
182688
182821
182987
183098
183189
183250
183346
183368
183532
183581
183650
183734
183808
183995
184009
184179
184250
184316
184418
184456
184519
184588
184769
184907
185078
185218
185353
185418
185509
185629
185701
185766
185803
185962
186082
186174
186216
186333
186460
186558
186701
186742
186787
186853
186877
186948
187016
187223
187396
187492
187565
187582
187609
187688
187797
187917
188017
188098
188207
188326
188407
188419
188483
188669
188678
188770
188783
188802
188877
188953
189128
189173
189305
189357
189411
189461
189575
189652
189857
189991
190061
190155
190254
190408
190572
190703
190860
190985
191053
191085
191138
191245
191312
191485
191572
191605
191756
191906
191996
192085
192182
192351
192453
192520
192576
192681
192786
192838
192965
193058
193105
193280
193428
193517
193571
193711
193864
193908
194055
194260
194383
194571
194632
194748
194846
194945
195082
195167
195353
195503
195556
195604
195699
195821
196012
196159
196320
196403
196461
196535
196660
196703
196746
196905
197010
197040
197145
197213
197330
197348
197567
197636
197762
197893
197899
198040
198135
198164
198194
198333
198388
198418
198520
198569
198630
198668
198702
198837
198893
198965
199109
199168
199278
199417
199535
199676
199780
199938
200050
200169
200334
200427
200579
200711
200848
200986
201051
201122
201147
201233
201314
201366
201499
201629
201691
201693
201848
201909
201943
202041
202120
202183
202310
202456
202560
202609
202694
202812
202847
202907
203000
203071
203092
203248
203264
203407
203499
203709
203830
203922
203934
203955
204136
204258
204382
204416
204475
204499
204584
204604
204717
204753
204837
204888
204983
205011
205062
205111
205230
205354
205429
205547
205667
205787
205878
205956
206029
206168
206296
206397
206441
206461
206578
206584
206674
206745
206920
207075
207098
207102
207234
207368
207477
207496
207537
207582
207631
207659
207714
207765
207870
208027
208144
208261
208393
208404
208566
208637
208680
208719
208825
208940
209026
209109
209184
209201
209266
209388
209519
209608
209798
209988
210152
210259
210379
210490
210551
210638
210676
210730
210835
210872
210967
211034
211058
211204
211254
211336
211420
211501
211670
211753
211800
211860
211892
211985
212164
212231
212394
212543
212564
212590
212643
212669
212751
212973
212989
213142
213258
213312
213330
213341
213489
213609
213707
213757
213796
213983
213992
214041
214128
214204
214284
214397
214444
214614
214727
214851
214960
215129
215238
215303
215520
215565
215605
215744
215918
216012
216184
216311
216391
216573
216688
216732
216832
216893
216988
217108
217142
217312
217364
217408
217566
217626
217781
217805
217910
218055
218204
218311
218368
218496
218538
218636
218721
218765
218881
219039
219134
219217
219263
219429
219575
219614
219635
219696
219791
219925
220001
220126
220197
220293
220362
220529
220655
220729
220838
220973
220999
221145
221185
221336
221420
221543
221635
221743
221851
221989
222092
222120
222198
222351
222451
222592
222703
222821
222966
223026
223096
223114
223250
223295
223366
223537
223583
223655
223701
223772
223831
223929
224044
224229
224380
224510
224565
224695
224792
224856
225001
225101
225267
225355
225391
225483
225637
225685
225762
225785
225855
225934
226060
226168
226329
226445
226551
226704
226744
226857
227017
227073
227216
227316
227534
227669
227846
227927
228049
228195
228304
228372
228439
228588
228657
228694
228802
228844
229033
229044
229129
229285
229322
229347
229394
229546
229659
229688
229738
229785
229833
230025
230116
230232
230237
230267
230375
230453
230524
230608
230666
230744
230809
230897
231059
231118
231259
231348
231441
231488
231555
231660
231786
231850
231896
231965
232088
232255
232387
232435
232504
232561
232680
232855
232967
233052
233182
233257
233395
233522
233603
233626
233710
233755
233842
233906
234022
234111
234264
234403
234431
234501
234591
234625
234769
234831
234915
234980
235023
235085
235188
235304
235432
235538
235682
235772
235925
236028
236145
236261
236305
236359
236399
236493
236536
236667
236682
236745
236855
236962
237130
237180
237324
237443
237546
237563
237627
237804
237830
237893
238003
238135
238302
238352
238484
238514
238623
238773
238887
239049
239164
239245
239376
239411
239536
239581
239633
239676
239740
239747
239844
239846
239984
240153
240254
240293
240306
240405
240496
240572
240697
240863
241026
241126
241192
241315
241360
241466
241549
241672
241780
241884
242001
242028
242098
242147
242214
242307
242389
242461
242614
242705
242837
242850
242984
243118
243183
243233
243325
243519
243645
243726
243812
243898
243994
244085
244121
244209
244278
244386
244459
244599
244719
244776
244847
244882
244938
245026
245129
245275
245374
245413
245564
245656
245658
245835
245911
246047
246091
246143
246263
246283
246360
246470
246560
246566
246718
246777
246869
246961
247127
247237
247307
247448
247572
247658
247739
247807
247815
247928
248032
248165
248227
248259
248297
248325
248377
248504
248590
248710
248879
248928
249018
249071
249131
249289
249340
249390
249486
249642
249766
249886
249985
250165
250295
250339
250492
250611
250761
250874
250946
251006
251045
251083
251229
251403
251515
251552
251647
251857
251931
251972
252078
252143
252235
252332
252334
252454
252520
252662
252853
252881
252959
253005
253051
253109
253221
253305
253413
253498
253604
253682
253756
253771
253910
253959
254142
254184
254222
254228
254356
254440
254599
254664
254808
254849
254975
255078
255182
255301
255306
255446
255523
255597
255712
255790
255914
256071
256174
256237
256377
256537
256679
256805
256853
256909
257065
257200
257268
257306
257430
257499
257530
257658
257721
257893
258087
258160
258293
258400
258457
258538
258657
258749
258874
259051
259190
259296
259495
259611
259680
259746
259864
259917
260148
260155
260296
260344
260400
260473
260630
260668
260790
260879
260975
261045
261108
261178
261316
261455
261564
261692
261808
261848
261987
262116
262155
262189
262374
262542
262634
262762
262842
262936
262999
263119
263252
263373
263437
263470
263604
263738
263793
263865
263892
264010
264032
264068
264145
264224
264320
264424
264556
264647
264725
264812
264888
264927
265047
265121
265151
265213
265304
265311
265446
265566
265629
265697
265796
265853
265978
266060
266185
266262
266284
266317
266430
266539
266553
266674
266791
266937
267086
267181
267244
267342
267415
267547
267567
267682
267825
267918
268134
268220
268291
268368
268498
268575
268636
268704
268738
268822
268901
269016
269148
269217
269223
269402
269436
269475
269548
269650
269753
269877
269989
270158
270182
270252
270301
270427
270469
270628
270789
270902
271035
271169
271256
271433
271549
271666
271772
271844
271887
272076
272176
272259
272263
272379
272490
272600
272661
272734
272855
272957
273045
273096
273199
273345
273371
273488
273607
273672
273710
273922
274050
274214
274313
274423
274450
274533
274722
274754
274860
274903
274992
275073
275196
275230
275289
275433
275554
275615
275699
275766
275817
275955
276044
276169
276237
276374
276440
276511
276651
276739
276853
276937
277014
277104
277165
277273
277390
277500
277566
277608
277762
277862
278002
278136
278251
278319
278366
278472
278597
278743
278839
278920
279049
279183
279279
279432
279476
279580
279617
279735
279819
279915
280045
280260
280264
280298
280369
280496
280603
280702
280757
280880
280956
281100
281116
281165
281345
281453
281576
281600
281714
281748
281884
281925
281984
282085
282188
282269
282367
282457
282595
282731
282818
283012
283171
283301
283480
283680
283761
283791
283849
283894
284074
284180
284252
284365
284464
284584
284685
284797
284853
285000
285046
285088
285178
285209
285333
285518
285567
285628
285748
285838
285904
286004
286012
286027
286159
286161
286203
286335
286421
286502
286562
286699
286839
286874
286952
286973
287174
287238
287292
287373
287510
287569
287709
287792
287830
287836
288010
288107
288304
288366
288471
288557
288651
288660
288796
288879
288995
289126
289296
289417
289468
289540
289613
289634
289696
289705
289793
289938
289965
290061
290091
290170
290214
290374
290479
290568
290688
290763
290909
290970
291015
291072
291126
291252
291329
291365
291443
291572
291668
291744
291867
291992
292052
292108
292205
292283
292363
292421
292513
292546
292696
292832
293023
293091
293211
293326
293498
293568
293604
293615
293710
293788
293844
293994
294166
294213
294268
294307
294421
294490
294511
294568
294748
294823
294922
295032
295046
295236
295373
295498
295652
295710
295828
295971
296034
296177
296370
296505
296531
296606
296762
296794
296968
297083
297170
297216
297338
297518
297625
297677
297738
297922
297988
298116
298234
298334
298391
298444
298503
298560
298605
298698
298839
298946
298956
299198
299356
299427
299585
299610
299674
299783
299864
299941
299978
300162
300244
300270
300421
300599
300622
300703
300758
300925
301031
301215
301354
301499
301602
301690
301819
301976
302128
302185
302218
302282
302386
302473
302653
302705
302800
302845
302959
302982
303070
303169
303247
303381
303450
303543
303556
303602
303758
303817
303877
303931
303967
304032
304068
304121
304247
304320
304467
304556
304663
304809
304899
304953
305002
305121
305213
305253
305358
305388
305478
305632
305761
305812
305973
306089
306227
306305
306346
306456
306613
306699
306806
306851
306894
307009
307093
307279
307397
307497
307546
307663
307684
307848
307886
308021
308135
308247
308446
308595
308660
308700
308845
308969
309045
309163
309234
309327
309516
309573
309651
309765
309833
309921
310016
310127
310181
310238
310376
310490
310630
310791
310925
310995
311052
311168
311259
311284
311366
311500
311539
311546
311671
311780
311820
311909
311969
312043
312069
312224
312376
312524
312574
312698
312786
312888
313065
313151
313305
313361
313448
313597
313658
313719
313809
313886
313922
313997
314127
314186
314245
314291
314404
314554
314584
314810
314865
314925
314990
315007
315079
315204
315325
315493
315557
315708
315810
315896
316020
316130
316229
316270
316386
316464
316554
316608
316773
316849
316909
316954
317030
317061
317170
317232
317416
317510
317582
317624
317757
317871
317982
318059
318181
318252
318302
318445
318572
318644
318744
318788
318895
319013
319218
319296
319405
319488
319543
319631
319747
319844
319945
320014
320023
320102
320217
320372
320495
320604
320704
320791
320934
321031
321150
321263
321351
321429
321528
321595
321691
321738
321775
321935
322046
322154
322202
322314
322382
322503
322590
322694
322862
323007
323055
323070
323197
323279
323429
323446
323508
323595
323700
323831
323933
324040
324157
324218
324388
324482
324562
324652
324732
324805
324844
324990
325152
325199
325331
325456
325500
325646
325832
325952
326028
326186
326279
326409
326558
326735
326880
326981
327048
327161
327299
327399
327540
327598
327636
327758
327815
327855
327958
328075
328132
328237
328346
328502
328709
328722
328825
328861
328934
329026
329087
329169
329239
329292
329402
329471
329549
329621
329681
329728
329858
329878
329948
330046
330163
330298
330472
330550
330654
330729
330916
330956
331100
331232
331242
331246
331345
331430
331573
331750
331897
331989
332131
332183
332253
332274
332386
332394
332503
332632
332766
332893
332951
333059
333093
333198
333256
333334
333505
333598
333698
333849
333901
334034
334179
334282
334353
334544
334635
334713
334822
334894
334996
335066
335225
335326
335385
335472
335562
335648
335708
335754
335772
335884
335983
336135
336248
336419
336535
336698
336778
336856
336914
336999
337103
337202
337404
337520
337535
337632
337647
337674
337729
337854
337928
338010
338178
338329
338463
338574
338691
338743
338850
338943
338980
339025
339082
339181
339217
339358
339400
339476
339570
339644
339747
339820
339880
339960
340062
340177
340294
340380
340476
340566
340624
340688
340765
340838
340945
340954
341100
341277
341448
341513
341669
341818
341932
342054
342212
342294
342460
342622
342708
342816
342986
343060
343217
343345
343461
343519
343667
343802
343882
343914
343951
344093
344175
344300
344388
344442
344494
344586
344671
344745
344835
344899
344919
345030
345087
345154
345281
345359
345439
345516
345680
345782
345865
345920
346007
346098
346115
346231
346354
346474
346577
346662
346845
346852
346921
347033
347111
347211
347371
347504
347649
347792
347891
347941
347952
348016
348060
348109
348330
348467
348482
348607
348649
348687
348801
348887
348955
349033
349133
349227
349370
349493
349642
349743
349765
349900
350001
350074
350157
350233
350431
350448
350579
350705
350815
350899
351009
351211
351308
351426
351535
351662
351772
351813
351944
352032
352070
352116
352174
352251
352460
352551
352645
352731
352793
352906
352962
353090
353177
353224
353361
353402
353554
353597
353820
353942
354165
354293
354360
354458
354592
354819
354949
355021
355043
355152
355298
355471
355609
355712
355822
355942
356036
356159
356255
356394
356524
356630
356721
356831
356982
357082
357169
357281
357394
357547
357624
357764
357916
357979
358006
358087
358138
358249
358330
358404
358466
358540
358601
358734
358782
358848
358973
359064
359216
359329
359524
359555
359643
359699
359726
359788
359922
360128
360154
360311
360453
360508
360569
360748
360809
360825
360995
361089
361210
361290
361385
361432
361489
361562
361647
361799
361832
361894
362016
362159
362220
362379
362412
362450
362566
362618
362693
362857
362971
363071
363214
363355
363479
363561
363693
363794
363848
363929
363994
364087
364203
364326
364456
364570
364673
364872
364976
365136
365251
365287
365374
365382
365424
365595
365761
365833
365907
365933
366039
366077
366116
366247
366329
366364
366576
366693
366779
366949
367013
367132
367294
367412
367452
367564
367582
367657
367806
367926
368089
368184
368257
368340
368482
368589
368676
368789
368912
369082
369236
369395
369607
369761
369889
370007
370162
370326
370461
370580
370728
370824
370905
371031
371149
371241
371338
371471
371551
371564
371642
371679
371761
371842
371889
371942
371968
372052
372134
372268
372356
372463
372578
372676
372718
372831
372924
373019
373060
373175
373189
373391
373432
373559
373647
373724
373904
374100
374165
374175
374296
374413
374503
374595
374670
374817
374957
375020
375114
375146
375190
375280
375335
375416
375463
375546
375607
375652
375766
375863
375963
376086
376272
376406
376599
376723
376808
376936
377019
377273
377382
377474
377591
377643
377706
377779
377932
378008
378031
378107
378151
378217
378237
378315
378465
378655
378748
378923
378985
379082
379213
379323
379428
379456
379560
379631
379673
379685
379705
379834
379898
379970
380099
380109
380289
380486
380605
380705
380832
381016
381126
381254
381281
381354
381484
381558
381743
381766
381822
381905
382023
382074
382159
382295
382443
382570
382707
382891
382943
383065
383170
383223
383271
383293
383324
383480
383567
383575
383759
383826
383884
384031
384084
384180
384278
384379
384475
384570
384709
384717
384768
384894
385037
385135
385243
385307
385423
385555
385668
385684
385712
385736
385802
385892
385956
386032
386101
386247
386307
386314
386366
386403
386461
386512
386575
386659
386796
386925
386944
387073
387210
387241
387363
387466
387626
387674
387805
387968
388115
388219
388286
388380
388514
388674
388828
388910
389006
389122
389144
389215
389384
389485
389578
389689
389820
389961
390030
390189
390241
390334
390495
390584
390686
390761
390850
390875
391003
391115
391221
391366
391490
391566
391661
391735
391900
391987
392066
392085
392182
392210
392303
392443
392480
392605
392686
392772
392825
392865
392939
393134
393234
393325
393488
393604
393763
393836
393978
394088
394163
394311
394370
394570
394772
394806
394921
395020
395104
395186
395274
395385
395486
395599
395700
395798
395898
395978
396088
396149
396302
396448
396472
396510
396628
396747
396798
396888
397001
397085
397146
397165
397280
397392
397537
397616
397669
397712
397779
397846
397981
398157
398251
398340
398531
398640
398800
398869
398927
398970
399061
399178
399258
399318
399396
399501
399681
399890
399905
399932
400106
400231
400375
400507
400636
400749
400934
400983
401007
401190
401289
401309
401419
401518
401647
401678
401723
401749
401830
401915
401970
402066
402126
402220
402299
402381
402562
402572
402649
402737
402792
402894
402946
403084
403336
403367
403510
403542
403666
403719
403774
403903
403938
404105
404237
404341
404487
404560
404631
404784
404852
404938
404997
405088
405260
405310
405411
405547
405630
405660
405731
405838
405897
406101
406194
406240
406341
406463
406617
406762
406836
406923
407024
407162
407241
407285
407398
407533
407628
407720
407806
407885
408012
408104
408250
408272
408340
408359
408382
408493
408592
408638
408686
408789
408851
408940
409014
409116
409203
409375
409460
409576
409652
409673
409799
409912
410047
410155
410277
410322
410483
410602
410775
410818
410900
411032
411148
411269
411314
411353
411457
411517
411667
411678
411789
411863
411947
412061
412090
412192
412303
412390
412513
412551
412646
412775
412896
412986
413094
413172
413333
413418
413508
413551
413612
413707
413788
413959
414047
414122
414236
414320
414415
414591
414680
414740
414901
414995
415069
415117
415230
415379
415431
415541
415620
415635
415688
415807
415810
416023
416095
416216
416265
416287
416398
416479
416513
416555
416571
416634
416708
416877
416952
417060
417198
417211
417352
417503
417596
417707
417875
417989
418184
418254
418369
418531
418580
418775
418821
418894
418943
418957
419022
419152
419241
419297
419440
419580
419649
419758
419878
419994
420145
420188
420246
420389
420448
420572
420751
420827
420905
421026
421134
421183
421206
421260
421302
421396
421433
421556
421700
421784
421897
421928
421989
422103
422230
422326
422381
422559
422646
422758
422835
422901
423003
423088
423211
423313
423477
423558
423645
423729
423808
423835
423955
424038
424174
424249
424405
424544
424574
424663
424691
424886
425036
425139
425270
425281
425415
425483
425580
425714
425837
425931
426194
426196
426215
426334
426412
426526
426629
426712
426771
426812
426903
427022
427120
427175
427376
427389
427439
427535
427684
427783
427868
428000
428048
428206
428219
428355
428459
428590
428706
428788
428974
429168
429260
429329
429430
429521
429664
429798
429867
429953
430140
430187
430333
430482
430547
430637
430811
430909
431042
431161
431263
431333
431388
431525
431561
431582
431702
431854
431930
432061
432143
432230
432307
432365
432495
432556
432696
432846
432941
433080
433230
433338
433393
433549
433594
433673
433826
433907
433975
434032
434192
434371
434531
434633
434712
434774
434926
434968
435156
435229
435283
435328
435395
435469
435568
435684
435765
435869
435961
436080
436222
436386
436443
436538
436595
436735
436833
436986
436988
437143
437205
437277
437360
437402
437486
437601
437675
437795
437953
438068
438173
438263
438323
438377
438473
438531
438612
438670
438799
438923
439025
439052
439159
439244
439330
439432
439565
439707
439778
439889
440040
440126
440209
440297
440393
440442
440545
440677
440764
440848
440994
441110
441185
441253
441389
441427
441586
441607
441705
441785
441886
442013
442114
442299
442406
442414
442590
442633
442685
442742
442847
442873
443010
443098
443147
443326
443385
443407
443490
443615
443666
443751
443851
443880
443993
444080
444176
444324
444468
444516
444558
444672
444760
444852
445006
445070
445137
445212
445322
445410
445446
445477
445599
445652
445757
445819
445910
445953
446006
446108
446210
446371
446575
446621
446687
446807
446914
447026
447106
447178
447315
447427
447554
447657
447736
447801
447914
448049
448106
448169
448309
448355
448455
448563
448622
448755
448858
448867
448918
449093
449166
449236
449338
449505
449634
449709
449828
449992
450088
450166
450267
450368
450462
450517
450671
450760
450848
450980
451047
451151
451215
451347
451507
451598
451784
451849
451951
452032
452091
452182
452226
452275
452372
452477
452639
452671
452812
452934
452982
453116
453140
453200
453340
453440
453528
453576
453645
453691
453828
453952
454003
454104
454205
454318
454377
454476
454546
454642
454704
454818
454890
455022
455084
455136
455243
455392
455439
455509
455633
455730
455841
455935
456041
456146
456253
456350
456469
456556
456724
456767
456881
456993
457099
457289
457400
457529
457609
457671
457793
457904
457928
457978
458036
458108
458258
458377
458493
458533
458637
458694
458819
458875
458962
459067
459108
459172
459294
459395
459438
459580
459670
459769
459884
459959
460132
460262
460398
460437
460530
460679
460796
460929
461062
461075
461281
461379
461448
461535
461671
461825
462006
462154
462252
462319
462357
462418
462509
462635
462734
462878
462998
463030
463082
463161
463242
463363
463403
463483
463582
463682
463746
463799
463844
463972
464170
464261
464392
464465
464627
464693
464834
464916
465054
465122
465218
465321
465398
465544
465621
465723
465873
465911
466035
466186
466202
466306
466375
466458
466529
466554
466555
466567
466664
466731
466923
467006
467060
467138
467257
467353
467462
467485
467579
467635
467757
467879
467984
468149
468282
468381
468584
468759
468889
468982
469030
469036
469160
469311
469338
469432
469470
469603
469703
469769
469897
470023
470035
470097
470307
470405
470527
470587
470738
470791
470914
470989
471075
471186
471251
471281
471464
471543
471626
471692
471750
471811
471965
472011
472093
472110
472240
472397
472511
472696
472804
472825
472865
472891
472950
473027
473155
473198
473279
473371
473435
473473
473639
473752
473756
473829
473916
474043
474096
474208
474302
474375
474480
474612
474682
474687
474743
474850
475003
475179
475281
475388
475515
475631
475702
475756
475801
475855
476021
476026
476136
476256
476283
476427
476500
476599
476660
476805
476894
476981
477115
477266
477368
477433
477582
477684
477768
477854
477914
477934
478040
478095
478179
478310
478439
478526
478544
478626
478795
478882
478988
479049
479139
479240
479368
479481
479559
479653
479709
479841
479921
480075
480213
480286
480399
480515
480563
480670
480846
480871
480998
481142
481297
481323
481421
481478
481495
481520
481592
481637
481739
481805
481853
481898
482101
482174
482229
482327
482423
482445
482476
482539
482733
482781
482841
482918
482986
483049
483095
483155
483245
483313
483406
483497
483587
483643
483764
483833
483983
484107
484188
484223
484353
484479
484580
484687
484748
484822
484859
484991
485165
485289
485391
485469
485495
485562
485692
485859
486060
486166
486319
486469
486524
486588
486725
486726
486761
486846
486950
487017
487239
487293
487395
487509
487647
487664
487770
487823
487911
487971
488062
488212
488355
488506
488583
488693
488736
488817
488968
488993
489104
489249
489307
489387
489462
489551
489780
489887
489950
489988
490045
490184
490261
490319
490389
490437
490527
490637
490664
490739
490845
490957
491039
491186
491359
491446
491553
491611
491743
491906
491989
492040
492139
492235
492373
492436
492540
492616
492758
492843
492967
493076
493124
493213
493289
493423
493588
493648
493799
493952
494035
494159
494190
494315
494423
494559
494603
494708
494851
494920
495004
495076
495185
495305
495408
495508
495569
495740
495800
495867
496067
496087
496186
496302
496407
496475
496527
496654
496744
496848
496868
496964
497044
497187
497277
497427
497533
497631
497705
497882
497930
498087
498252
498286
498352
498432
498567
498708
498873
498972
499148
499235
499252
499313
499393
499586
499721
499762
499780
499863
499995
500119
500160
500203
500263
500311
500378
500481
500626
500677
500750
500769
500903
500975
501142
501236
501331
501506
501590
501685
501784
501812
501856
501919
502084
502225
502300
502396
502409
502412
502542
502668
502788
502920
503097
503169
503289
503355
503464
503580
503702
503757
503785
503975
504083
504130
504225
504279
504381
504480
504562
504631
504766
504830
504914
504999
505031
505171
505265
505397
505515
505590
505665
505868
505937
506063
506187
506263
506420
506432
506596
506784
506920
507011
507116
507209
507349
507488
507588
507647
507649
507786
507818
507883
508020
508128
508179
508297
508339
508547
508657
508732
508812
508892
508911
509017
509131
509233
509389
509532
509566
509676
509783
509881
509992
510088
510167
510250
510372
510549
510599
510737
510772
510903
510961
511032
511136
511289
511417
511451
511485
511618
511747
511844
512014
512128
512219
512330
512522
512676
512813
512906
512947
513042
513179
513322
513427
513643
513767
513809
513918
513980
514110
514137
514206
514377
514484
514539
514681
514782
514827
514937
515042
515118
515156
515310
515421
515541
515576
515629
515676
515753
515879
515934
516020
516063
516164
516267
516391
516478
516549
516612
516661
516748
516797
516850
517030
517118
517252
517416
517467
517477
517541
517644
517770
517903
518088
518268
518322
518429
518487
518606
518679
518778
518895
518983
519100
519163
519307
519472
519610
519703
519777
519936
520019
520038
520122
520137
520244
520380
520494
520532
520637
520662
520785
520810
520898
520994
521050
521083
521220
521377
521473
521593
521691
521821
521905
521959
522096
522219
522283
522320
522433
522500
522591
522673
522761
522870
523013
523153
523280
523394
523511
523569
523672
523806
523852
523967
524100
524146
524208
524323
524383
524504
524643
524750
524804
524885
524933
524941
525055
525242
525312
525388
525411
525450
525548
525635
525736
525832
525968
526109
526175
526245
526320
526490
526659
526756
526961
526979
527053
527159
527248
527403
527584
527693
527721
527792
527922
528056
528118
528224
528353
528465
528487
528598
528668
528779
528950
529100
529264
529285
529328
529421
529542
529653
529880
529993
530053
530094
530279
530440
530511
530643
530688
530761
530845
530926
530985
531143
531216
531298
531507
531692
531707
531900
532017
532091
532160
532305
532409
532579
532624
532670
532735
532815
532856
532960
533072
533141
533301
533389
533483
533598
533739
533852
533899
533934
534014
534083
534147
534202
534425
534470
534487
534643
534727
534842
534950
534992
535041
535113
535131
535274
535449
535552
535597
535711
535799
535900
535986
536115
536158
536291
536344
536483
536591
536753
536871
536945
537037
537099
537286
537344
537345
537514
537606
537722
537855
537869
537978
538165
538250
538308
538461
538507
538606
538659
538750
538847
538996
539095
539221
539293
539371
539515
539719
539842
540010
540152
540274
540336
540366
540506
540577
540674
540763
540867
540953
540979
541057
541085
541157
541230
541386
541444
541602
541656
541718
541771
541819
541913
541976
541989
542072
542175
542301
542375
542461
542535
542625
542690
542743
542859
542931
542989
543104
543121
543214
543310
543385
543499
543514
543529
543614
543726
543850
543941
544047
544091
544264
544316
544322
544402
544530
544636
544689
544743
544883
544972
545049
545111
545204
545337
545376
545385
545452
545515
545536
545656
545724
545775
545838
545909
546024
546152
546180
546350
546389
546493
546594
546650
546705
546801
546905
546928
547056
547166
547261
547375
547462
547632
547711
547805
547937
547993
548090
548168
548303
548390
548436
548585
548664
548702
548739
548823
548964
549082
549246
549381
549453
549490
549660
549778
549805
549929
549969
550005
550099
550257
550377
550542
550587
550601
550716
550899
550992
551059
551190
551252
551311
551420
551482
551556
551602
551625
551743
551819
551889
552033
552055
552177
552275
552429
552501
552607
552705
552736
552903
552988
553025
553079
553177
553300
553462
553646
553768
553891
553998
554057
554102
554172
554382
554549
554717
554752
554923
555002
555034
555098
555224
555264
555393
555476
555542
555599
555703
555878
555914
556022
556178
556255
556385
556548
556638
556784
556893
557001
557111
557226
557309
557462
557565
557654
557719
557804
557910
557982
558043
558148
558229
558358
558551
558631
558773
558829
558932
558994
559133
559248
559250
559318
559428
559575
559754
559849
559918
559951
560027
560086
560174
560265
560407
560467
560549
560678
560870
560998
561158
561253
561320
561355
561465
561587
561648
561822
561943
562045
562192
562259
562366
562399
562538
562611
562702
562771
562905
563081
563133
563162
563250
563386
563489
563676
563693
563793
563917
564009
564124
564203
564318
564351
564495
564595
564778
564934
565059
565156
565211
565263
565395
565397
565450
565525
565566
565657
565701
565763
565837
565870
565938
565982
566058
566274
566381
566457
566579
566797
566934
567002
567097
567159
567333
567411
567486
567644
567666
567787
567875
567938
568092
568116
568128
568236
568349
568443
568559
568635
568761
568778
568915
569062
569103
569214
569303
569402
569501
569603
569747
569806
569939
570032
570125
570267
570370
570423
570557
570592
570671
570737
570847
570923
571010
571121
571208
571237
571361
571422
571542
571609
571766
571845
571911
572036
572268
572401
572473
572554
572631
572673
572712
572814
572844
572912
573020
573072
573102
573157
573240
573259
573346
573435
573560
573680
573735
573823
573929
574006
574117
574213
574272
574304
574359
574516
574617
574764
574919
574994
575087
575211
575285
575351
575515
575595
575741
575771
575796
575934
576094
576197
576276
576401
576420
576566
576598
576749
576912
576996
577139
577201
577272
577324
577461
577589
577732
577828
577882
577941
577980
578091
578106
578200
578248
578416
578575
578660
578745
578823
578997
579089
579221
579390
579519
579560
579672
579697
579747
579799
579843
579882
580007
580093
580191
580295
580386
580454
580519
580589
580682
580757
580841
580958
580986
581124
581262
581433
581550
581575
581638
581700
581779
581807
581887
581968
582110
582316
582431
582522
582653
582690
582694
582836
582969
583087
583179
583235
583364
583568
583666
583785
583999
584094
584226
584329
584445
584571
584647
584673
584812
584942
585086
585207
585359
585422
585544
585692
585841
585977
586132
586291
586441
586471
586508
586533
586571
586644
586700
586776
586942
587141
587275
587343
587436
587451
587557
587721
587834
587920
588022
588086
588148
588171
588308
588402
588478
588601
588794
588856
588920
588922
589053
589121
589208
589312
589348
589363
589434
589595
589742
589816
589893
590026
590117
590215
590244
590341
590453
590576
590700
590756
590896
591087
591156
591199
591334
591424
591559
591667
591764
591848
591993
592054
592204
592263
592363
592526
592640
592692
592775
592862
592910
593046
593180
593268
593333
593426
593534
593655
593721
593790
593919
594017
594070
594180
594225
594296
594432
594450
594469
594532
594653
594755
594846
594982
595035
595091
595220
595255
595273
595357
595450
595519
595654
595731
595788
595813
595925
595995
596005
596087
596222
596263
596393
596564
596654
596754
596811
596883
596983
597061
597105
597184
597270
597376
597454
597610
597732
597872
597963
598003
598125
598231
598485
598626
598749
598787
598930
598998
599160
599250
599360
599364
599511
599527
599581
599714
599840
599912
600031
600047
600162
600207
600245
600269
600285
600439
600550
600598
600677
600739
600835
600935
601028
601132
601170
601208
601274
601440
601460
601597
601693
601719
601772
601816
601864
601905
602036
602078
602189
602222
602287
602351
602428
602503
602647
602676
602762
602851
602934
602961
603088
603228
603366
603480
603528
603642
603649
603796
603906
603985
604109
604184
604246
604264
604318
604436
604572
604695
604868
604947
605103
605154
605246
605280
605420
605485
605676
605747
605840
606011
606143
606290
606341
606560
606662
606772
606857
606861
606931
606982
607019
607061
607192
607296
607312
607337
607476
607586
607689
607773
607894
608034
608180
608279
608346
608416
608591
608633
608752
608837
609093
609178
609246
609416
609479
609609
609699
609760
609862
610022
610066
610074
610085
610109
610278
610382
610430
610571
610599
610652
610733
610867
610987
611160
611181
611337
611432
611558
611674
611873
611942
612066
612157
612263
612374
612608
612751
612915
612977
613094
613220
613336
613423
613630
613736
613830
613912
614014
614149
614360
614431
614474
614565
614652
614729
614768
614959
615041
615175
615298
615490
615556
615741
615886
616015
616104
616214
616304
616395
616551
616560
616678
616735
616894
616949
617042
617051
617121
617243
617439
617519
617727
617871
617924
618008
618139
618223
618386
618431
618579
618585
618594
618742
618745
618775
618784
618833
618946
619061
619140
619230
619314
619420
619508
619653
619820
619877
620065
620115
620221
620400
620483
620543
620710
620790
620842
620919
621061
621102
621184
621304
621460
621613
621696
621735
621846
621972
622038
622137
622202
622268
622433
622587
622631
622680
622898
623018
623100
623242
623262
623369
623490
623555
623661
623845
623948
623981
624089
624239
624403
624528
624607
624758
624864
624919
625015
625157
625273
625391
625478
625572
625638
625773
625865
626042
626110
626231
626392
626459
626514
626618
626749
626948
627016
627099
627102
627248
627332
627436
627554
627662
627699
627780
627918
627987
628035
628109
628202
628398
628509
628610
628615
628686
628780
628872
628941
629036
629204
629257
629305
629435
629512
629587
629658
629757
629906
629971
630021
630134
630370
630557
630624
630800
630960
631034
631113
631229
631299
631453
631502
631590
631789
631866
632023
632069
632120
632195
632300
632343
632461
632681
632698
632769
632887
632995
633069
633237
633288
633418
633486
633569
633632
633745
633863
633988
634084
634167
634257
634408
634434
634528
634588
634809
634956
635023
635089
635204
635426
635525
635544
635661
635745
635861
635998
636087
636212
636315
636423
636459
636564
636705
636831
636921
637000
637149
637313
637409
637508
637671
637816
637896
638025
638094
638193
638325
638426
638498
638532
638607
638695
638818
638984
639077
639221
639299
639331
639418
639474
639589
639632
639747
639861
639987
640046
640097
640098
640260
640335
640392
640427
640461
640566
640644
640743
640916
640984
641142
641211
641245
641306
641350
641454
641468
641561
641641
641718
641876
642008
642139
642219
642289
642457
642556
642579
642644
642724
642905
642950
643037
643135
643243
643486
643567
643624
643722
643823
643925
644014
644152
644163
644261
644364
644502
644670
644788
644952
645058
645200
645250
645301
645398
645492
645613
645714
645877
646094
646205
646285
646305
646426
646465
646601
646762
646874
646947
647090
647213
647296
647402
647453
647558
647680
647734
647803
647821
647855
648045
648144
648250
648307
648370
648385
648437
648590
648691
648797
648925
649013
649129
649221
649262
649351
649419
649451
649480
649612
649767
649935
649938
650066
650144
650225
650257
650431
650528
650607
650683
650756
650869
650950
651042
651207
651390
651527
651631
651752
651824
651892
652041
652109
652206
652304
652338
652457
652541
652595
652711
652771
652883
653009
653138
653253
653363
653478
653592
653719
653837
653897
653918
654054
654174
654205
654265
654409
654430
654513
654569
654629
654643
654648
654786
654896
655078
655146
655247
655316
655402
655507
655598
655749
655862
655964
656078
656222
656319
656422
656503
656600
656717
656927
656960
657026
657167
657291
657368
657397
657515
657549
657606
657671
657770
657934
658004
658125
658201
658209
658368
658511
658658
658816
658885
658890
659004
659035
659136
659226
659253
659365
659506
659675
659850
659954
660068
660195
660272
660362
660381
660493
660521
660607
660662
660736
660874
661020
661086
661169
661298
661433
661545
661604
661734
661870
661942
662097
662208
662284
662411
662517
662593
662636
662713
662831
662948
663049
663139
663303
663390
663508
663641
663783
663891
664029
664125
664189
664291
664417
664500
664567
664612
664738
664852
664890
664962
665022
665082
665153
665222
665344
665400
665423
665575
665642
665752
665784
665788
665873
665964
666037
666147
666300
666369
666485
666504
666612
666752
666853
666960
667127
667265
667294
667401
667538
667630
667689
667817
667922
667960
667988
668025
668177
668241
668335
668382
668467
668557
668710
668799
668833
668928
668935
669045
669139
669268
669347
669409
669442
669579
669735
669868
669960
670108
670239
670283
670409
670487
670605
670621
670772
670946
671098
671152
671318
671357
671453
671557
671688
671805
671879
671933
672009
672077
672146
672318
672357
672447
672471
672570
672668
672819
672901
673014
673165
673225
673310
673387
673459
673503
673597
673680
673781
673789
673863
673966
674066
674069
674183
674208
674320
674428
674489
674579
674687
674715
674826
674901
674938
675011
675134
675195
675397
675470
675572
675601
675647
675691
675822
675963
676061
676270
676398
676513
676661
676792
676973
677061
677183
677327
677447
677472
677576
677650
677741
677916
678022
678109
678146
678243
678367
678479
678660
678814
678949
678957
679052
679211
679310
679325
679419
679590
679644
679719
679747
679778
679875
679968
680008
680072
680172
680246
680402
680597
680703
680813
680925
680981
681112
681275
681287
681379
681400
681566
681709
681746
681969
682017
682087
682203
682358
682487
682622
682631
682706
682766
682912
682985
683103
683213
683306
683393
683450
683523
683665
683743
683929
684036
684143
684280
684294
684318
684412
684497
684575
684666
684799
684811
684937
684941
684953
685092
685223
685354
685497
685585
685667
685732
685899
686043
686210
686226
686286
686339
686355
686493
686528
686691
686855
686988
687136
687169
687211
687328
687410
687654
687776
687805
687831
687943
688068
688188
688396
688506
688655
688689
688742
688830
688995
689147
689205
689330
689459
689509
689575
689738
689802
689869
689930
690026
690149
690292
690300
690361
690373
690549
690558
690685
690694
690798
690926
691011
691101
691143
691258
691399
691488
691582
691663
691713
691861
691891
692043
692119
692178
692281
692393
692447
692509
692601
692732
692784
692872
692999
693053
693141
693297
693427
693525
693531
693537
693617
693690
693767
693819
693928
694027
694217
694312
694370
694453
694530
694588
694589
694656
694673
694737
694761
694850
694950
694967
695110
695358
695432
695474
695636
695787
695869
695960
696059
696169
696205
696315
696367
696447
696589
696639
696748
696950
697024
697073
697176
697277
697402
697482
697525
697586
697611
697716
697870
697932
698055
698133
698163
698224
698426
698622
698690
698840
699042
699200
699253
699377
699470
699606
699705
699877
699955
700076
700122
700250
700399
700457
700562
700637
700720
700935
701042
701213
701337
701354
701439
701525
701646
701782
701864
701984
702076
702268
702423
702555
702647
702762
702868
702975
703124
703129
703218
703318
703409
703484
703544
703624
703706
703743
703869
703935
704040
704184
704299
704450
704502
704642
704703
704741
704782
704815
704940
705039
705236
705270
705395
705485
705581
705587
705667
705726
705850
705947
706063
706170
706332
706453
706536
706673
706732
706856
707033
707119
707260
707366
707502
707661
707856
708013
708139
708168
708225
708378
708521
708705
708729
708863
708890
709048
709189
709273
709376
709440
709538
709651
709774
709837
709934
710023
710062
710155
710317
710385
710479
710597
710649
710777
710910
711004
711080
711132
711192
711332
711430
711616
711803
711926
711999
712102
712138
712192
712233
712328
712458
712565
712674
712734
712858
712888
712988
713079
713200
713370
713433
713588
713700
713815
713967
714078
714216
714292
714329
714362
714408
714512
714584
714628
714629
714754
714827
714894
714988
715024
715064
715162
715193
715280
715373
715474
715596
715678
715735
715825
715891
715988
716051
716205
716344
716413
716523
716592
716674
716783
716881
716985
717032
717156
717227
717349
717421
717435
717462
717485
717672
717821
717920
717981
718137
718237
718329
718416
718472
718573
718695
718782
718857
718982
719088
719208
719269
719358
719414
719542
719641
719748
719828
719913
720012
720042
720144
720210
720278
720343
720367
720524
720617
720642
720817
720912
720953
721081
721173
721303
721445
721529
721649
721742
721831
721926
722056
722188
722317
722422
722494
722605
722660
722778
722841
722993
723115
723224
723283
723432
723553
723747
723845
723970
724105
724175
724284
724443
724576
724671
724722
724767
724837
725035
725085
725228
725350
725407
725535
725599
725635
725746
725790
725991
726045
726105
726249
726374
726468
726513
726592
726653
726766
726852
726920
727017
727048
727054
727185
727239
727280
727379
727453
727604
727703
727812
727906
727990
728100
728143
728217
728283
728492
728623
728671
728767
728832
728926
729039
729176
729211
729290
729344
729417
729570
729679
729823
729847
729932
729987
730052
730111
730286
730333
730361
730447
730533
730696
730808
730946
731068
731268
731348
731489
731603
731645
731737
731832
731842
731926
731998
732220
732282
732353
732397
732536
732652
732685
732817
732883
732946
733159
733201
733301
733362
733500
733682
733741
733812
733911
734037
734079
734230
734317
734401
734496
734556
734684
734730
734791
734880
734923
735022
735073
735247
735394
735509
735595
735685
735729
735868
735927
736066
736082
736235
736390
736488
736611
736673
736727
736840
736973
736987
737047
737186
737217
737313
737485
737599
737692
737774
737881
737930
737968
738078
738167
738239
738295
738456
738653
738794
738853
738954
739054
739064
739160
739278
739359
739489
739663
739694
739772
739829
739906
739928
740063
740172
740289
740302
740416
740476
740600
740731
740867
740915
741005
741095
741104
741158
741223
741406
741539
741640
741699
741848
741910
742047
742145
742259
742345
742478
742563
742610
742687
742873
742994
743116
743200
743243
743371
743470
743512
743628
743676
743773
743880
743979
744067
744102
744156
744255
744364
744443
744574
744691
744803
744921
744989
745056
745169
745269
745320
745374
745431
745552
745698
745748
745924
746062
746198
746340
746408
746511
746585
746665
746729
746838
746872
746935
746961
746987
747123
747256
747462
747620
747797
747886
748034
748114
748222
748370
748434
748479
748566
748703
748806
748904
749010
749042
749181
749267
749394
749504
749533
749569
749684
749850
749907
750044
750152
750267
750440
750508
750579
750652
750738
750790
750844
750882
751027
751087
751176
751240
751288
751414
751476
751624
751713
751819
751927
751964
752075
752180
752291
752421
752518
752660
752726
752830
752965
753074
753202
753220
753272
753347
753378
753474
753506
753672
753754
753890
753922
754012
754210
754252
754366
754422
754541
754575
754592
754701
754835
754853
754937
755045
755218
755247
755259
755320
755407
755497
755539
755586
755617
755707
755837
755912
755987
756210
756268
756408
756500
756529
756605
756757
756886
757030
757096
757271
757397
757511
757702
757838
757910
757980
758066
758185
758300
758431
758566
758645
758799
758876
759035
759134
759369
759471
759628
759786
759887
759963
760054
760157
760338
760531
760635
760775
760887
760993
761102
761276
761287
761454
761580
761639
761663
761758
761875
762014
762156
762172
762356
762420
762592
762740
762835
762876
763005
763130
763303
763388
763519
763656
763757
763871
764020
764215
764341
764439
764472
764622
764757
764852
764880
764911
764918
765037
765103
765154
765324
765396
765480
765490
765624
765758
765878
765955
766077
766189
766314
766423
766451
766489
766601
766677
766731
766759
766848
766949
767021
767101
767140
767283
767289
767426
767543
767685
767801
767853
767979
768191
768301
768405
768463
768600
768618
768623
768780
768867
768930
768983
769022
769171
769197
769335
769434
769608
769768
769905
769988
770077
770188
770286
770358
770390
770540
770598
770648
770740
770819
770950
771036
771100
771181
771247
771313
771381
771476
771544
771595
771826
771890
772045
772159
772233
772353
772484
772584
772692
772839
772907
772933
772967
773108
773185
773298
773433
773504
773671
773715
773820
773880
773965
774036
774139
774220
774313
774409
774499
774573
774727
774886
775013
775053
775072
775213
775270
775358
775520
775623
775710
775811
775877
775905
775970
776102
776161
776255
776340
776396
776442
776566
776614
776623
776667
776761
776843
776972
776997
777064
777083
777249
777405
777525
777681
777803
777903
777910
777996
778072
778165
778199
778281
778374
778463
778599
778756
778842
778859
778949
779040
779150
779268
779324
779384
779484
779622
779758
779861
780001
780116
780185
780292
780363
780454
780522
780591
780760
780814
780927
781106
781302
781469
781528
781700
781756
781864
781966
782012
782158
782301
782418
782421
782530
782676
782769
782957
783006
783010
783105
783228
783375
783475
783576
783640
783754
783909
783929
784069
784173
784301
784512
784534
784662
784772
784863
784986
785159
785182
785286
785320
785391
785502
785520
785624
785726
785861
785961
786082
786161
786206
786245
786307
786397
786536
786646
786844
786981
787049
787075
787156
787161
787282
787357
787450
787527
787596
787618
787737
787816
787846
787931
788076
788157
788280
788327
788488
788506
788543
788588
788691
788754
788930
789027
789084
789230
789333
789422
789480
789483
789611
789743
789839
789980
790013
790053
790123
790255
790399
790497
790525
790689
790711
790775
790818
790833
790950
791004
791029
791037
791100
791223
791319
791505
791597
791648
791777
791861
791948
792009
792072
792152
792273
792366
792531
792605
792633
792761
792930
793006
793128
793275
793441
793641
793701
793784
793842
793999
794146
794241
794297
794349
794403
794485
794550
794746
794853
794929
795059
795137
795179
795274
795358
795400
795504
795567
795677
795771
795923
796052
796178
796258
796305
796383
796559
796684
796723
796745
796812
796946
797030
797182
797275
797426
797486
797610
797715
797799
797870
797932
798011
798152
798238
798329
798359
798560
798664
798876
799003
799220
799303
799453
799578
799678
799741
799863
799978
799981
800090
800216
800274
800311
800355
800484
800595
800714
800855
800970
801053
801187
801303
801435
801545
801620
801666
801843
801875
801969
802073
802166
802283
802413
802506
802588
802653
802712
802732
802881
802910
802979
803052
803108
803113
803234
803385
803451
803492
803629
803704
803729
803801
803920
804052
804169
804265
804422
804532
804591
804626
804731
804888
804923
805070
805195
805314
805454
805577
805693
805775
805855
805886
805946
806055
806127
806225
806290
806434
806574
806667
806730
806871
807036
807127
807225
807332
807487
807592
807692
807704
807929
808102
808219
808333
808494
808581
808695
808752
808922
809051
809190
809311
809456
809544
809600
809630
809668
809824
809874
810005
810087
810147
810280
810431
810443
810623
810838
810920
811055
811210
811304
811437
811490
811553
811661
811826
811892
812037
812096
812203
812281
812417
812590
812644
812768
812925
813031
813078
813169
813217
813393
813500
813556
813680
813816
813927
814020
814045
814065
814181
814313
814438
814573
814668
814774
814893
815003
815097
815283
815379
815421
815609
815713
815775
815777
815876
816050
816128
816166
816296
816451
816521
816647
816727
816768
816857
816964
817161
817240
817285
817422
817518
817620
817700
817746
817867
817996
818067
818217
818276
818427
818655
818768
818856
818957
819050
819205
819294
819401
819550
819578
819707
819767
819931
820005
820040
820219
820328
820434
820526
820647
820779
820850
820944
821050
821124
821293
821468
821610
821736
821911
821986
822121
822210
822335
822344
822427
822563
822651
822764
822782
822806
822929
823023
823084
823130
823291
823355
823462
823564
823569
823611
823728
823758
823843
823987
824041
824108
824206
824279
824398
824563
824697
824899
825047
825222
825363
825410
825466
825499
825644
825663
825789
825892
826001
826115
826192
826349
826433
826495
826554
826603
826746
826921
826969
827129
827217
827333
827421
827515
827615
827736
827840
828001
828158
828212
828255
828362
828427
828526
828591
828823
828891
828923
829022
829152
829190
829300
829387
829461
829621
829674
829739
829843
829988
830045
830212
830237
830292
830444
830539
830552
830688
830742
830848
830943
830957
831016
831126
831291
831449
831568
831738
831803
831903
831987
832053
832148
832248
832350
832458
832553
832557
832636
832675
832776
832866
833044
833144
833222
833309
833387
833459
833550
833657
833777
833820
833979
834024
834036
834112
834199
834370
834376
834436
834550
834691
834759
834872
834946
835091
835146
835169
835266
835344
835426
835508
835682
835813
835882
836039
836177
836259
836386
836483
836636
836744
836826
836930
836967
837095
837179
837241
837305
837434
837501
837560
837742
837904
838008
838060
838126
838178
838347
838398
838484
838617
838715
838786
838925
838971
839167
839308
839427
839429
839501
839550
839733
839793
839819
839908
839967
840039
840087
840206
840271
840354
840452
840603
840718
840826
840930
840964
841092
841195
841266
841350
841444
841562
841662
841757
841792
841837
841862
841999
842091
842092
842178
842232
842295
842395
842499
842580
842709
842847
842930
842981
843022
843156
843190
843319
843424
843517
843606
843694
843804
843873
843887
844020
844060
844072
844215
844291
844387
844443
844520
844618
844702
844791
844840
844899
845111
845188
845323
845473
845629
845727
845804
845831
846003
846137
846256
846275
846393
846485
846560
846695
846799
846863
846906
846961
847126
847196
847295
847340
847477
847658
847702
847783
847873
847953
848006
848097
848297
848389
848432
848544
848653
848810
848905
848992
849074
849186
849253
849401
849548
849647
849840
849938
850029
850047
850204
850324
850448
850629
850682
850686
850757
850810
850957
851049
851106
851271
851317
851352
851469
851517
851613
851748
851864
851886
852025
852187
852304
852355
852453
852518
852647
852774
852857
853008
853108
853215
853375
853442
853603
853677
853769
853871
853951
854041
854179
854217
854367
854428
854483
854553
854556
854687
854793
854961
855108
855220
855286
855372
855402
855534
855681
855806
855951
856065
856258
856442
856525
856642
856725
856819
856913
857056
857165
857242
857381
857413
857510
857675
857774
857844
857953
858009
858108
858140
858250
858293
858316
858409
858583
858738
858887
858961
859022
859082
859164
859281
859340
859390
859504
859577
859668
859759
859940
860088
860168
860211
860316
860377
860562
860671
860724
860782
860857
860899
861041
861143
861206
861393
861485
861568
861584
861669
861841
861937
862020
862166
862271
862323
862387
862400
862445
862545
862693
862772
862825
862955
863073
863104
863199
863404
863492
863645
863681
863756
863901
864042
864148
864284
864366
864473
864596
864688
864788
864869
864964
864988
865067
865231
865303
865446
865509
865607
865771
865905
866026
866160
866273
866311
866444
866499
866610
866636
866712
866809
866992
867163
867188
867358
867604
867700
867859
868063
868198
868276
868425
868491
868579
868695
868739
868825
868934
869072
869153
869291
869423
869554
869620
869706
869809
869863
869909
869964
870008
870065
870113
870290
870395
870507
870599
870723
870873
870877
870972
871008
871145
871274
871348
871394
871524
871691
871801
871926
872049
872175
872283
872306
872389
872453
872599
872683
872799
872902
873009
873109
873203
873356
873524
873597
873654
873818
873929
873994
874126
874286
874388
874398
874447
874502
874597
874716
874785
874793
874794
874930
875010
875089
875163
875364
875381
875402
875527
875612
875776
875904
875972
876104
876180
876261
876338
876366
876396
876480
876542
876710
876815
876935
876953
877037
877111
877234
877287
877332
877380
877513
877605
877633
877786
877816
877979
878014
878072
878250
878396
878435
878602
878610
878730
878866
878949
879031
879135
879271
879388
879551
879601
879686
879789
879939
880010
880132
880233
880321
880373
880433
880492
880576
880593
880606
880664
880752
880853
881003
881059
881116
881200
881329
881436
881557
881561
881657
881737
881789
881869
882008
882187
882277
882350
882410
882508
882587
882703
882837
882905
882974
883020
883068
883114
883247
883323
883410
883503
883631
883764
883904
883926
883965
884084
884094
884215
884228
884332
884350
884368
884550
884627
884702
884745
884786
884884
884982
885061
885186
885208
885327
885439
885619
885840
885966
885982
886115
886143
886216
886395
886562
886699
886867
886909
886955
886980
887144
887175
887273
887385
887485
887638
887748
887845
887945
888020
888030
888160
888233
888348
888432
888538
888584
888713
888777
888830
888975
889061
889126
889246
889292
889394
889542
889625
889770
889832
889924
890054
890121
890237
890277
890342
890464
890546
890576
890696
890754
890834
890867
890954
891006
891098
891261
891262
891443
891449
891475
891564
891743
891861
891963
892125
892281
892392
892496
892640
892757
892854
892953
893098
893214
893315
893369
893476
893549
893589
893669
893813
893852
893942
894065
894231
894437
894555
894626
894724
894742
894873
894986
895066
895188
895222
895375
895438
895515
895662
895692
895796
895850
895893
895997
896114
896200
896289
896379
896517
896598
896599
896739
896841
896957
897059
897104
897263
897324
897469
897559
897664
897713
897843
897877
897991
898095
898145
898271
898303
898424
898588
898715
898834
898951
899015
899107
899126
899220
899279
899380
899530
899603
899673
899806
899864
899907
900034
900140
900257
900462
900563
900596
900666
900675
900761
900882
901003
901064
901138
901269
901383
901470
901576
901718
901861
901981
902000
902158
902254
902313
902349
902409
902498
902580
902642
902772
902838
902913
903055
903118
903247
903334
903415
903500
903596
903718
903851
903895
904034
904186
904206
904396
904537
904599
904683
904792
904876
904969
905051
905156
905287
905358
905440
905573
905656
905680
905712
905756
905809
905881
906036
906099
906249
906374
906438
906548
906606
906725
906739
906874
906979
907082
907159
907213
907323
907451
907543
907697
907818
907915
908044
908255
908315
908415
908465
908597
908653
908706
908802
908889
908965
909086
909192
909308
909419
909559
909679
909810
909860
909952
910130
910193
910286
910329
910403
910551
910653
910698
910827
910932
911054
911137
911222
911312
911427
911528
911587
911724
911784
911856
912071
912128
912171
912253
912386
912478
912636
912754
912834
912958
913071
913154
913252
913432
913484
913620
913700
913903
913991
914112
914147
914226
914331
914387
914471
914519
914661
914744
914864
915036
915132
915172
915243
915365
915479
915536
915704
915807
915978
916101
916170
916202
916318
916502
916608
916690
916828
916854
916922
916929
916965
917065
917115
917206
917268
917318
917378
917481
917550
917649
917726
917780
917806
917922
918107
918184
918393
918485
918557
918623
918748
918849
918987
919120
919262
919387
919448
919520
919610
919723
919802
919919
919998
920112
920137
920209
920297
920340
920410
920499
920521
920644
920658
920847
920955
920968
921039
921156
921171
921220
921315
921436
921494
921648
921684
921795
921890
922015
922139
922155
922293
922340
922406
922479
922557
922666
922722
922729
922863
922947
922975
923000
923048
923130
923260
923310
923408
923559
923652
923812
923852
924059
924205
924260
924371
924456
924549
924709
924832
924938
924979
925029
925121
925243
925337
925388
925575
925681
925750
925834
925955
926085
926167
926262
926274
926424
926510
926613
926663
926811
926834
926956
927026
927155
927301
927324
927472
927594
927688
927734
927821
927913
928028
928112
928171
928267
928396
928501
928608
928648
928712
928890
928900
929072
929155
929208
929265
929349
929398
929437
929645
929794
929918
930043
930138
930259
930420
930514
930586
930673
930770
930947
931018
931096
931212
931350
931429
931560
931623
931736
931871
931953
932095
932129
932251
932465
932567
932667
932814
932932
933007
933030
933074
933123
933184
933309
933332
933428
933519
933634
933754
933856
933892
933942
934016
934088
934194
934304
934382
934595
934714
934819
934934
934936
935002
935064
935137
935288
935497
935570
935660
935797
935870
935950
936157
936334
936380
936391
936473
936555
936665
936736
936888
936992
937068
937079
937191
937250
937364
937431
937498
937611
937687
937864
938042
938112
938172
938258
938282
938443
938532
938671
938748
938773
938882
939049
939095
939225
939267
939353
939448
939571
939721
939869
939872
940005
940151
940323
940400
940493
940496
940517
940580
940655
940737
940770
940905
941039
941054
941171
941229
941267
941369
941498
941678
941790
941858
941921
941997
942049
942233
942329
942448
942596
942693
942787
942842
942905
943040
943216
943308
943354
943430
943664
943674
943789
943825
943833
943939
943999
944004
944094
944185
944265
944326
944420
944500
944659
944759
944846
944876
944972
945026
945102
945250
945388
945472
945540
945642
945767
945785
945975
946097
946178
946234
946341
946354
946479
946614
946743
946866
946899
947061
947232
947245
947306
947385
947451
947601
947665
947741
947814
947895
947978
948035
948141
948200
948274
948329
948384
948561
948785
948869
948911
949009
949046
949066
949140
949256
949354
949504
949616
949715
949812
949903
949977
950037
950090
950171
950355
950466
950528
950575
950709
950852
951010
951233
951271
951338
951451
951503
951596
951674
951841
951952
951993
952026
952174
952312
952392
952455
952506
952600
952615
952632
952732
952847
952994
953113
953262
953405
953450
953533
953559
953680
953799
953907
953945
954017
954128
954249
954322
954417
954511
954566
954661
954750
954850
955001
955104
955266
955300
955368
955424
955536
955636
955676
955696
955753
955920
956039
956096
956180
956301
956445
956473
956630
956725
956860
956958
957126
957209
957303
