441487
243779
886230
52824
441429
574741
943076
636999
756806
531579
98927
180663
975996
96206
844244
410860
31667
397436
372981
364113
375737
746929
956722
985000
452273
578833
680966
455836
417155
938785
762176
855155
56099
608261
446619
555231
527805
179492
586237
654771
114298
397160
727241
458611
859954
436641
257313
638532
228654
526281
323387
378946
428952
440674
594526
927281
457986
281660
363450
517643
73679
129362
781154
117175
815554
155092
669799
403419
110241
682624
393682
259336
92997
426857
621629
165524
137601
96154
522510
515077
849261
538644
547217
178345
554702
69554
869873
373379
239843
946926
633235
239072
217550
698556
661328
651399
715357
210644
392141
927630
825013
51469
509496
644041
194522
798821
379808
387614
805085
874013
193073
569396
173795
362753
939083
497994
882381
628101
90623
532388
936777
490507
445094
481183
906613
396866
849309
351398
485163
591336
903456
836797
637357
873327
904322
951291
540590
542462
919942
849365
828155
41422
197790
373332
92357
116981
753021
437608
375691
57472
857627
243991
236584
195640
227461
453710
177398
641991
98333
181720
73886
12981
414581
964844
874494
379595
753220
499232
395957
239448
794243
378876
307022
308113
110695
635626
822662
78803
51707
8905
191739
3461
224985
888480
543796
63897
397125
938159
948295
662513
256165
303713
777515
185630
665505
572127
539035
503939
621011
679742
93090
780248
598379
36760
295113
742091
183522
17080
821339
439104
683481
527855
675090
192057
316686
486147
387488
59921
193465
535943
316699
596451
621257
244422
594821
662792
63030
263961
775415
298108
942211
727384
231210
277794
342418
140973
817314
351646
202851
284868
532408
518240
78059
109407
506562
190145
814413
956805
72481
998661
247031
225498
508326
155713
92636
661066
160353
310742
762761
947935
231176
218267
537382
388595
858817
102105
74188
569663
476685
718639
175421
540881
427344
571222
20996
973788
486977
267391
97962
85033
537770
744601
663890
329964
900380
500142
371698
861169
872627
368685
280622
506421
571265
318018
744211
716562
316122
875809
823916
665618
973244
744994
707332
436388
267864
505607
214138
855275
861185
774105
289530
161908
974704
988079
262557
441024
631474
291920
23135
787456
763119
357936
277625
827999
338135
795607
264859
315385
159082
335903
121416
745769
531364
868700
342221
911679
242052
835670
396575
804305
440568
424049
754384
816104
619687
980782
679534
269660
187290
639434
489656
242042
364232
451140
128894
750305
415804
513212
980884
873452
645221
25591
736434
983369
853690
523839
593323
856616
355912
549287
637128
961232
716761
256749
701633
488779
306626
266552
470807
740482
671114
894464
482193
124451
867122
723212
214993
263678
454182
805015
935377
466223
431870
336012
769536
509686
401905
4721
287347
877923
534743
563936
769098
305196
126680
988399
626912
195937
193911
887729
820334
725558
533749
535062
422013
974335
409315
378669
95621
626235
864647
224650
60647
180935
221738
959811
769924
855668
236733
24980
765752
405618
692517
677154
29239
407339
54058
427805
953282
385516
832887
521406
728133
989118
471951
934448
643856
848147
37709
311627
791152
256092
710485
679547
262441
576119
104541
563775
203795
96774
733842
778893
848783
37019
831208
204244
675492
61007
786049
862681
866873
500210
312761
254723
968881
91868
851660
19378
650975
696738
735973
674889
560996
469605
233987
955596
380524
463044
9482
553189
465985
370481
695460
664961
75146
121761
238930
946903
488805
530781
239059
27337
30620
216758
746991
577507
948358
284181
168928
76160
745661
978800
323550
298059
208055
160281
245702
112355
603907
940209
690278
440792
856610
31545
83175
446290
318912
518985
652631
947218
737357
514969
803155
524368
845565
940028
868814
661122
781336
646317
68352
249918
129918
677122
739181
114742
847291
676541
699408
301283
49859
782466
853732
758397
937482
310754
982928
687718
165698
759061
3245
507174
861362
439495
726773
827729
590256
875465
517321
403717
881787
831976
595422
191504
865271
295963
261446
857006
298501
640149
96535
421807
444734
115899
402618
703927
984333
964272
642129
531616
51622
795723
674438
542586
267431
269034
750829
190770
820297
389024
167253
532752
643714
993482
744752
561178
819067
581375
695580
857046
426857
577957
945485
200429
935883
930976
723993
265707
720702
40934
935200
299491
808704
97326
794774
300656
327167
780359
250415
651990
835293
978181
316646
670150
699715
310294
340329
581824
18975
222642
301092
148819
525883
396209
861096
656704
521723
914166
91832
49469
147635
992969
221360
915925
391267
492035
625235
666668
1680
836578
142255
592928
151231
432317
16303
971084
851921
248209
277053
318118
928566
858425
365521
997000
229967
668156
941019
475916
129252
19712
794953
164368
818559
617245
179893
125593
492451
704973
882031
965139
539500
476415
783394
164854
909444
767690
675365
529157
417151
389183
479840
234160
647444
514967
2649
856730
403897
829643
363994
219573
146202
941635
52225
197256
464693
692774
619428
147090
472533
649296
703838
964553
931240
233314
151995
849339
291007
704626
590460
67798
342563
573603
354823
411651
581518
832656
433326
858796
143693
122594
814106
926238
345904
842241
980115
376778
745514
899687
166575
538086
464780
56400
70678
729393
954009
622414
470318
51155
998533
984697
136487
816290
251855
384259
794596
399361
972408
822761
686980
947619
205406
995525
577869
230061
135994
882752
183989
276666
800690
663398
444940
882808
472988
696530
318153
192111
841745
955464
658863
563426
579881
746465
262747
541198
196568
720737
806381
886671
896996
732644
269393
806306
996162
251959
500009
608005
134413
108548
819992
610747
861666
469541
166190
919788
97498
3929
136043
56040
676133
94676
298098
712268
950079
610416
650700
89469
370642
584706
243285
492050
707880
153736
538567
852750
607627
590462
513952
857354
749116
136527
542323
697969
311884
882089
711497
393829
187481
874153
145905
549056
305320
861557
741483
857333
107996
84073
177069
727188
530065
857513
413200
761132
878552
74454
243098
375626
829967
892572
743592
120160
437915
582631
175800
470082
643141
417781
592337
733769
703470
669703
28431
377370
564976
672113
834191
88193
698387
931025
456819
153526
408489
33948
19730
926914
256775
724948
834047
519419
240928
582230
401780
556203
972031
938639
855580
698383
442336
992911
918010
683387
957100
594037
648057
13723
510800
376074
913936
243924
252345
376490
338641
957512
256174
719389
431695
297785
755401
948549
710378
696773
693651
20527
38073
726415
59643
91019
408530
148670
790707
37113
226168
45535
610152
143097
178274
832870
371612
322501
155876
95826
109601
505723
833149
873902
473011
697585
219260
342259
65843
168813
368719
398923
526780
971949
837929
10352
195172
805408
718095
20659
144401
368824
385472
444825
18101
539671
387711
450656
62951
113062
879486
951455
731807
720965
26281
874315
783118
761820
633099
114134
129112
628560
519393
949809
591535
851218
918330
799538
548429
402193
330823
897361
692941
384911
763141
301645
267559
630801
894211
910380
35719
163440
232210
807327
83208
554765
588937
828547
503506
18594
637618
145412
629516
60979
492309
207324
452032
230947
707550
659450
177611
815970
399213
782717
617277
593732
46395
726623
689043
800749
350756
654511
521806
337961
122517
537398
951343
992792
526546
550203
968786
601862
148836
745059
991204
149081
772638
593776
17027
326115
608779
267370
922417
460568
611510
361755
374771
749785
812438
110067
547276
412399
893715
827340
114769
457747
725945
532104
237033
153001
139320
928855
435491
278029
695509
929045
619380
449926
146481
655248
730443
706648
558580
933351
529811
830774
294294
218189
851077
946259
654218
213613
494246
198809
941191
781224
878308
333043
756916
405882
798857
990661
804207
479226
109722
879739
735866
494592
226127
139903
590786
950177
258734
888708
574862
766229
714630
524096
502016
823610
637061
890934
701899
342385
43190
215921
573810
979174
273435
799885
600952
737006
234211
327022
287658
878793
301577
342996
12037
856518
15369
159367
256901
950470
253374
866668
846859
971800
969181
31930
893802
451396
41800
492806
667406
182883
60048
679994
527241
617387
966282
117412
925243
228745
698508
969258
43614
987815
121157
409564
396588
642253
821622
661986
649325
271843
61137
229460
396384
828757
471212
721833
982725
862223
263330
246534
702917
590568
759495
980664
119999
578715
520005
918589
84208
968239
660951
539581
460542
439545
719586
416342
38369
303672
624235
477908
512559
818590
542201
479232
535810
698670
995592
367183
656008
463360
393575
345852
298790
494114
463727
447920
309321
687833
614496
586972
454348
688453
182105
526441
544639
290
751476
848135
804250
167466
597180
783522
684222
519192
770635
803571
93540
328200
120581
802547
714852
723195
450219
562090
609892
494646
571484
425509
649627
264649
953966
605125
629505
513389
709797
12212
748309
728583
702542
977395
922058
469641
436219
752335
950607
231096
940828
566386
468922
669000
856053
930198
103440
543203
340865
47892
174195
803656
453347
155
993513
881296
800453
427196
963653
190029
749648
975777
489524
707979
85830
620190
730086
214072
254335
92320
221334
236320
672638
317761
774776
891728
631727
564926
510398
303388
239679
709824
674248
39421
622680
69910
29926
580882
162488
192324
104906
967047
217453
467829
463631
709779
888623
691723
398880
760475
336281
368151
59270
135156
326277
358948
907474
466822
543812
564590
921059
577739
59831
22512
541845
780343
54862
584667
466759
750770
126042
27618
746246
796737
568080
877426
129691
978434
953372
747263
275949
458454
781535
209914
856597
585433
912135
538911
188285
53836
674250
798954
411379
294228
207615
542505
507472
558555
109209
576749
246847
843157
840640
806426
432876
216413
122574
260574
923851
717949
609315
773566
817218
658125
202597
19276
588148
537970
10327
475189
546731
810376
21205
920631
892641
728346
432361
765551
221867
610446
435661
461776
244867
397342
647742
718192
135344
651137
688122
668860
261716
897192
172694
96524
977874
864931
729917
882258
309018
350308
154377
522667
111698
509596
51191
425240
516066
843074
88843
650886
691548
838514
418751
515145
546695
811186
347945
555239
166727
297807
310824
762129
169642
723494
344842
990253
869841
943998
457726
495822
327545
363923
257328
650309
311845
175406
895175
30033
708074
495087
815607
38001
139286
406253
802563
651483
791422
28724
610451
294789
159907
848813
452141
35680
705024
886107
766291
918756
264179
861121
425401
784710
377285
359714
632802
131207
612696
977184
68182
858086
800044
503750
789314
279478
940174
831777
173100
928778
481373
813449
586768
136268
258106
542333
716380
782445
554571
49708
115909
831862
843756
695312
359876
695613
758708
378869
927665
140596
632223
158552
963706
457308
674269
586346
264192
733591
400886
583668
137998
388186
838424
552212
568566
95489
685631
405029
452810
702396
486975
986941
915124
871719
398961
286095
502643
452664
250936
167281
649650
36369
311343
643897
224455
657718
618864
639744
269253
891224
516419
469896
43518
905936
308194
193850
882456
86823
375270
239624
490570
279634
754639
26417
648244
355579
642868
250467
263193
121082
91333
272762
188346
711075
495610
809766
84111
100024
715227
790187
557924
911615
151786
881795
676303
609839
414320
489502
861642
300612
263331
452041
715505
126834
578737
721516
882201
816309
132971
856622
858954
181191
725137
765811
333019
528299
284406
352261
840169
282343
852688
567504
748147
374158
619422
249351
84181
307899
326006
178341
538143
264794
59562
558030
845202
908064
34262
801940
473462
384603
681545
561685
265307
698019
73870
776705
447338
846896
496982
835641
493990
212806
341123
69459
649477
889995
394131
515066
447141
768953
357415
697010
411885
169070
979055
529338
882433
450976
887605
149834
807073
549039
872578
308092
864671
311955
737328
8967
911995
678644
69518
787878
489244
31257
118057
799575
846061
315192
994813
688319
903826
662571
533176
547050
456710
389636
171047
852081
446675
51831
30336
287605
351788
839606
714506
869511
627690
14298
870957
101866
355041
384700
52690
608240
970399
851300
488310
142272
950273
987225
552785
32761
75377
932759
700189
571569
72447
661983
691461
391959
169563
2600
669291
955702
371245
405427
686934
635290
640657
391036
389239
518349
699186
472780
958486
407354
368514
924268
687070
897011
79507
497652
128641
203406
61141
667393
640137
340842
502828
134148
786813
938959
33837
663735
309100
842356
696502
581356
53976
280922
681383
298686
99202
732949
415041
531240
321999
626602
827225
187060
164820
933396
36344
455371
133955
114849
484562
434155
310065
577978
584994
904504
558339
140671
776222
504297
811125
246672
720028
185251
604294
40553
43201
681315
708995
428773
591329
198484
63407
302563
21433
968384
408268
421638
711876
335139
599625
791894
592701
210331
501896
660804
350386
21756
2891
115082
70274
458817
342970
795569
222131
418589
43283
701996
538226
15855
381038
92578
243752
752915
548588
816457
365237
693332
999484
798446
192395
316672
934601
787793
471338
197333
630020
98412
153459
34903
466761
804820
100204
800579
953456
479609
516943
14109
393715
818248
101583
996710
414967
520815
408104
319978
449913
1216
449057
262709
982102
112047
23841
692646
531254
715701
182891
229083
454167
149335
70008
776460
476274
690753
587632
495156
358283
938892
528964
888681
48538
641503
222059
103373
736785
691057
21110
568925
338378
184492
94930
267174
211023
266157
310426
718232
24645
347752
150743
614195
28469
832617
790613
957278
883192
665269
405538
841430
547391
871631
574694
592259
217661
142870
842906
54503
386993
191564
552806
673839
10515
40241
510171
556012
976474
28622
389258
611291
202216
860045
851903
990240
422291
145925
783709
380178
517713
748564
63383
723695
21247
856293
591177
811120
706766
950802
154481
694072
331275
434467
877581
633574
193801
408947
993809
575305
415340
37107
790085
961395
665493
416328
821497
677222
765349
291024
502822
932460
541808
30018
295779
634883
783424
165619
618688
183540
508355
695349
406083
600452
753810
361690
60284
470404
274270
959126
355847
544387
425785
536771
836446
289508
658558
191933
481944
108554
31903
811949
928834
713583
924617
903524
71385
761812
576566
608669
115873
457171
659406
369253
995172
742032
156795
548950
668426
238542
533448
752062
405650
434398
787380
467807
597355
16497
66777
605584
669489
565007
149236
485825
443847
556192
520081
978844
90893
456040
809236
782982
208894
704144
976677
611204
157545
372127
589753
737083
613898
845960
989242
680528
87749
203356
686419
612014
349566
65952
680409
926053
665303
633337
910617
60975
687239
969732
750266
385039
868755
635906
758863
838419
674924
328816
574972
456888
902182
421365
972481
728748
586192
784181
33576
843438
588660
480515
642951
762194
939436
908531
530355
250208
276767
588
147137
231324
325079
640925
603514
749921
107776
606887
432858
298279
245184
486071
230341
463139
63405
580311
194951
875981
335279
122330
288454
729085
869108
376406
646791
630447
655369
207919
619609
176038
5084
358605
154977
941740
89163
356847
943939
473462
337320
394905
705835
195878
871244
4841
558965
430699
114068
494024
761791
187844
193149
958203
324168
399713
389272
258521
858757
746602
65258
941015
530624
945177
681314
160575
963309
962370
343863
386752
233867
742643
262622
883486
631347
882870
663717
9610
975553
918323
514287
97804
181020
225138
445004
35484
981475
902911
906612
267153
873717
997414
299105
603377
108253
829470
254150
585895
857625
310274
20719
868242
796549
356602
312310
561977
578793
669368
277855
243357
500124
355486
952017
515815
962771
66174
808306
399745
621321
266105
466717
633345
163341
352136
231234
856191
502243
921625
111515
742599
743704
390993
400967
554090
615718
744176
60549
12207
963071
554067
102350
474023
442425
946450
504718
649950
329559
994185
892289
769645
913136
201524
303207
835117
596991
65332
205795
840262
121798
39086
324982
692581
701599
987411
749458
243276
904352
824442
200222
6211
250346
818856
764230
86060
222159
721970
209211
364276
85597
837562
732622
234342
681483
812501
257700
104857
913407
582413
210903
317066
178618
359042
238698
583556
412961
517611
607206
409147
275689
92346
972501
407801
301853
778846
469658
820912
779407
800610
134379
810670
34137
933618
757485
927726
611406
690110
749099
95114
597571
504183
465266
574926
462131
839607
203147
152873
876499
140029
575573
479101
905459
900181
114751
136149
215821
298775
209888
669878
506414
863110
313011
800974
266430
392344
410546
898057
659310
782229
975501
542723
28476
737752
486151
711320
768614
52018
267886
17942
284201
62190
889909
56660
558004
160368
748463
384156
605550
13879
254058
464963
802273
869057
111078
418458
900609
885582
107249
889021
806173
300092
632736
124040
483041
91985
667948
935018
78853
799000
149926
946065
381910
729442
99288
533445
538207
695021
818234
996945
441012
349859
572558
556699
599898
823097
37912
675797
659478
187128
946109
479692
352785
429977
800120
177694
509028
190152
145843
989641
389702
464267
866760
270622
957967
249980
306771
225300
925544
326962
954419
105144
777554
632830
932766
157250
581327
979665
477470
830596
414576
336379
687916
972411
335292
918862
989991
683848
703162
278049
915377
597048
261468
958896
423015
188543
201736
150817
711994
512772
250308
362786
468591
303830
80829
645549
441711
384956
914355
999149
376843
747433
150917
585595
973585
286734
737492
628737
135556
627338
727447
832959
106298
276861
535547
588140
998231
73338
288308
402740
197921
342234
615461
202912
543745
118957
758952
142804
473685
425100
964922
26225
306804
564618
799878
807195
940735
503177
954252
383124
906016
68264
697966
649863
414178
931098
767895
227681
253677
349266
833096
325274
56412
764058
515393
761938
851645
182979
68872
427542
750436
875767
792473
752321
479596
211242
525482
782783
399052
896687
18969
265901
25425
661863
73524
564956
915261
255892
316389
289525
140284
217548
23544
564406
888767
478600
747467
761242
201400
501724
131857
820759
969840
660865
424834
432961
753224
843406
911523
17612
18826
750726
533101
794095
173547
820426
138781
336291
326495
369263
725783
95434
760217
139946
686135
728301
743198
739368
85878
537566
484357
979514
610614
643068
70797
226350
14187
307477
913114
130745
503973
371366
78286
530256
425150
510269
152064
873557
601692
547264
746908
716910
119395
941894
827671
978162
965114
350498
649293
780349
786681
887361
559032
617315
371628
253545
497551
852673
772550
71713
522041
429423
901414
148976
609644
835345
477118
350781
436583
870477
269094
216277
909576
292183
19196
187084
666954
472359
936501
674618
101983
280397
149445
41575
490854
838299
998439
887681
165641
956096
239305
138633
145526
321780
102616
40463
783800
811791
967843
80786
92081
798901
869294
912905
300470
650412
107222
480319
678983
440910
415579
733849
458858
639193
779279
316467
928163
617252
388250
232489
878225
865965
328231
533682
47399
977037
336751
684326
562950
309644
247328
407008
106868
576785
952809
547518
304252
622962
964453
849989
992226
155754
117921
88418
639808
355688
840076
254603
414785
639300
813946
218948
960377
943692
288341
610750
195424
525821
379680
367385
108202
400654
493353
706314
959172
362533
325643
281880
700588
440109
652893
777345
131117
635199
562939
668537
870838
316221
622575
311058
675350
844222
873211
2551
860119
563235
378821
239378
318836
124936
91231
413582
520504
807126
653811
464758
249396
89014
724232
433340
867292
939168
405939
350806
90942
981521
265564
530051
566688
537947
70955
931692
451638
901974
550224
841061
418365
80436
359661
41490
341367
519603
602080
258279
238467
42539
734832
652551
950552
577671
441171
179854
105054
828624
580185
987882
724521
636005
219513
231908
486546
436423
107895
372861
213556
139217
99054
415091
621952
147525
990719
935843
284414
975809
721622
629768
351265
12624
889110
554785
306117
582108
643553
644145
185351
906689
166469
753952
953601
260542
734086
740799
446816
450373
369092
233321
2916
429746
555977
725764
156404
532824
52145
215655
996636
30262
799222
30742
568420
393608
588375
439976
764302
928122
289253
360458
732523
852215
274922
183260
161242
438560
882678
892217
561694
288729
350727
792980
151835
470525
73492
402493
180141
154801
889590
581123
902757
94102
617140
228852
490209
889176
210537
4480
657863
361188
55956
956924
665502
551798
884924
892994
56073
133328
533758
411381
949600
534854
417333
612898
101228
505270
399620
38786
127359
686742
775106
607004
676910
586790
24259
563591
182125
297284
841791
530829
854917
745118
482594
965803
408308
966529
797999
405238
201185
318416
280978
392471
738490
160465
124480
942135
512172
982690
597133
454518
666942
22921
433098
132372
320715
694825
117848
262258
566298
455695
264462
494899
122587
451820
672578
169469
291009
469534
241144
441884
465846
881894
537509
952197
922559
240126
114462
255031
189934
760388
555234
986237
75582
119183
94528
667216
133198
275107
747878
637658
339005
964671
323336
468758
108830
265747
13225
557907
752152
788558
222153
525527
109149
415254
143980
825312
812165
830161
65154
693446
653702
949088
126712
769340
446802
276780
683482
655797
667214
834072
987619
262179
548522
853782
928675
86810
324513
897686
136843
83604
51791
419352
502680
242637
884586
465378
460762
69071
687966
80846
440800
188488
420873
113211
24834
466519
281488
284260
401163
822245
94044
716877
959489
892784
84597
960473
372305
209507
390841
947833
348956
86433
949496
545983
872344
107041
743855
383824
555620
258675
917472
94776
714221
938145
682314
980952
58294
988081
718090
486266
703879
823878
489102
856005
659892
535910
664754
252748
411208
601302
319737
59968
298191
424737
311209
144518
524221
471224
496195
57380
843006
242611
472029
502164
743771
949941
77726
928955
798853
723950
889622
808499
416834
986747
42167
115460
106609
812328
510196
27122
115131
453333
412405
557616
596952
112886
713780
397426
84219
521588
681399
752288
433180
36145
389866
651494
432416
652073
731160
205416
397734
185779
338566
546067
889072
348903
254124
874255
485164
265690
256913
756369
350878
838597
288962
689548
101997
566916
527406
324039
36167
354234
783905
872458
285809
562129
476059
713330
279918
955103
615564
666148
671179
742500
944111
304222
702469
818608
378368
558313
101400
3745
203547
492395
259558
881034
52595
873624
858368
36528
348587
787145
571859
36590
209620
733221
589746
144440
144772
785019
798907
833084
46671
863538
302057
733284
103525
473560
3638
123896
110344
509782
849387
995809
376232
984324
690629
184137
3036
33625
56069
63389
976383
650235
385877
494836
636517
928949
627154
397769
916665
875847
340410
453348
956853
262934
474163
92184
811388
21124
873526
426149
809175
223002
1878
957629
668554
737250
177969
130084
914
516178
101042
125808
386366
925346
960768
641904
95271
454591
85830
804649
476814
991192
750560
243964
494544
132053
942687
62755
960264
881383
705465
528794
65537
983290
32464
23322
478358
237128
454493
634624
61289
584327
346041
244301
84348
940738
149832
880327
390959
682694
52098
623420
518614
64434
534879
124326
658358
106866
668190
162730
604637
401477
817139
978939
801627
421433
662155
971995
1440
312569
861629
739778
787379
844029
321358
937047
941453
950111
962849
427419
320208
930830
935545
581541
82791
471515
173869
26248
452987
495921
821351
369488
962638
98914
907480
247787
586552
242076
584828
176037
309500
950202
944517
629580
746055
927158
141799
489074
474372
23293
2239
498961
196702
433563
943520
416201
715091
295125
593340
708996
981682
163030
834860
170042
831985
924481
780188
124112
229101
129445
286294
267612
666750
312334
294889
516356
683510
74744
544310
120388
123319
633183
102166
217101
139438
2930
683691
167563
570032
916838
786050
283071
544175
795558
891490
53835
227352
353959
10292
317325
906061
245210
58574
879650
728890
404411
743198
851916
551894
845895
389295
984174
524216
589578
134427
958516
283795
315478
669198
737551
882384
195343
489970
27934
801991
587556
459324
648040
13721
435992
746515
789958
567916
289214
754968
621406
366276
617731
183958
605514
506939
890469
374343
63958
66013
251010
148097
41256
591842
698507
984572
299387
835656
874519
566912
951171
785677
890260
132335
164853
663046
119704
522092
267039
429151
283158
27751
193906
885808
85483
684935
252256
651127
814744
375154
351776
154808
403595
930684
41167
167214
412054
854249
489008
347372
290177
437793
190676
518485
244730
197999
844117
105012
734699
234101
925820
317689
949860
437488
707266
975121
12151
491172
181108
264225
914595
220900
474351
697694
130472
582912
708619
750987
848314
888203
832789
734992
208528
316359
543796
63732
963611
895792
584044
119351
70932
549474
327809
880015
135598
561319
170611
881981
136363
51233
107688
262986
361419
776656
116648
228003
733790
31361
449410
74958
423035
779220
604299
782280
446985
786984
904902
639549
513274
951781
272927
371299
676376
512229
14802
390708
958839
325695
536681
381382
748875
520050
743138
697288
444882
492971
795310
381083
163633
358515
889622
494027
671773
62840
786553
719016
175728
828087
862640
59205
379676
738690
792594
472268
205499
642803
379923
319548
551108
534317
115271
592321
876698
316683
402373
860975
366526
549929
560294
913370
950437
332299
553709
894228
652581
394349
528704
52100
870793
245031
74773
885983
479875
810173
435432
134598
534593
624129
588200
888572
360728
6053
508658
451458
891549
158689
515572
635345
188307
697277
464628
71988
709758
524092
979369
527039
135318
921125
740935
826351
693207
319727
966232
397280
795637
27848
280582
965989
26029
577922
386613
582920
695863
875354
719629
552798
29720
118695
497301
767493
652115
590940
478715
991292
215935
789753
76464
439456
384820
106644
569328
318463
839775
65920
655711
648795
650805
448087
663567
743549
297732
345962
963678
102578
732325
117121
75836
193319
590990
157585
67915
381276
834116
825593
140063
119816
819181
241016
471780
895754
861508
166192
139743
546182
705445
184847
107341
413348
727112
514144
990631
974689
370506
910637
600391
620752
826087
103246
548773
202865
81669
228947
318138
103020
506537
463625
745669
412523
693196
128941
967019
525841
581256
437867
116281
661594
377069
495761
92678
285200
756465
295445
64756
676007
771523
918591
501525
97590
839616
514420
117993
78098
716543
245665
389445
256329
981447
711104
181712
200632
811744
217738
498984
269065
712838
496121
463330
453965
160762
230329
443181
44530
402612
195754
534359
216993
433907
565652
254762
64055
576692
734568
399151
867997
185089
781295
799506
704326
563872
286354
844965
826756
657645
972548
794751
626376
514498
37072
185725
893300
858898
187450
465832
769183
270229
126741
108407
283620
650589
330145
150059
585063
361864
18782
800920
298022
358350
51825
834372
244663
970554
190258
168808
408547
340598
917456
529043
191583
893630
506338
174382
430627
505847
751947
263706
239274
652441
634056
410550
743236
275206
551129
28732
921691
826495
725641
560203
743936
227372
501404
265599
750065
5208
234581
724604
916714
349312
192993
13066
589092
789248
629475
480986
404398
362798
937181
637927
860135
503874
70583
246840
505430
944562
273263
411010
19814
675933
355742
724458
378881
265949
962787
421543
796231
552255
619182
574854
348843
228815
283883
65415
592618
341068
168584
247205
72809
116602
997221
959987
205163
472279
107736
414370
342700
129893
871193
414943
887132
212326
72849
979609
235515
90342
676474
714400
937165
310706
652786
5481
701243
859366
397218
447150
68614
652452
868933
644722
850344
435809
324568
141794
913481
253785
392029
890775
517786
693347
620427
143096
411090
322207
63957
6845
277891
26955
917269
488718
664088
977333
424533
58953
552941
725963
690746
733667
296907
536206
377038
338982
104831
469093
401064
961624
593045
72142
572410
146428
789046
142447
982327
540466
163291
317835
414687
684985
617325
878864
610344
842005
880955
104588
782602
577356
578519
240384
504424
430602
50638
756109
865110
29156
158721
380747
256395
102265
307492
285369
276644
739381
640723
618702
221138
720175
612108
112494
758178
207282
639885
763832
907560
250457
63563
375100
779975
399123
346060
86538
893022
75591
373538
702245
816274
511825
981700
279511
339508
479657
904906
345310
138319
680165
538437
420676
898641
727701
190968
864012
504723
723660
147063
504008
884103
134078
517019
132680
714685
614789
887327
618349
874578
485950
410843
241947
359541
271824
440346
184460
250455
832780
28442
172034
838319
432176
213343
744853
570023
191110
356596
821418
295846
184810
153343
636164
31867
259624
702336
199092
866147
9091
905894
666476
267319
475859
741326
324658
634741
211270
173721
416944
237993
120391
903464
77351
869879
747323
200438
59076
488200
57000
601043
221579
522767
875248
984377
71728
520311
148348
275853
529093
760555
463988
724787
110156
307841
719466
312014
311470
609091
774934
287635
964165
786524
531836
322889
488724
161500
169962
758367
177430
862184
147037
839209
3443
716481
180931
162873
697487
770415
190748
165078
765693
968841
195194
937500
178002
439524
214311
874031
91283
87254
246501
478621
334224
903398
500944
925392
673226
325330
761632
527020
418639
254715
734795
233803
277927
773297
816903
529682
273255
83543
831533
742896
888418
695347
818809
733107
95679
300436
276206
988422
470694
107616
22934
460235
801044
881081
203175
606417
941775
116236
657602
632050
465907
435830
557652
944844
942442
215506
2079
668954
688442
779619
10643
718062
441656
768219
800534
539213
495258
848774
585379
663911
703338
15702
994318
466225
755223
923211
572198
901921
140838
712575
680691
559877
375685
924747
299934
865665
756736
254809
61360
601187
64653
455624
576371
542308
790593
904181
316724
691838
491557
302253
894890
852068
874724
891115
352753
408867
379355
631055
930543
759635
820627
560478
917719
414201
222475
536752
994764
185341
308653
341818
393117
198594
184483
975416
52655
468327
473603
342327
301816
37594
265446
633276
724903
770644
8278
233365
604834
695925
814821
870202
943463
446588
527259
687006
287828
393954
925255
454872
348098
937620
310390
616425
896715
999180
733634
259753
247660
255179
163969
366739
103814
497397
699679
329001
235583
18888
863366
452165
980485
670074
980089
563070
219571
327791
869504
446003
524364
299924
160894
19127
144995
23451
235614
197081
830813
579603
516396
938446
412751
393762
950080
681789
711681
144226
423572
870695
20436
873878
585335
165682
12671
772360
4379
279889
947253
199424
193160
249169
312163
648355
73651
393409
447253
56485
32362
501759
66296
490284
837286
475675
530170
594179
68355
545451
623502
78903
590091
347179
143691
189522
498478
237838
29812
713649
509070
369957
948946
591300
480951
795243
642174
329570
457196
433579
356923
198535
817052
375118
253631
102123
306996
870021
798290
211391
340174
369743
351952
532486
512710
271207
647177
698574
201965
590862
819079
919179
537175
211504
287535
558414
958159
251701
968640
389927
249067
80359
120249
948820
938618
214651
966615
113572
43417
409406
180156
514540
348965
79197
890667
603173
354826
144401
686768
466401
390458
920421
300509
46504
683386
132645
421422
990835
309334
483621
518222
875140
595765
371691
830195
759648
892935
419386
629732
969322
100763
739132
665946
247390
131980
903755
46852
252518
973275
127004
687397
943964
10393
506120
143065
194781
552059
967288
813621
347270
182480
71533
852619
345998
34062
849066
469389
736704
123720
837566
101769
357587
810108
697393
631442
195943
30472
962379
571263
583327
618173
37947
160333
943637
493772
55403
587744
769214
768605
216734
122214
972380
755263
56322
263004
742874
471865
420843
584007
739135
536892
363178
717106
27905
914835
812295
14494
825629
666641
187135
82530
786868
328933
506314
246944
360345
544705
212629
873311
802470
846217
361191
805064
137769
924055
189029
667898
670844
935273
449905
633482
984050
122792
957804
757338
517933
83477
21468
895316
810893
529490
965545
923716
32323
486923
964610
749584
609859
126719
708765
36180
56088
203503
544539
637790
288209
219745
600457
401475
430489
920145
637635
217308
726116
764789
571059
988384
404742
120492
802615
758431
600990
408450
599713
136537
860207
992418
64279
205689
221071
165721
892315
402225
52856
154178
398821
414067
797883
629972
436076
820105
51925
387908
269061
994065
697498
385368
264354
329497
342286
1354
990139
605139
262867
343317
927625
254005
678524
993567
286767
927599
506239
528322
465908
772234
374729
175480
624427
848026
672748
883747
423476
695711
692468
774711
640155
166718
234071
491525
878685
145559
8778
324324
688843
907971
699696
508158
902664
957483
57965
699572
583532
117576
703193
812975
630731
8754
444113
732229
29072
212967
984231
867523
407042
118299
647097
752669
336041
203446
672159
652463
643530
394863
578366
191471
996749
229827
454905
372274
492416
650513
404552
973591
235828
704085
710305
736788
513221
423679
793746
258459
340791
582831
65712
460328
736700
45392
69737
688426
493331
417614
438966
267147
405834
270261
871853
886430
827364
330471
801971
746532
149397
964922
295823
514107
53162
293676
287961
879332
246277
464707
278993
708591
409542
431942
447436
583045
34054
909393
72392
273682
468285
17881
186081
781773
547971
271741
935197
607077
409716
502212
508961
685834
569708
810233
549447
948372
815793
627424
723079
616468
577648
900372
810834
746998
473824
883902
16957
582287
502915
286324
198682
193417
456395
501100
583971
713448
656601
34011
460560
740216
855136
941998
117768
727893
860072
257252
766067
834455
670383
54854
541870
25624
34730
336644
31256
670627
979433
900526
238153
17722
231704
720587
307939
802564
583201
195225
224960
352721
684271
872930
504331
642123
467214
836344
381739
955452
927406
513997
891993
640758
736967
126897
685650
850275
551126
584936
443944
355561
332421
440039
759284
692793
844008
29355
964518
938485
462884
850679
572733
527036
476394
54248
629457
830291
85793
351862
603533
492913
956642
252169
354235
183207
120029
755381
185848
468586
813144
106964
971014
838526
171480
555327
497856
343617
951704
344745
74152
225554
646326
577943
798301
559388
274605
75520
246632
844547
657789
567549
713141
761001
980263
476908
182686
941789
196308
811687
851107
437601
937238
565724
579510
569494
319814
657673
500083
54918
112843
472087
541869
97294
118716
931727
851812
516838
585501
408701
26962
453966
874758
181856
213412
616791
568802
779786
606534
383820
757650
971803
969943
41595
867377
133204
333948
364643
413043
557018
87824
948603
271974
698570
242361
663453
588507
530675
2582
876237
91166
190516
349972
951402
520928
63411
414816
382576
96694
618743
383095
715624
946938
869731
927385
932333
717839
322448
322395
252443
435523
667717
969436
50325
319693
336214
528272
876403
989429
536214
778488
94279
761555
667834
404850
473674
822575
838155
955948
145640
194504
497607
371956
542821
598128
980949
484331
708074
188756
27300
721177
281712
965402
539871
736218
395976
291235
617102
469173
575172
61295
183308
177357
627462
590432
460001
359728
762211
155031
607547
162316
946867
678395
688910
906946
508087
271256
559493
840083
166247
541539
250019
635000
124696
99164
72507
904526
381575
11340
453768
693869
763397
307374
588586
859481
372734
180330
379966
151505
465703
201980
735896
272645
854724
247731
758176
995173
935635
273302
494406
873941
913112
130721
356707
592060
125766
281133
19629
794428
320391
796397
970071
381628
797608
30548
126723
612128
459940
689429
333989
311002
981324
825218
350517
790874
346319
627222
729616
666721
191532
857678
350636
300787
745201
881201
118710
363627
177838
812465
661770
404968
694395
955690
511694
954853
260387
66183
116908
278823
948588
790980
198378
408655
674436
550221
812903
934607
541130
993542
151412
282234
345077
344164
911052
842227
289637
969080
249137
307783
11716
134284
319461
125975
743769
513446
230915
920686
358313
855401
495800
509681
621706
511003
258464
150004
833093
762178
484481
562089
741799
264743
991710
442099
349797
999228
255737
377113
481641
415193
274409
201173
378557
339362
483155
609996
70867
180933
830856
315929
390318
953440
931387
911106
356977
980415
591901
895500
321154
354307
397975
711979
958427
804958
695843
853521
623597
869498
924168
623975
784560
784121
868208
464089
579852
72407
817767
251852
229405
549356
851314
333611
773543
590991
857930
467487
758486
98132
563252
59037
97007
864629
805118
236121
125465
959182
106967
766488
632194
212098
98316
286499
730735
926716
422363
938967
374180
44432
267318
410073
811756
983743
950549
618280
655942
605209
304632
74827
431148
141309
328312
701865
365505
287036
531849
914295
818454
388892
737231
433035
773593
558008
417689
730896
688538
762693
792702
94931
329595
419375
34194
334073
390644
319393
22981
226579
86401
325604
488793
150154
868584
802911
704447
652405
79146
436220
242572
178314
630662
368556
262109
102704
978404
725120
200836
642674
499301
41336
85613
171280
454660
363865
723922
767792
155177
226615
51222
191154
287946
927699
875650
836512
114494
111005
861339
370500
621536
699482
93660
350804
631324
301216
685397
459529
833241
78783
880544
182606
373123
822138
717691
328787
791476
469235
717383
160960
270462
828964
859420
298887
423063
741577
617159
479954
357602
775388
730593
592284
323734
564408
165197
591452
418381
293087
694669
824155
681579
258391
845506
605735
523753
253679
32446
288992
901821
885727
806663
171311
415208
55181
280811
407063
11163
544556
39227
22243
561735
964991
621285
981119
679232
664252
380082
128995
801869
849099
301848
52202
116878
955245
495677
477697
644106
654202
575625
817786
119060
681794
607398
356160
173722
728277
932247
170085
838154
677919
409778
181912
316897
578027
299643
944690
810066
566472
135967
913263
565455
143817
543434
263161
387766
869029
671397
805024
186267
439487
91119
925927
823982
530049
652983
344248
442377
937377
566451
558839
518169
311302
238912
165491
209126
230339
594807
974521
795072
144385
973608
905795
276872
446012
145718
396366
391704
133796
812559
115593
802256
672547
11974
652201
486398
167358
781646
589401
788585
466837
580309
856015
31034
465732
925306
101690
672968
416364
985069
635287
20351
659276
441698
855907
340011
602248
86130
433963
384487
438924
7886
263743
785500
689546
802784
276101
697976
469023
656320
310121
889645
671636
551823
607602
428259
118911
967412
907632
584764
421002
357361
494802
104449
294795
30817
329812
932398
706835
603216
21
376342
70531
192503
858502
574964
216727
215442
531390
454480
591430
740896
592747
244235
508162
318646
370468
998407
199962
390081
557914
403957
142463
1942
481772
263996
630756
656695
447193
798787
765374
848037
208399
792923
196907
399133
612707
743628
530863
428976
216474
461947
467161
696706
844068
545524
200580
216095
416104
600986
84665
350453
171258
636968
993074
976562
922602
221347
922042
441531
616118
897438
61040
140805
304991
175721
623465
59476
864281
565975
757877
651790
387419
659563
499386
398907
596823
457759
775165
373084
877636
976080
431104
893860
950934
332745
547525
705815
456911
69034
316912
397438
393647
804404
612554
130564
976967
245492
111842
261105
724076
618890
18766
960832
366022
315542
92367
824030
409928
341886
262930
585794
722170
771549
130259
470756
171697
319115
687325
270107
442785
708933
945836
891606
312073
199417
655027
494710
685324
5105
881080
218055
271968
928857
909917
217626
395935
823342
381243
492032
56187
966406
639399
765605
650063
382454
564310
956486
242512
52579
172573
126032
462754
764584
949712
111703
347207
397217
376012
894383
951858
721746
542161
147883
150586
570808
216263
286640
15722
521833
314273
877620
772021
814442
530783
513817
499398
155213
914477
595616
979318
659845
611817
901899
933975
937416
764162
731220
934061
927775
125372
214979
800253
366797
763664
846064
174589
976794
893423
650645
759850
281211
287207
827023
860089
81695
559199
721585
864805
436696
325628
867333
437223
592804
891942
690080
270084
548696
441317
124129
10112
489000
265893
899014
569840
484117
887128
601450
17453
598195
995258
942879
413092
563798
424432
911332
706763
499545
552394
263939
835950
340874
636776
791754
338279
89717
424376
414499
212652
296459
809437
263122
122307
555887
759339
629515
883472
548702
142735
488942
815695
695992
706892
908896
560156
250607
117920
850695
348719
365387
876165
366177
401318
909463
484691
91906
254907
537260
465794
47784
681621
394391
441101
650812
659770
74730
98931
974952
118881
204700
527256
774287
785189
713501
806792
638062
401302
557243
409179
940493
872618
136490
49523
417185
520721
604595
809890
411073
774438
769596
222441
132483
697217
311216
688155
418163
19433
813770
140769
613615
321575
542851
151510
375970
853045
64598
365138
904603
699670
519341
14532
254025
749439
74474
613369
487829
830387
31955
997369
869468
870252
366426
414480
21128
566133
859336
394410
586698
511829
668102
765336
872374
817445
642824
733743
922874
301571
53462
740431
647484
510943
698168
677057
723280
714482
740734
667450
812627
49487
577705
739836
996390
803090
175482
303836
387658
877557
563860
642398
785365
101697
333584
921596
812175
168801
802142
78854
156460
362385
307922
910499
108901
44726
521170
390773
250933
418504
477083
144475
492845
953834
341291
502992
779700
327067
932111
665712
588511
377924
701001
341403
294697
986865
189725
566578
242383
281053
997304
318015
288459
855333
213502
36337
627946
857311
64687
108100
765836
657220
548021
465087
162872
83720
818508
974935
927257
295051
136014
961969
680601
720935
133210
235077
996569
913833
747808
758622
667402
499997
900684
454269
408747
777539
475533
327646
543839
659806
282305
548498
375146
986410
424831
668363
812616
600685
494912
241526
212970
536038
25066
301571
772622
449122
944507
717632
651257
364334
726222
973155
292948
761639
809485
799334
430497
2669
100212
337421
270680
908598
609982
6723
296418
751871
894830
504930
154929
714908
705851
723858
616570
328113
708185
955720
164048
948793
258080
135024
47390
544003
141979
375910
833793
183549
32368
134621
667264
217769
987367
296610
63529
592940
787864
33339
598921
504965
894197
103721
665415
875995
341425
259917
64349
979887
526092
529255
235700
152880
821373
927417
28251
692973
643899
769610
962917
872293
671783
828870
332892
780986
72985
524995
825189
190404
804165
441886
45042
61954
453386
535940
487389
567084
301719
915661
414568
458468
956666
464706
578958
151754
420615
642175
907333
649518
796577
177972
529427
8865
929384
196357
222410
104292
919935
882129
669730
982978
55736
926672
839025
203642
980575
403606
754505
247892
895072
554740
11118
354836
846293
490045
941938
551948
481072
853542
145775
284684
573313
972359
417889
666549
258085
615486
381149
408044
989260
712755
559410
828458
434469
523573
959451
84207
239464
325315
131357
901078
437567
392360
63619
699524
604050
431805
930676
291898
882286
567314
98926
739019
897937
152104
176417
586663
102612
698645
824042
745813
294261
512138
83882
488703
310272
943089
849987
894823
567002
93744
255407
440120
246506
118475
530364
148407
721893
69990
10920
754648
704308
754215
312213
399469
297475
200186
351593
6841
355880
26222
308548
655779
669742
791549
992671
896838
890814
903017
759294
491173
687337
599553
44049
458876
867796
776195
376749
51505
453889
743899
199521
141354
992694
113546
82360
358264
636428
641634
494027
898160
534677
415533
739520
762267
620267
441646
706403
752387
896082
529599
439199
53742
27337
394329
223128
391719
246386
274930
787496
440951
978075
32449
121845
337971
454504
932829
953452
899375
994591
981059
838044
934672
638480
335670
947825
323967
587359
714241
614027
316986
773231
758296
877562
613892
399405
634397
818713
727933
614262
789566
336132
320204
946278
250811
791479
493688
885630
530565
27396
146838
77425
55490
880944
839069
145803
308205
264427
379477
926527
538459
479595
988974
95435
704920
585636
932845
767626
565552
870310
858689
190678
983690
977426
290676
32919
956142
174202
478077
234797
925798
660180
707954
351734
249987
858395
813594
889916
68279
370115
872225
688766
716895
922455
431396
951961
650852
756592
24428
413907
486775
590996
658169
796164
994937
95208
773939
257314
269629
506963
278917
144167
607141
488881
314822
66721
415977
766577
994252
261398
998966
6092
143781
144593
841714
137826
191456
267534
867806
494899
383558
605693
673109
716278
599143
213366
433713
954906
277006
854010
691277
368406
533462
446754
946852
458927
238742
614823
914008
313158
924855
100749
456847
411163
119143
759724
992632
272546
644454
883996
703851
564032
342142
278140
261167
365282
151760
847199
823893
400762
318600
498389
829121
667928
647538
238545
198025
469537
957670
810620
228405
284206
570719
303381
468966
103427
860394
749762
736596
295914
76346
538552
410864
459755
196120
54340
708264
90667
749495
778996
56905
317535
45670
884068
39422
641003
15390
456488
267638
633883
178299
378707
189988
454396
868552
951138
92064
3032
681523
21129
523819
238285
188895
382295
716879
747017
943576
992584
116069
310052
456546
21863
91568
206042
347370
786398
432231
377508
311006
867676
458256
222833
692952
974113
319752
815046
266933
966889
823071
801327
180676
436274
738336
892064
965466
617324
270702
75246
761283
991805
127881
89699
235091
268142
412592
359681
241050
92213
402401
487126
396533
727903
501948
190712
492993
862618
296965
508958
868395
66716
90120
572955
866275
301620
79511
749624
122927
288619
151535
973612
92316
924054
272185
760634
430351
289019
185772
383720
173945
537694
525967
487063
302185
720615
562844
188420
266107
649969
515521
919578
13038
267889
278464
895985
249620
114369
826998
83495
956898
194504
348984
873753
570215
137736
265369
305279
920922
760836
975624
766497
727692
641420
302102
170234
823228
663334
630038
936552
568329
605595
666589
434252
980098
792539
967721
51460
884185
728269
789470
649026
289463
919160
857131
912457
390697
942599
342476
190980
774327
259900
388648
662595
656789
280116
5722
950482
639411
10834
231949
504120
994415
133323
154816
623433
131050
429006
573225
632872
485880
680142
104117
12957
97649
565485
189934
380047
650724
47238
547126
941342
280428
363863
213616
891423
264474
877834
222142
770037
149585
962270
573732
783752
990257
836599
311883
316005
654316
288894
133282
463986
967284
837238
334367
86220
989653
995549
412580
14143
102431
560122
984060
605409
940987
725385
873028
16971
308766
303233
525094
598453
279708
528575
159681
617773
81876
599888
541733
672308
784202
603552
245818
279413
69202
336186
803904
282659
812775
804090
241328
939118
841691
812311
161666
448289
771689
219655
116872
257435
533350
511118
385847
199463
456982
687463
544326
473595
360923
944461
746799
767754
105096
399910
987411
262598
389844
391821
876090
300214
912874
865018
626616
934575
927902
874512
551851
703154
625721
776772
733216
377890
310389
146789
643925
300000
106436
916939
346521
704581
805002
720480
202256
494267
362604
601286
883603
830200
913216
685028
240756
77080
787172
578257
822879
931286
971114
248667
50587
832103
764401
640819
631920
478260
973583
476409
339747
412658
313642
881824
745053
621855
887206
204286
227626
652186
229112
589299
90524
208480
745818
300339
408016
337631
290455
656881
39752
123576
584966
417385
975928
462870
998419
248394
141404
764326
714104
960063
912646
445874
42572
466073
753590
889949
53170
531995
142881
196477
739826
321569
13332
386896
443748
660781
529586
411421
685576
581903
30937
505385
356019
920753
868579
416146
141540
246396
835144
83211
134069
889195
506081
196468
486893
441770
42567
315157
905586
891114
799898
255159
166875
99844
619614
863711
293412
626951
976191
27496
731003
760864
748085
506427
227959
872741
607938
663470
387752
965758
734745
219895
297481
346608
860249
368267
361938
131079
893238
474072
321642
244704
751225
851099
400378
220944
156893
539870
731677
429812
275163
414482
259827
157847
481408
986629
238677
521337
134457
571967
33571
518082
624497
663871
216696
100035
24465
185677
42687
443236
894886
800252
761567
231792
379745
748862
963794
49210
212279
215587
7059
800426
255081
441392
665014
725415
581662
297944
868433
666531
487467
628698
770968
962686
62645
267638
542023
432727
173294
500621
544312
584374
676091
412948
993748
502223
378230
168436
921766
37172
529039
38978
627531
96923
616013
933398
359750
373382
21683
802570
577392
703765
998397
706577
161932
63844
667657
440753
235897
391266
13523
847262
283328
207792
313753
338549
527309
874929
542621
9554
938619
847604
230729
41038
565704
399483
59628
675480
758504
26920
735523
942191
568693
943491
315795
522489
716355
53034
35794
555843
613714
904982
40165
153622
263068
524485
325220
219378
10319
381577
13306
41002
294741
998637
769545
335259
152526
831487
590186
460234
200479
483135
699025
698201
191844
170658
618447
120614
733313
465027
868274
635457
238422
322599
703431
786503
39761
984939
985344
218975
688285
68237
248368
469713
504567
584467
798578
174654
244706
70683
630122
470720
779313
677121
238947
152030
22593
382182
13144
900780
131209
658851
827854
21949
214474
918602
71902
900486
80224
921173
965009
349329
991803
329582
510244
540250
794343
257498
382762
157066
727814
348163
953681
60301
696928
262816
697980
403730
262993
280707
702288
835551
139425
765439
55947
877262
753777
202355
373966
956712
416528
727352
490811
739868
602733
804899
18937
612187
377703
253367
355732
98580
613248
571946
886082
867527
654449
701458
746561
172424
556311
946348
434267
166930
913419
254729
968203
829254
788175
295062
871930
578431
659555
549702
728098
197586
649528
970142
134996
620711
976572
840924
760660
211822
987220
774853
320738
7873
505640
632138
566932
107860
318359
362838
625566
742747
527692
92983
161588
251705
272168
560422
810630
190816
342239
965941
234218
94473
413791
291796
339864
564177
623530
749695
920654
566831
684420
399560
518356
469710
627272
102780
749402
947339
450966
441781
700221
930765
473959
937788
18152
788987
48513
754072
215063
415774
687109
592247
151479
258645
584230
364216
984362
407599
742196
924179
429606
954921
715606
326182
207741
489027
35671
795804
413687
318337
473751
548476
199131
107067
857314
923276
649229
448993
887709
8479
49937
185615
23644
908674
855853
545609
734417
870399
579821
947667
541792
386444
387072
387952
387150
187988
952128
840949
605719
532447
689615
772040
168862
9504
139421
205818
195711
515739
372805
555199
541312
336625
875415
258886
309799
848585
25265
478649
20901
944477
242886
159123
657008
941918
651712
131416
305326
495045
398978
11894
748621
157303
390214
175158
578607
958356
78246
941407
80963
377693
14966
136167
132655
905727
930190
840598
754281
541120
934693
52986
366757
743173
682968
535361
69353
280894
626187
274806
425404
13294
697190
674075
963196
446810
946049
652767
483343
424462
877594
477500
632370
433158
260867
755951
365165
346112
547225
571925
928551
46620
981550
576351
832789
549804
408776
779570
790158
152158
93315
319454
83579
467907
281425
269560
460394
652667
146402
503893
781313
629439
755294
350246
8079
326923
444239
749227
231614
444582
127644
369557
659429
499791
627184
222397
761594
54534
346682
522810
374117
899636
361677
918114
524655
18423
20071
249505
726745
167310
592654
119087
381449
912286
37014
740273
709087
85023
288320
930030
442855
127654
381885
307500
764263
409359
666768
136870
469015
167174
808977
39789
194480
489395
619085
632025
928925
509120
468683
906601
448462
406087
991210
870718
932716
25309
194469
129649
810151
816374
503545
705228
324778
607283
96285
995692
181168
332751
627888
158513
897776
973537
390321
860767
967028
350606
177255
94420
516552
523855
617889
928102
87053
164315
642264
972568
1005
575345
35568
242233
695912
968452
565597
498074
81933
136578
265059
131882
876421
641859
621429
190832
367562
707979
534207
348451
552053
386748
636928
2217
922228
216155
812174
58411
299226
321852
702717
926609
827856
737613
148059
303583
11369
558717
604946
387179
398548
477063
198641
805050
114218
245599
582788
672247
999847
311
223839
752783
103222
669934
133498
416043
876261
911062
32310
900491
361144
891744
193982
808252
275097
49446
109576
747766
215661
738069
156603
859348
438913
524982
997419
102896
118051
789079
514431
148058
526605
459034
244916
747061
945405
854553
732026
273967
639584
547637
381372
892251
986028
30842
882045
171501
449421
189232
467550
531153
350199
68417
923260
679720
217882
485634
452790
568992
930932
522143
824460
424430
257408
208808
540131
827499
635852
241330
870053
278985
65320
376875
516165
872688
244218
878142
287968
439737
578287
704415
805631
605701
893772
681331
915001
104699
338018
952031
862645
218718
830752
415596
928141
987719
626626
600724
782735
841283
597736
77036
269917
581963
577793
918509
667764
404764
360230
224288
988873
105715
434947
142950
161743
868391
897392
314337
151446
114082
96862
884419
405005
535677
879084
44913
429096
325944
735513
425875
394652
279955
126356
504635
644167
321995
745392
205935
705582
106292
481459
721365
311006
260591
661965
879098
245235
753801
591654
966654
642359
953264
993552
945056
99042
157715
992412
270690
883583
515605
990728
948888
816368
152237
582166
232723
223304
282333
254520
937188
241494
704844
454695
276687
535297
186882
996690
113742
96847
917312
306547
177854
577856
694650
56510
831978
618583
863538
179508
555763
791608
423218
803156
699481
254060
334758
472816
469864
109314
599955
411997
717825
777489
296888
959812
19588
174872
894912
526037
569047
907526
496032
929180
311510
149909
141843
86828
968023
627600
216240
268535
693528
203830
361508
350463
214792
678519
756946
722023
349294
516955
558020
244771
242554
860674
585676
814798
935846
765062
723195
228763
102921
116540
394941
124899
396344
681562
818448
788124
123417
353714
187295
382058
721989
424476
621951
883599
637849
268595
194629
311103
782042
644597
366529
899151
732290
379918
454172
56203
591467
463726
784201
128806
272535
152086
248875
612684
103194
289331
652483
714004
942693
814497
822996
320017
20079
911824
847510
580680
521537
171844
865106
525563
349471
178102
58592
186404
564686
804440
379
994685
622214
621942
121214
252476
850358
582008
926078
720285
214063
951428
294467
618327
888814
732736
375011
239664
302281
758325
765373
559276
201268
611599
663631
803297
977072
809793
891253
173158
356306
498629
424063
438442
599916
288897
96109
33184
903706
710789
125833
346456
743338
625521
778273
721193
640681
39092
571488
178059
279174
851951
308937
756225
307750
827575
717711
409843
680387
357753
345555
525722
656513
658680
892218
146452
344399
268915
37290
748951
245046
266530
484962
464578
34754
157854
103091
730575
260681
678176
737823
904229
20060
198945
616141
613002
299402
977377
902949
878774
190284
449284
114830
160834
125712
645590
608769
318783
579493
210799
85834
276644
478527
952434
392859
353503
26856
274607
707213
426828
462788
34729
639732
744707
275839
280625
286237
563212
232981
806129
938343
279150
101309
288325
208571
166692
776243
5379
510185
192817
903840
216603
850848
362635
835497
604634
864458
337074
945169
495433
26434
355684
199756
401586
110579
477097
791393
669698
192782
841993
357626
662538
312295
731742
801291
503391
593581
834180
148573
951074
198020
898540
785654
417306
230337
308304
220711
665469
827393
447105
744626
416654
264422
182236
89237
329376
499119
909595
610935
713336
973299
130247
241454
446608
206330
621515
54827
530424
885304
605540
262723
433815
399271
354357
839578
584272
41280
41144
531182
844864
310485
882446
495037
80163
796750
186103
420629
501654
319742
979484
438262
926711
9761
389961
525349
871080
445748
287801
335312
174259
511025
649610
857817
192072
630950
781712
513025
805729
331569
698821
538546
548102
399258
973278
320616
711980
270541
319481
419069
844601
625010
406770
473617
355171
700203
246932
725651
7350
284457
763564
745454
123252
119467
256378
792402
455382
974229
416833
54621
551857
984809
82494
272998
40756
445604
523253
511462
350286
919543
439078
541124
227564
907745
128415
756412
359456
639397
852011
147691
923101
249453
508712
300793
642527
298747
439862
961827
560807
601864
390347
121059
935716
457915
655780
323583
281901
855175
42390
156396
137451
542113
551875
543964
979924
914717
58791
951851
689682
156068
904210
913633
342786
950292
708848
670885
704024
122484
327620
761919
256607
800722
483892
953480
297374
491452
282173
607345
10838
416343
357830
718828
788969
563807
430995
684346
384341
989883
147088
839634
564125
210108
217741
166571
465224
202930
51721
414310
425986
938859
209511
553371
402273
747593
956478
159551
434819
723839
122572
701999
698323
723240
697098
461019
242730
442755
565530
494866
51730
107215
924444
17637
553125
613631
738337
192699
451220
831131
683575
56881
818435
955123
471203
188779
388498
361855
149741
744956
256183
892760
787605
549358
6023
689421
116515
131502
583315
610595
898716
886231
756271
171437
217233
438489
369678
226499
816081
301510
355721
749538
897918
696377
321726
810336
154237
605795
371733
427786
228359
652467
78750
5852
551965
656865
143190
122908
918488
468184
113929
723475
194398
310462
119441
590121
317361
95713
79612
893916
829409
754879
377164
593501
716770
64946
265559
132871
335416
417526
294095
662908
862862
1368
767516
902366
888935
349758
895077
973607
766763
62733
121582
866854
413859
504826
335836
597335
449536
91825
153043
809437
65622
290651
518656
761374
655270
921808
55667
733307
198168
987289
783267
637738
785991
416224
4182
496691
615991
390518
934104
478595
52194
458881
404392
266608
335407
140096
166259
946762
146500
855997
484472
816282
952562
727822
533642
938170
411471
1735
280948
298449
955938
729535
190582
190633
389558
55997
75566
798382
197073
165312
221010
143301
760255
226472
394010
339462
282439
336964
972602
709208
306751
161913
639693
323368
63163
715275
283405
162501
26913
908299
482879
655323
853080
182558
58156
595915
842015
667109
112585
646755
335802
786766
884984
587839
589062
654967
621927
184315
316270
86778
118103
537683
774710
458713
234871
970330
52917
45767
411758
629588
266720
817617
8888
601712
115904
372775
855016
776165
984901
369547
815947
156583
627253
149269
30253
582086
249021
939040
231861
609124
348136
703957
311275
4177
668781
289554
477018
260101
141282
597110
398865
684729
856015
290379
946243
790306
948510
983505
429710
300490
462574
499619
861337
976461
533382
547784
87062
625774
300390
565401
803303
337044
552442
470154
831580
854948
68328
670422
189467
875068
754952
805899
514009
167304
805043
959791
9092
597637
478772
331662
830019
328848
16348
669409
627797
741930
900658
700125
638166
717323
270598
577237
901024
493407
150118
957260
764174
533729
997610
72923
744028
640659
165994
866555
533034
716311
270480
582512
702239
661101
265480
567187
453611
440458
560980
817466
572900
275857
219579
300037
658898
471473
276769
654344
641414
141146
140402
476752
436517
296412
415800
301908
863682
8991
677389
913850
387433
589945
472746
710786
921721
884399
173853
680403
369577
408267
425561
574304
996523
499926
204391
424695
330861
621875
58811
972774
213692
580696
853666
240586
158403
404329
758678
395317
299250
771699
385204
832635
643514
315906
567749
113114
152244
12959
975736
346563
69025
243049
827697
553737
967756
642446
271290
603813
269196
356135
805143
912867
868902
829166
870904
164781
418575
778204
649928
582387
925646
227427
69923
181875
364160
986565
123684
299754
264949
259536
671003
29271
902904
765302
610206
991720
607725
189965
983991
161412
807122
904991
3451
95860
314728
184111
280634
770094
933803
116233
196818
780416
97660
225668
17246
778582
735264
835800
552268
378536
395681
16150
566348
339330
399826
512200
47589
311025
84592
971685
528609
219207
628644
578417
665833
719820
610789
581039
465963
372545
769019
734468
291959
404626
203294
18090
968042
232535
238269
911629
177729
917382
874522
99845
624335
168825
303826
106929
627593
968024
350011
634860
894271
38051
105702
990447
866405
707807
469763
584579
32848
305626
630052
675105
146620
945499
182298
469864
193993
239019
423867
612281
711175
751610
235846
470322
537126
244144
492125
348614
222672
356113
202224
703926
795602
890188
336315
829038
816821
704416
575333
9854
366635
432364
907273
53427
215653
342865
856722
692946
506178
338693
813568
219952
330017
150775
345031
710321
37783
807067
63766
928155
818300
376785
541557
579670
719200
916726
403527
232898
254235
368198
724207
275637
264386
689067
728335
738064
484790
996647
292076
39356
938390
886427
951469
912454
260884
544754
23939
781653
1637
133037
890018
380996
663890
550987
468908
56736
162924
417812
982511
647935
334492
930690
599429
969467
260889
886221
925338
786250
84146
705169
774283
385595
879755
36319
871337
707151
934884
158429
342108
93042
785237
373722
270244
18645
300694
445298
92987
232105
646330
644378
554007
454201
739644
247561
335051
948324
95858
122820
396621
565238
165982
174724
627922
391523
882084
935685
524566
366431
97301
525742
406712
876317
740905
687704
82241
195233
822988
23932
566085
579076
266767
87998
384162
7044
905151
403792
646693
847493
96851
908804
382989
308584
304894
391282
839591
501319
432869
320770
394520
719114
489643
977751
752825
907113
99687
80985
554396
3774
270967
766492
24813
346821
510254
690546
725172
383348
43177
425418
786167
961457
63103
384579
687613
776821
998742
792401
686061
435259
853971
452234
71764
106916
584233
657230
879621
952170
480851
150097
917850
405567
740572
358727
79513
576385
320603
68330
364083
58332
56637
28971
578342
147453
352506
764979
294017
803951
273770
39636
651208
972628
231344
452369
244589
50624
793044
376454
223358
561141
802479
953270
876703
658487
788543
567279
855788
991308
710747
205084
196160
869202
380160
444775
380180
584700
920457
396680
444095
595498
874109
721967
315035
545573
437762
883978
839752
524980
761776
903411
825354
650397
204161
398649
761998
760187
521700
622026
937546
471993
148656
94010
728194
425704
809910
859698
376742
490883
274415
556408
81496
716156
6420
176086
564172
902082
88461
312746
258377
231250
621825
352842
534860
914999
17932
629777
634571
190176
366991
396874
411223
953756
681696
397752
671770
94964
998690
352000
995584
243365
700464
731765
271411
443448
283379
172285
741758
350976
818708
594916
860179
151472
876554
260413
292456
516310
718612
26224
588027
52344
42115
130853
7735
908617
541231
57420
884719
178504
201546
412934
690822
974006
954641
322739
920305
392754
640542
717209
151509
625074
265371
599405
183114
263904
696401
892546
464705
81423
242526
652427
288002
745304
403141
751438
953165
185365
681887
854120
918882
565433
104880
542199
67613
19659
775317
309479
668281
828477
870296
303964
919413
973549
533926
753337
320147
572855
848280
206668
292029
461876
612653
772630
489539
836948
263769
868986
760575
433364
866486
984960
432410
479707
742553
528263
285095
878967
794944
628165
852461
828335
841767
730044
405826
643524
755001
891196
867922
652553
550180
563470
387839
935004
703237
977540
143586
499520
640643
438811
148784
499096
456695
624266
724729
965186
240777
508202
440009
57550
272854
742081
257457
682842
657933
813548
262624
688971
642713
58217
352682
152554
509112
56895
867243
484696
245419
762634
481605
697968
584774
479910
738756
308344
331111
884792
619683
686786
584579
457684
392296
321381
325532
855374
420522
598867
47759
775328
557107
299671
273353
551989
38784
784494
302490
596112
879845
106559
233953
620060
721997
422455
791847
461328
589535
721093
221641
829566
405949
51183
49548
427769
120422
936655
814421
805665
240123
605678
277296
355917
769887
777596
669646
885587
534583
204969
910156
670646
33745
806946
346030
262061
754657
706859
445802
326924
348261
904789
333921
432785
191018
290781
302312
81038
355177
736097
894725
566638
590153
797759
615926
860005
48840
66060
768874
570680
297268
347054
237011
769382
27411
848407
891987
841650
898274
76958
710483
671438
919611
196668
614963
9573
926927
187359
748059
170757
455763
269870
156336
978536
753912
361882
34147
255838
533266
475357
549411
756760
967770
876883
237235
548115
205455
434289
196373
141278
217527
915430
454566
907786
69443
902668
337539
111150
71568
308043
317865
123156
270026
684811
327643
572292
510891
777427
325692
587690
450465
477507
704636
723046
55566
386282
865583
134640
354985
607045
27257
471334
396673
674773
304422
847284
96930
650844
37462
921567
150672
430003
182933
693550
596720
270027
251337
654261
199942
415422
428484
737599
86297
148433
311738
710167
584371
677769
859212
247795
360453
3942
70339
856766
42215
39744
734040
42177
55356
263101
610991
119853
439028
928429
359589
176519
853931
665410
775934
451888
762287
278127
784385
336656
306142
613851
211424
153567
342446
949122
732110
741456
328007
277417
255093
515290
738187
519484
999232
155555
361525
952517
150675
178316
346143
385931
659419
206291
414941
220165
50111
970921
211847
653689
348725
960145
171861
371510
768050
125873
871778
553962
51001
740473
692243
569057
707477
172781
916049
760219
239714
60880
117361
784264
326853
257071
182773
648866
693691
627527
281068
145063
118287
495316
405556
427698
638629
119415
789024
839157
758900
795458
931060
498389
636433
70755
537741
517410
169126
88492
993566
483890
843713
936187
172949
265881
89352
338507
984732
556038
92107
374549
225723
200253
919026
765988
855450
178988
398421
406772
282852
942381
454571
192070
83080
128087
267353
666819
1113
254017
395948
433802
328277
147348
431394
735064
516227
331980
12963
637843
717557
212427
808525
519091
922605
144090
166445
384014
906140
128573
303817
51582
291846
960881
985113
694320
952129
165956
892631
986060
560795
645841
572268
348092
472667
613015
198921
423387
920480
458293
766871
220924
120231
902597
673734
744724
963368
815634
118082
147397
855967
291063
864964
629384
269992
702037
577157
569525
540419
162224
574989
818738
152632
264295
220713
995318
662164
121870
332282
756345
722257
555690
907754
250938
249875
967368
969786
120620
892111
978170
193079
390270
443526
864751
335564
985990
790319
743598
560432
686345
730867
7663
647551
6569
689554
829590
545895
650539
219299
761548
716345
304868
118712
91644
182367
704001
443488
450983
316781
138479
645702
214629
927760
190253
859638
504057
755427
27180
107968
258383
728928
665311
201717
859284
700915
687845
243534
767218
437354
238097
608941
236775
877193
440594
948219
475329
186491
968388
268080
64376
548514
597842
461872
616744
945039
898373
91987
248873
482765
207022
208253
908108
406040
914732
691052
514677
880939
934811
697041
174352
291831
161369
409685
134897
121583
151990
957692
121100
598784
978039
371495
115149
933279
369031
258547
526102
548666
249723
664383
336275
539792
750976
696012
548154
995164
908260
705853
231524
820844
270397
671229
127299
945745
806202
550783
912000
811567
819012
651297
873714
91124
844176
34218
41084
350822
357316
931890
683395
978452
731267
421281
636426
800878
741143
71823
288877
201585
380538
417419
61175
596602
838849
276471
653600
525116
917670
203600
537638
32461
237168
593164
13830
42778
923073
876572
524823
265403
893756
576529
167940
290338
464976
92443
36260
928620
223718
947628
400568
543578
862627
615803
594688
185817
743130
688676
659642
438397
781330
265644
827448
265165
214574
807843
625244
800247
865599
914082
277491
753124
359971
271668
7020
799334
446231
386513
414644
865038
440225
67461
91311
861851
102803
785200
706580
433548
68924
64294
490213
606871
597937
302902
205450
882
287603
53000
738633
257294
619261
768224
174564
841699
755949
174911
993744
761766
748492
446504
81677
907160
368380
783936
742950
889272
729021
336463
161991
201497
624475
215715
508982
550542
277112
568403
964912
327489
591282
738913
960929
915235
510128
94521
355006
740989
370958
731030
494851
522278
534179
187012
293124
305037
452139
437952
372786
851638
927574
346107
352365
729794
883372
305213
761856
97126
810011
60839
828094
7358
430046
785617
691894
426938
597388
845905
411029
549494
495611
90333
343129
416488
97231
705928
712622
640371
739490
514280
487975
710488
748945
485145
345498
411084
610465
554010
144920
364772
257165
175764
390087
494124
807021
61435
859038
555672
754948
622605
253693
786194
367846
772792
327335
269234
293636
898008
465373
596748
562262
347550
943640
855202
527971
585228
867874
293562
174384
133404
622545
145867
635459
847809
574113
375505
268114
726469
945389
937792
476621
406353
389258
914708
382085
541771
479296
419527
291064
208346
205030
896028
656378
571397
964761
986201
898496
649337
993816
251026
59532
5609
564543
753887
452977
187344
323743
918575
253698
739218
699126
38262
375643
897472
453136
660098
146763
392698
540281
537323
869981
587695
608541
404329
922241
52608
688127
898368
856924
179651
439890
208918
515625
12068
100791
402149
208394
320741
888340
393931
117935
202757
783245
779198
505889
654527
769058
834334
968556
849449
413861
385251
978471
104061
80406
175221
43809
998877
488283
34730
949967
115171
259403
53883
846064
980429
594655
956483
143333
796373
567721
819215
390404
394503
328541
213908
967665
904214
536173
956060
826621
608728
372146
387595
207080
754085
695237
682382
877703
723591
694382
438111
997185
923934
446900
466294
723763
579347
532499
452623
145140
840183
488908
212820
159986
822391
594454
459816
920059
962174
179826
164624
413976
20839
600604
600445
230419
670109
262813
208954
70298
216082
628222
396590
573692
209752
89815
109775
652112
314143
917893
748964
280117
461196
862650
367540
982195
657266
363501
185360
732096
806383
577907
811578
579615
221862
26470
214577
448867
512980
275201
396826
742546
365137
56910
560525
482340
1061
896630
425976
617195
367877
904568
918644
940876
