1623
2859
3501
3928
4501
5295
5669
6907
8400
9087
10586
11834
13035
13777
14270
14593
14901
16548
17227
18728
19780
20425
20459
21096
22303
22965
23836
25076
26102
26808
27608
28968
30988
31600
32637
33841
35084
35299
36444
37459
38976
40417
40598
42148
43057
43900
44996
46800
48621
49503
50806
51241
52892
53599
55093
55278
56551
58413
59490
61119
62638
63579
64643
66005
66477
67899
68729
70003
71298
71882
72903
74138
74809
75724
76685
77776
78241
79195
79668
79687
81040
82091
82762
84066
85617
85812
86857
89017
89385
90573
90715
91114
91413
93111
94011
95336
96375
97660
98906
100294
100375
101161
102011
102462
104165
106151
107960
110160
110407
111380
112154
112797
114073
114886
115009
116185
117177
117410
118286
118966
119918
121143
122554
123180
124742
125347
126114
127569
128183
128874
130629
131368
132145
132973
134713
135739
136546
137443
138607
139481
140657
141757
143385
143498
144766
144800
145216
145625
146227
146808
147838
149123
149975
150547
151975
153251
154284
155129
157003
157708
158641
159402
160440
161531
162677
163554
163655
164631
165929
166683
167055
167795
168832
169072
169688
170544
170990
171372
172053
172490
172939
174109
175124
176755
178560
179494
180545
181335
181717
182642
182918
184009
184504
184661
185925
186465
186755
186994
187486
188284
189644
190271
191221
192269
193844
194778
196274
197604
198175
199555
200654
200779
201862
202354
203190
204073
204583
205385
206409
206607
206957
207385
208346
208654
210198
210765
211126
211493
212393
213536
213999
215026
215411
215902
216765
217957
218234
218553
219139
220096
221283
222141
223941
224243
224708
225845
226390
227092
228740
230137
231391
232242
233333
234713
235241
235470
235804
235927
236902
237294
237938
238474
239861
240930
242142
243427
244166
245478
246658
248101
248961
249852
250540
251163
251998
252742
253998
255015
256223
257117
257341
257738
258448
259400
260772
261988
263612
263972
264887
266375
267150
268070
268966
269797
271283
272374
273713
273788
274803
275703
276918
277980
278946
280231
281882
283243
284502
285710
286122
286691
288006
288805
289467
290548
291400
292977
294134
295187
296306
296898
298654
298932
299546
300657
301414
301959
302932
303103
303909
305213
305327
306540
307271
309076
309912
311707
312709
313760
314421
315244
316811
316977
317905
319165
321787
323119
323870
324659
325511
326921
327618
328520
329627
330574
331307
332336
333715
334390
335203
336275
337008
337625
338641
339914
341323
343527
344680
345809
346388
347284
347947
349588
350024
351475
351620
352261
353361
354524
355260
355316
356477
357861
358953
359701
360726
361316
362552
364151
365631
366529
367708
368274
369357
370781
371428
373172
373892
374006
375515
376780
377110
378077
378531
378958
380100
381539
382829
383661
384852
386240
387293
388234
389146
390544
390998
391969
393058
393522
393855
395020
395565
396298
397599
398743
399177
400783
402350
404127
405776
406870
406932
407495
408364
409393
409875
411207
412338
413588
414168
415275
416077
417754
418875
419831
420868
421208
422552
424308
425692
426990
428387
430012
430836
431395
432588
433842
435378
436075
436794
437561
438119
439095
439791
441063
441928
442778
443460
444163
444686
446289
446657
446892
447301
447905
448558
449200
450407
451217
452095
452746
455365
455888
456403
457669
458198
458949
460049
461396
461584
463259
464932
465720
466833
468739
470749
471865
472616
473514
474897
476043
476820
478493
479339
480434
481055
482207
483109
484845
486700
487557
489051
490325
490453
491833
493727
494221
494675
495793
497063
498008
498910
499048
500696
501562
502593
504320
506511
507350
508312
509245
509611
510744
511196
511576
513203
514002
515056
516319
518281
519891
521020
521820
522619
524484
525152
525631
525839
526643
528012
528564
529488
530942
531342
531808
533058
533390
534053
534800
536417
537087
537861
539064
540294
540681
541580
542257
543414
544462
545355
547208
548654
549351
549918
551693
552939
553301
553717
555273
555458
557175
558547
559617
560049
560911
562322
563952
564600
566292
566666
567604
569091
569876
570934
571788
572254
572831
573138
573279
574598
575740
576936
577101
577631
578575
579597
580315
580441
580740
581436
582360
583656
584985
585808
587338
588220
589847
590336
591572
592956
593538
594267
595074
596628
597846
598601
599014
599967
600601
601587
602867
603536
605644
605950
608042
609407
610612
611166
612583
613860
614020
615136
615191
616564
617536
618931
619876
621409
622850
624404
625172
625981
626882
627512
627895
628208
629337
629723
630915
631723
632578
633559
634943
635553
636222
636728
636922
637485
638089
639957
640877
641239
642574
643559
644584
644801
646882
647307
648139
649530
649965
651143
652309
652859
654199
655147
656438
657152
658212
659283
659395
660477
661062
663017
664175
665074
667218
668353
669433
670649
670857
671452
672891
674618
675496
676090
677949
678403
679428
681001
682245
683602
684721
685921
686708
687829
688502
689454
690931
692370
693660
694702
695779
696927
698086
699446
700023
700975
701597
702947
704576
705281
705984
706379
707077
707771
708676
708868
709750
710290
710402
711050
711503
712392
712693
713891
715003
715473
717172
717987
719329
720351
722149
722956
724232
725125
726262
726319
727337
728084
729490
730188
731066
732268
733732
734117
734691
736355
737589
739055
739732
740052
741390
742749
743259
744623
745429
745956
746948
747205
748564
749125
749707
749958
750785
751822
752145
752357
753981
755610
756409
757107
758127
759302
760602
761215
762202
762399
762474
763737
764317
765443
766899
767897
768584
769584
771519
773532
774329
774714
775721
776755
777613
778276
779003
780156
780822
781405
782668
783635
784721
785458
786774
787270
789192
790185
791398
792225
793301
794737
796070
797568
798525
799144
800603
802450
803535
804037
804559
805388
806188
807439
809388
810158
810806
812220
813498
813975
815499
815922
817112
818905
819910
820826
821606
822906
824601
825834
827122
827485
827998
829107
830571
831827
833088
834177
834808
835805
836474
836846
838025
838889
839507
840921
841736
842132
842953
843800
844456
845675
846533
847316
848144
849494
850864
851350
852310
853457
853778
855097
855259
856177
856792
857499
858548
859932
860127
861285
862485
864111
865418
866332
867004
867133
867903
868833
869977
870769
871898
873111
874770
876204
876952
877482
879143
880526
881629
882324
883574
884069
885139
886611
888028
888615
889466
890120
891263
892149
893251
893704
894354
895556
897251
897347
897853
899086
900062
901509
901744
902471
902938
903702
904440
905440
905456
906996
908025
909467
909866
910937
911931
913224
913691
915268
915534
916327
917245
918147
918780
919105
920365
920947
921974
922955
923275
924126
924415
924539
925225
926805
928394
929279
930090
930279
931724
932880
933300
933652
934211
935017
936705
938477
939944
940432
941159
942636
943118
944718
946011
946615
947282
947833
948681
949027
950418
952207
953172
954021
955115
956758
957460
