857421
642800
219157
573074
308323
406256
210868
727850
685685
72338
464210
240919
744092
943995
610415
804397
585522
573207
351648
141050
975228
205986
704972
40539
122244
89940
43280
283258
398726
166247
235267
888423
214528
918726
443539
655122
950764
665236
629006
316259
235722
450581
397885
119990
848086
872509
540843
799222
273370
732947
343491
519445
866268
867842
313431
292261
459703
623420
125629
638806
912071
656971
724884
926284
798398
630518
69348
441500
398996
909196
482083
662820
36763
670352
980948
83844
799408
23361
80970
619069
967821
923524
409611
567140
599292
28400
911759
364418
750630
562358
371048
561995
335370
712747
575547
276985
151817
570548
957996
609605
20701
15821
719064
46658
941738
627510
583996
559446
263341
557306
331059
97941
877073
436061
462364
260668
311008
329185
958746
727046
936598
321909
490868
424430
902994
797499
396509
941378
115046
980916
345231
206433
982413
124171
441488
648401
696124
850554
360535
21695
220625
206301
501704
574164
454632
303313
920858
523056
146189
851208
131801
784517
914891
87597
499719
642003
179619
503534
107614
595195
924824
360107
777137
189699
959271
373177
808496
630757
569237
770450
98762
114004
652064
119965
517997
16204
155415
546006
850729
628244
153349
415770
704690
107283
528265
937042
345092
976332
435905
176313
426657
987384
513957
489803
725622
970943
488560
654604
355420
247762
556152
773426
966266
46247
269663
191216
374599
387154
132514
928479
974445
707325
597007
64971
275145
79556
767315
517464
842895
271919
974321
896208
494923
284493
589775
933130
494402
480425
676138
187703
951415
142764
343018
294924
849865
560975
741777
191559
499897
277114
165516
638433
39242
967614
395628
456847
387969
475820
417838
569844
53260
246928
81526
715686
62591
331853
331419
203995
451641
266710
415835
722800
556197
995207
744879
434901
326748
627934
259130
418265
34600
806936
45851
57742
120996
817324
590626
538329
311807
35038
888094
976152
347871
915906
734676
155376
132450
828110
415053
218546
487679
954522
445383
148329
583115
101430
488651
97922
41432
354024
562142
151192
472248
832576
193681
973724
834783
415642
875635
263646
973030
512752
284839
169594
852140
517081
130512
570017
196183
769378
592488
672451
668600
351752
366256
595990
192141
657103
17666
367174
615903
7105
112898
654201
344972
355398
731827
881469
317855
30301
705894
296209
43291
632757
898189
584269
291479
489834
419309
675182
608835
453919
761266
118530
245704
882036
147228
498412
91086
973668
575959
756117
253015
738878
990057
437168
689416
782142
242181
177575
766472
689736
467900
533927
922561
516672
255379
467845
16196
956744
98095
9291
777865
272791
391917
264547
377172
182834
591822
144927
266738
494538
765072
177699
200099
519731
281240
578928
492498
939900
77258
928589
228799
420719
680123
3540
72061
594854
746878
151894
12247
902984
870363
556396
686606
995615
28446
807835
205630
61783
511499
189859
838686
98134
962351
405668
709606
641842
682001
278126
629899
777235
288840
210723
304486
584359
253990
578379
340787
511547
690578
332404
57908
245821
517875
271556
199605
293259
211400
842909
747
455031
189781
175275
163190
847834
728120
57229
376326
630481
141338
79453
6425
434777
111745
246302
361954
281219
884033
516097
380294
347859
1042
677140
899007
536059
689917
701576
571555
853743
343345
616605
304895
972773
3058
424492
125149
414315
459889
296720
586085
978276
746486
713330
934368
100064
581050
856752
433431
501975
465617
434282
183898
486146
878596
959528
86429
262167
286397
188203
483388
702367
107739
176335
143839
315957
70694
597209
359992
526557
166236
446179
628457
451198
621546
610977
131971
2942
155382
32463
693098
216376
929241
589689
328596
759516
456298
199270
283120
73764
791093
35874
536675
115055
215755
267751
658733
247484
388851
517287
369322
611588
422334
284217
666229
766579
999992
98333
861799
842373
88123
949998
194749
789498
429469
399139
661527
759093
113929
486081
749725
156855
166059
745569
406012
735922
739205
870809
352206
81741
281055
113098
246360
783027
896091
833542
656301
613912
376422
749020
270959
870154
739275
73473
61749
270895
819618
591068
721865
877345
135397
137197
299720
659235
81698
827675
966060
255358
902221
821722
755751
565116
430573
212278
778789
730944
703095
222334
807220
276608
381240
383439
452992
307937
53483
88828
34615
11054
317546
853463
672651
992820
614913
407199
916822
653180
871519
517446
945751
325029
262822
622365
678490
372958
229537
547166
612342
895102
168661
230486
857328
982080
636464
259629
64445
970206
109535
634835
954533
732488
718843
628809
968067
989057
641187
917129
940009
82903
273509
749331
269728
66109
902293
270166
942669
415750
95424
836663
857199
474112
516795
164416
373188
401835
916244
877544
212171
285973
286954
638075
539109
895443
186649
536230
465237
333150
312141
897569
296358
380103
347128
419449
665324
716312
135262
857209
635106
408905
267789
307700
657011
816092
966251
612978
581204
298133
157671
491445
993422
428313
438673
640870
708505
969186
39814
875233
304164
521181
413188
954778
236082
96993
242332
390570
152990
971
580421
706170
361727
670010
506956
293130
331558
547108
171753
499231
441540
418771
456174
235719
110441
842624
811609
635082
589351
481546
117704
174895
781269
550611
56844
134439
377007
978488
78805
916058
834971
28458
301005
693709
50758
499822
723906
556653
318509
146541
170427
300731
902392
87480
329451
56915
817728
497181
907907
339802
585393
588510
306850
955459
376587
324948
371432
122943
538691
346208
709928
610111
305798
425993
338620
659751
693597
150455
479410
988496
852331
260235
124323
925434
429268
264473
867876
513933
394744
852547
28694
599370
256733
840307
480729
953619
356331
52660
183837
229907
853264
660014
146008
33163
622660
646972
251412
906106
248806
599340
159648
799208
409605
427858
535462
10832
132860
113289
316957
580648
885877
749511
340245
676238
134990
951196
568687
109264
78168
447559
365807
926488
378492
554869
764138
725491
864888
740695
561945
526268
352967
975775
694032
633257
211615
64406
904136
362353
171924
456029
480856
382105
431258
401406
106307
180506
314343
347502
234218
950513
257399
217761
429026
263043
791337
538890
242720
823274
57095
555246
340241
562912
194659
407716
662087
827911
271324
372267
147149
494866
303808
87719
492571
671508
315787
272250
442853
763491
76622
621243
486158
256552
452203
610838
561722
744454
132797
584960
798976
188261
394004
304661
983935
611034
907870
808591
909832
879349
301409
474725
557432
633574
226340
626238
503273
920652
223470
157392
788031
193244
324966
794714
546397
765930
607897
214842
234170
633879
215002
448939
569358
603544
796228
987487
715366
765150
383259
313269
940759
635815
683025
480023
138063
432481
969252
737715
221959
732918
46436
117268
214676
514232
920723
556060
3357
417387
238501
626208
245735
295913
497830
881440
841996
515638
120571
300450
406603
430369
115200
490537
496184
796115
491857
832279
