880043
910355
340564
261918
258360
20434
267177
420262
189641
97920
578632
42335
741929
824757
543869
977535
781584
996948
426938
25719
540741
880941
854936
869536
324716
861890
773739
686867
529331
148711
114432
965079
69397
112130
376437
137013
265098
679410
720117
688936
130764
193869
775632
590193
928709
520961
383155
219782
283802
686747
135048
397674
924622
562662
84781
572120
366548
387756
169097
354073
766774
249560
846225
416373
450971
396155
163670
36486
61048
910765
27207
32872
736214
432204
659531
429772
187131
600288
956467
946732
71096
978207
718432
882905
175439
730700
201009
295152
932670
188345
31206
863403
667372
776686
114134
209939
306799
992546
69065
339219
923512
431014
646387
325352
732508
228321
626574
486197
976191
747958
844434
159667
384991
759682
586324
828870
151738
652225
745913
98474
456797
1616
29717
88076
313483
911053
97124
472565
801926
157146
977123
753249
874301
280385
44940
380974
408209
514289
351405
362416
107013
502631
957988
219361
217282
442344
111289
670902
383941
831466
796248
863820
602278
119251
409897
156929
352326
482137
220430
78752
787091
397320
205688
55028
731066
435554
141798
219389
497899
24352
44860
50945
391170
354199
790332
783033
595863
510646
486051
627180
604067
121387
663842
10394
139533
21798
698487
176078
855056
491510
303528
610071
261323
847951
317724
822736
710950
437484
476438
282650
583195
362321
432334
427947
534952
357546
670894
286976
466768
420943
798310
546094
378568
433961
971692
289686
949829
928238
164564
701943
103392
513864
64647
861918
883426
611795
832675
316792
851634
103237
754991
693896
138200
756201
776313
297267
930221
363844
795790
749369
430625
204568
555926
967934
364073
823558
651145
819590
191555
256526
679122
700544
78311
481459
599742
796089
627020
577082
513825
125489
50131
867344
188358
920587
830356
889035
750288
380317
403780
702409
587313
86056
75328
353653
462790
789921
953656
38120
863630
66926
239994
547627
617094
610988
647386
764251
54498
753325
419068
807013
555241
703103
337214
76337
593069
191655
243716
671708
193318
372269
797921
800221
666411
328273
646750
829641
546956
531099
193195
57905
490638
134672
560672
267817
805252
26048
585006
829668
303494
529917
601830
537339
664849
58662
384038
527308
316859
992161
308572
59263
748689
715175
411384
546340
670543
804280
348402
419960
670266
913136
637301
3911
737566
546674
36071
460011
479840
476928
840277
99954
436863
165229
247488
942046
759659
304489
15486
443269
992386
991740
989967
619865
448611
633614
336893
848706
298993
190242
979118
250087
743078
393827
311818
99276
567441
206231
193219
534997
191981
737008
507013
356457
90592
175041
263484
212786
459021
969870
733692
594432
82966
632316
329746
787533
633969
952679
757221
1243
974629
623122
134279
62010
484002
49209
263070
967654
699451
433923
753833
231820
919041
778836
590449
792429
198781
914046
932303
602652
157321
592727
52052
987105
158347
986085
747480
547392
401871
949558
425250
341460
478400
68365
810481
713492
302979
408374
115557
533623
306545
728379
281549
169012
992943
897263
541454
390755
556843
514983
725612
201919
476468
11017
421176
84044
126006
821820
596822
804693
675665
85567
815146
136591
36758
814998
122783
927386
663966
669598
347219
678309
408646
57218
504546
695792
652682
675142
522062
590445
806653
793408
69192
161792
716066
612007
998046
174182
578027
39556
78848
670001
31691
902597
294000
727537
963578
258224
261894
745391
152709
385525
376925
46099
415887
740124
317022
334117
126376
860445
405798
990640
748999
310862
284119
780930
781479
215863
843576
273809
126204
117377
861770
395448
632145
636493
579048
934046
238656
711330
662041
231864
56845
849790
500342
188324
916511
607373
390642
873526
723035
569592
123787
343376
496222
469076
158604
327402
978775
720891
192316
595378
852736
155512
57639
710797
169399
511196
699014
266747
58941
86829
506893
398424
552969
214334
154386
80062
582090
652378
13909
704008
388472
755034
582128
420338
501206
631766
467164
919644
418374
161080
987037
129517
781832
252652
454475
457748
727121
266163
626559
884074
973508
574231
733590
411316
955087
144633
964645
882692
702949
763462
574201
736254
369043
646216
153993
880952
106433
859225
283963
44731
187464
943538
34511
729255
434218
544993
39980
395122
5682
44441
545669
257936
376809
670691
571048
437807
602738
787379
186787
268890
37123
309397
169619
108989
855872
422086
997706
916360
126006
670495
308892
619308
745584
367404
426182
438274
788090
642907
780668
498507
431664
670608
757454
166034
167425
757334
478262
775342
777798
661615
800128
26083
224121
542540
412566
418280
89747
307928
80359
345668
660294
320238
693492
302290
441812
969836
612727
125155
133642
50463
758000
332674
180701
518301
253581
974674
183327
28466
551477
783252
228254
927730
642353
385861
446810
404782
363127
250276
675424
354689
543765
553490
8967
783050
173942
670353
287814
88052
678100
492463
523377
727856
527227
951164
117134
833028
764598
568374
835352
384701
43928
384646
753359
678016
680040
984675
690810
732863
719594
301333
676731
355207
226886
879764
587725
638005
638488
808719
16028
797513
783827
424520
665024
407762
800530
868636
65240
866569
155773
151712
831
711674
92820
952615
395758
474269
222235
66849
252014
735683
524322
670750
372023
763052
14256
818160
623274
111605
387468
732013
713832
750
845479
546515
188237
218122
901929
462279
95373
761008
814166
796086
729897
220782
755101
897436
244045
906957
335229
933347
939721
550847
643092
904419
568426
199221
406278
666760
335669
86349
344134
573265
259199
925033
928452
285813
445100
960731
964723
642208
527234
48124
154294
695195
81129
110108
734118
343753
260545
466835
684034
469325
815328
844278
857908
596617
282086
706725
882812
52738
317119
333122
154299
315551
914101
803388
261470
111888
913327
728969
96933
852812
46155
480178
893007
230834
704467
156552
767908
803089
686814
954484
91423
982851
855558
717996
667893
259060
657089
331394
906886
843904
947230
611094
524191
226363
203038
833644
420330
180362
715053
697688
511283
728622
20155
508758
279447
329185
298748
824374
839179
321881
186936
587828
105414
736873
471375
13798
703628
748103
635917
65038
434265
417896
553766
991439
512550
703815
883918
66109
391002
770117
58423
735885
786704
728299
831912
964203
61505
496587
136631
788587
14222
494020
790563
262039
539053
596131
49552
957799
784173
24614
417631
180238
317863
350941
511721
630321
60931
956394
204057
823987
606756
59111
278435
675179
708849
939494
58661
62967
603585
178515
947800
294890
103522
726902
220915
991072
763911
949077
415324
717235
234699
890231
249355
313030
865190
13314
571582
151230
27307
94534
379347
117841
250171
209619
513157
433782
915082
731012
85253
452028
544651
412511
451316
614327
467643
175764
87931
887125
877767
842851
572424
265422
265051
88987
358309
453562
257929
35325
838454
58364
908818
539391
260431
272668
888915
857580
815664
312627
412814
673960
565150
646655
156628
124434
278943
785430
644813
866114
786513
1592
626020
295154
593127
806141
27153
901688
315265
750061
124548
98225
751463
308398
969707
261690
640291
221976
533024
231512
352312
532517
320562
793847
314562
570628
792142
333136
900459
934732
509323
229731
907079
605837
262671
721060
269325
211843
445920
556594
989491
704420
975051
791874
230373
749785
836395
468570
912353
276105
640406
904442
265650
106960
351530
58965
119942
358990
32623
547516
70766
368412
415145
632540
318515
751706
452477
765662
782799
250212
16445
132844
967823
599331
239698
568404
502339
334911
236101
55109
820958
41202
707370
77301
845681
308856
265193
232421
331455
394083
827626
875772
246268
275018
354012
414160
730727
984417
956067
604484
750977
373605
923740
411019
16168
382446
817038
926155
416021
265190
751662
405724
915183
648920
963982
815471
45641
87330
348836
960460
49663
505989
981683
523251
973992
199323
967896
788516
380536
622632
545523
649722
710133
100616
775920
601971
135956
363848
513329
238667
501232
229137
301658
705541
356646
718528
14200
176523
306127
78417
448847
191725
483739
889913
501566
969797
348102
61842
157713
935995
393402
772657
899171
273317
555841
476883
980078
408326
499493
690678
605745
35959
32295
671493
120380
372708
234456
244203
319195
513133
109270
886025
515613
898220
902887
384194
840128
372182
791979
596659
95482
374906
6849
40640
596006
419495
904505
356938
280650
193195
496625
249533
944129
192501
287886
220741
914058
98780
750489
567584
272619
732601
939379
152974
214531
29102
341046
687270
98667
358602
587562
204099
283656
910021
665953
200923
638385
201446
314032
52719
38583
416132
856522
378718
333141
567464
879994
16853
565
10066
526269
275489
53661
346003
424569
902309
599668
347927
313054
98791
413301
466501
83096
705348
919791
122047
464174
758596
205174
452868
40058
803144
993130
594549
102789
328416
263649
839093
213950
779193
723508
371625
649367
797364
588387
245022
917565
505169
755430
986378
284082
716042
430673
390699
197192
610044
504610
172556
260027
533632
638826
714598
684012
257497
411606
48739
763574
825029
277338
987582
566639
290998
784377
575750
939517
862491
805235
497344
257490
49751
500874
365100
732293
89107
549427
554720
666702
769455
173654
280657
433438
426643
924546
208817
147801
132708
721777
237746
431345
605459
164210
906664
779424
9551
300025
927820
856130
591514
933375
771612
938124
853177
160151
314656
350317
814981
603855
779848
943743
509919
657855
998770
89002
755265
887025
666567
258326
433519
917740
362501
414154
637323
956831
147351
536550
256456
909031
396512
272697
62199
258749
748246
940800
276349
362879
112651
487100
655846
829657
440904
483694
53778
614864
676498
997042
1101
166699
208270
567797
911933
546558
978048
883733
439924
979476
339439
872724
402790
505272
710437
696375
476788
144992
741586
71873
230758
812535
237328
565063
596280
853638
654338
133296
649483
556606
174549
14283
349308
560740
724712
274829
507794
919321
36552
98725
443985
472005
130708
553598
667051
954976
673856
550673
738198
806364
177077
383076
20985
248306
841108
319394
810176
932808
953051
877016
858383
598524
283105
111498
187794
307088
467643
452144
545011
452018
775873
59344
452133
170534
106
881657
940701
186258
541396
772505
725921
698406
992353
580092
297401
727782
267643
594401
246465
152021
26231
167162
968928
870463
939287
978881
595283
889828
369770
231538
908899
198140
555278
302569
203573
815659
392406
858648
742848
33219
95494
988708
849945
595184
664443
579421
475370
135812
59880
733080
477377
485472
364154
710379
698372
651131
567325
787461
560067
951122
639768
8039
11878
962028
667540
30659
104901
813705
824954
126255
620758
419815
168378
72326
951553
447792
291687
20764
617488
628675
978943
785371
230914
718621
615177
256127
505535
295012
315927
397418
769381
404368
923179
372388
707584
702070
483702
511027
868889
825523
315899
426835
712229
76273
448531
696595
449438
831321
818121
411340
331375
206293
259301
146110
636809
750336
167814
357896
609299
817453
320232
304196
678526
843217
771014
226237
509686
514638
123289
293069
417524
344796
268158
744280
819184
850006
731701
915871
701876
205791
665413
774785
195916
637999
64062
77077
771162
369918
92183
169116
232646
690443
860981
31526
117906
249929
256013
43908
726411
744359
391776
49190
823835
785658
191205
964944
61372
98122
489093
998973
810439
667446
252544
382928
686699
647172
921837
109683
267385
701769
241118
113679
454299
976433
195425
229542
114405
195820
765795
382288
965187
354998
825264
847248
289042
690624
747798
349522
73996
190784
716583
936643
927195
193874
145052
959437
48142
31177
781974
331758
807593
804823
645248
238324
834966
25684
638289
736151
799738
112110
623534
955506
3939
426670
2412
596256
322013
735267
416499
328751
752740
677933
780990
332228
232371
765032
771902
129867
664827
745842
436894
169432
229359
423259
296674
374239
134844
28008
830825
310796
663958
569220
238353
990464
483438
233796
832761
890793
888640
402261
282913
208189
673544
436037
63726
221203
735636
429034
320971
663710
510325
186866
824425
922310
833039
244809
932262
366053
289360
709793
808972
429595
150653
724577
566896
728910
613480
612908
759483
348801
247166
132044
832261
262224
314493
961851
856221
339333
296898
341966
940517
479194
29824
337663
919258
826444
984333
473877
885426
822617
541590
336370
194206
687446
695411
811576
784495
79535
536597
911193
454869
126075
818844
462971
681346
639034
181381
907844
347052
483183
568833
301511
864562
603604
518497
114122
86166
354239
433772
395891
421160
804367
800211
343311
314308
196114
785852
117183
71282
482039
836410
126784
750379
760618
711838
582677
631995
654802
702695
921235
730050
573987
479060
91081
876948
700128
515418
673930
734912
656625
218866
92952
590510
450716
56009
240366
316001
687395
170587
164202
156957
404858
638106
695189
255650
742756
247752
614224
49430
415209
832036
888222
305984
493750
313920
350472
888624
131985
176881
144817
658941
627703
446689
379638
600999
805651
187455
758785
691163
63197
220565
833131
111316
87565
337209
434763
564894
415099
141405
182624
340085
924309
681602
547222
868749
657404
178377
904185
664299
207547
730666
677107
224816
46244
757245
726595
706486
354441
759414
722237
474771
199764
570158
106935
213563
916932
920476
720087
734018
467460
781346
68983
558142
422570
248644
892850
568778
579209
704691
518158
113256
668403
295240
202630
376254
535886
372940
953330
96641
274897
596468
546645
111151
166108
198058
951619
649142
982258
496838
650861
410546
55956
549147
923019
144212
597818
558510
948900
446494
953200
39106
565117
500618
169100
230863
517916
907146
504072
25040
974199
273131
46912
611003
143486
188179
663881
853324
74434
834409
297067
904123
644928
488979
255421
337548
416014
825434
803356
580549
430177
508395
695175
626361
151033
517111
901722
666307
688233
581881
350629
564367
150086
39895
645737
595218
