657
857
1268
1535
2106
2480
3253
3799
4411
4818
5184
5524
5762
6336
6705
7375
7903
8189
9075
9971
10519
11197
11610
11761
12077
12749
13465
14121
14435
15140
15622
15889
16595
17148
17517
17761
18079
18833
19859
20377
20775
21341
21738
22560
22587
22919
22943
23664
23729
24182
24678
25044
25696
26153
26724
27219
27947
28558
28915
29103
29848
30768
31263
31949
32636
32691
33473
33610
33642
34066
34519
35074
35542
35879
36360
36424
37052
37254
38280
38594
39175
39739
40159
40796
41275
42004
42418
43159
43188
43583
44419
45045
45750
46517
47489
47852
48181
48560
49079
49637
49660
50199
50850
51325
51966
52407
53118
53513
53808
54262
54829
55320
55621
56098
56523
57156
57500
57968
58542
59011
59238
60127
60682
61210
61687
62038
62725
62965
63494
64164
64457
65247
65573
66166
67057
67497
67692
68256
68842
69076
69377
69913
70368
70849
71536
71704
72293
72539
72764
73687
74268
74484
75040
75370
76172
76545
77243
77351
78189
78511
78901
79477
79543
79844
80160
80857
81334
81615
82508
82925
83064
83483
83942
84385
84820
85152
85477
85772
86282
86654
87006
87357
87770
87937
88059
88646
88821
89021
89717
90125
90378
90629
91137
91424
91914
92536
93313
93809
94219
95140
95604
96466
96684
97378
97972
98647
99163
99884
100439
101102
101314
101798
102080
102619
103061
103397
103933
104074
104995
105424
105940
106051
106424
107158
107556
108008
108677
109158
109512
110035
110252
110651
111515
111776
112467
112649
112918
113513
114116
114494
115032
115405
115731
116124
117163
117828
118162
118574
118932
119611
119931
120523
120619
121153
121480
122283
122504
122816
122997
123227
123468
123874
124502
125373
125723
125972
126370
126548
127125
127349
127779
127980
128723
129483
129922
130367
130525
131190
131741
132149
132555
133258
133690
134338
134654
134815
135102
135602
135923
136300
136531
136701
137430
137882
138149
138670
139465
140107
140431
140860
140949
141132
141233
141380
141432
142064
142975
143496
143881
144500
145184
146239
146981
147122
147432
147804
148214
148673
149286
149902
150154
150168
150436
150861
151402
152182
152865
153500
153984
154622
154906
155552
155905
156596
156885
157574
158090
158545
159143
159424
159568
159805
160424
161034
161688
161811
162189
162342
162983
163287
163642
164096
164857
164996
165052
165936
166028
166769
167367
168087
168764
169136
169591
170301
170830
171242
171737
172162
172392
173316
173781
174032
174451
175244
175688
176007
176642
177070
177394
177841
178342
178536
178780
179095
179621
179944
180228
180669
181128
181543
182386
183010
183416
184094
184834
185396
186049
186307
186832
187111
187334
187577
188033
188973
189308
189909
190434
190865
191338
191621
192202
192964
193637
194148
194556
195090
195600
196351
196365
196894
196935
197155
197730
198169
198952
199868
200317
200460
200834
201357
201826
202220
202812
203134
203441
203891
204402
204536
205056
205494
205992
206032
206051
206645
207398
207622
208186
208797
209388
210135
210438
211037
211703
212023
212460
212856
213273
213669
214201
214369
215100
215509
216080
216232
217000
217647
218759
219451
219470
219777
219972
220442
221478
222205
222690
222849
223353
223805
224435
224768
225234
226005
226530
226634
227104
227482
227655
228336
229044
229890
230183
230808
231355
231829
232669
232770
233121
233360
233750
234000
234921
235766
235968
236476
236749
237547
237804
237807
238376
238946
239365
239912
240523
240535
241049
241313
241738
242334
242877
243413
243611
243649
244229
244719
245090
245397
245890
246705
247026
247986
248416
248662
249454
249852
250271
250717
250920
251218
251351
251905
252051
252570
252735
252933
253275
253507
254076
254748
255073
255745
256360
256446
256908
257462
257793
258458
258788
259016
259684
260022
260640
261015
261093
261820
262677
263545
263939
264538
265112
265437
265769
266056
266633
266921
267212
267851
268437
268893
269401
270046
270255
270441
271308
272075
272318
272629
272871
273058
273494
274120
274250
274632
274941
275769
276274
276745
276804
277116
277609
278178
278898
279452
279821
280290
280916
281612
281951
282304
282987
283593
284388
284744
284991
285521
285860
286747
286987
287432
288280
288540
288727
289029
289597
289852
290801
291188
291683
292036
293006
293426
293983
294430
295105
295995
296162
296726
296983
297417
297949
298385
298674
299115
299527
299898
300674
300919
301321
301406
301827
302691
303224
303373
303859
304570
305312
305511
306483
307172
307668
308471
308878
309329
309794
310540
310950
311273
311549
311838
312396
312728
312963
313373
313498
313794
314311
314747
315135
315327
316165
316760
317159
317652
318613
318965
319470
319895
320584
320715
320953
321171
321640
321885
322273
322366
322461
323133
323695
324369
325133
325557
325745
326021
326089
326747
327247
327597
328270
328831
329129
329688
329972
330657
330937
331544
332241
332747
333212
333545
334234
334672
335174
335825
336119
336840
337171
337929
338429
339086
339572
340061
340902
341577
342115
342247
342288
343090
344109
344546
344855
345152
345470
346333
346730
347330
347598
348198
348654
349359
349627
350310
350972
351771
352021
353055
353217
353891
354342
354902
355580
356069
356590
357334
358138
358468
359246
359536
359692
359963
360493
360877
361521
361829
362585
362710
363328
364262
364515
365269
365997
366394
366772
367176
367897
368463
369117
369280
369683
370283
370720
370969
371432
371689
372513
373017
373392
373707
374151
375018
375157
376160
376804
376968
377155
377766
378336
378769
379323
379641
379963
380288
381044
381214
381403
381791
382539
383108
383350
383724
384024
384434
384864
384935
385233
385795
386544
387124
387421
387826
388396
389012
389674
390319
390777
391189
391494
391645
392006
392301
392727
393536
393893
394767
395165
395223
395922
396362
396476
396722
397541
398079
398310
398606
399035
399409
399937
400253
400501
400907
401291
401875
402308
402819
403395
404197
405061
405971
406329
406662
407318
407838
408280
408310
409085
409771
410155
410655
411211
411814
412363
412835
413283
413967
414505
414525
414814
415081
415717
415972
416604
416951
417286
418006
418658
418941
419272
419748
420099
420382
420873
421236
421588
421727
422000
422742
423282
423518
424421
425253
426267
426854
427234
427744
427965
428328
428974
429742
430001
430654
431336
431743
432130
432212
432801
433164
433482
433798
434198
434777
435298
435488
435923
436665
436744
436939
437304
437837
438244
438783
439282
439475
440208
440467
440996
441274
441364
442024
442583
442786
442882
443644
444149
444727
445427
445904
446697
447446
447603
448456
448863
449238
449661
450210
450679
451266
451741
451749
452715
453227
453357
453953
454442
455200
455917
456724
457505
457989
458342
459188
459815
460076
460754
461020
461384
461646
462253
462921
463454
463561
464320
464970
465928
466389
466980
467205
467543
467617
468412
468932
469218
469716
470158
470550
470837
471200
471614
472420
472767
473249
473744
473900
474477
474954
475492
476067
476549
477373
477512
477939
479031
480000
480866
481296
481660
481917
482249
482874
483178
483926
484496
485146
485894
486423
486976
487446
488123
488469
488641
489181
490070
490624
490806
491282
491889
492766
493162
493605
494009
494562
494927
495640
496336
496449
496922
497386
497997
498005
498767
499279
500142
500650
501257
501359
501800
502177
502319
502719
503243
503639
504270
504614
505126
505690
506014
506491
507089
507708
508224
508598
509097
509473
509964
510680
511159
511751
512023
512331
512403
512481
513035
513568
513920
513934
514163
514476
514778
515017
515971
516378
517070
517602
517950
518310
518493
518854
519495
519955
520665
521300
521348
522153
522592
523073
523521
523845
524284
524720
525548
526333
527172
527494
527872
528397
528613
529387
529886
530370
531181
531602
532396
533171
533455
534134
534392
534456
534967
535776
535942
536617
537353
538005
538205
538561
538638
539328
539846
540330
540892
541149
541524
542032
542678
542872
543077
544002
544115
544845
545037
545554
546029
546272
546535
547159
547534
548104
548726
549204
550134
550882
551467
552056
552305
552744
553293
553767
554041
554543
554871
555292
555579
555906
556296
556430
557210
557820
558159
558512
559249
559668
560252
560294
560663
560688
561410
561791
562410
563095
563786
564178
564487
564981
565602
565812
566217
566626
567090
567140
567764
568154
568919
569572
570111
570590
570616
570792
571324
571860
572653
573093
573558
574134
574723
575006
575832
576839
577102
577500
577677
578060
578747
578813
579117
579951
580987
581141
581691
582229
582606
583406
584491
584985
585499
586089
586866
587499
587808
588479
589086
590053
590716
591096
591633
591973
592438
592856
593475
593876
594697
594883
595483
595842
596214
596783
597352
598006
598237
598370
599018
599520
599766
600565
600804
601024
601268
601841
602267
602782
603407
603637
604680
604961
605547
605869
606435
606657
606730
607342
607638
607935
608466
609087
609656
610114
610606
611009
611623
612376
612906
612984
613563
613952
614240
614584
615281
615872
616039
616370
616866
617142
617992
618616
618669
618830
619517
619971
620287
621271
621556
621587
622379
622714
623350
624176
624616
625045
625608
626058
626167
627121
628004
628280
628600
629101
630116
630896
631437
631881
632665
633088
633786
634263
634829
634841
635188
635731
636410
637103
637950
638066
638367
638681
638976
639713
640347
640871
641922
642430
642828
643462
644028
644492
645217
645535
646229
646509
646927
647367
647806
648149
648474
648673
649059
649393
649981
650769
651082
651287
652335
652848
653409
654112
654618
654860
655650
656013
656287
656328
657039
657426
657978
658297
658715
658786
659590
659750
659930
660159
660853
661399
662146
662712
663235
663490
663985
664387
664947
665801
665998
666390
666457
666994
667414
668286
668559
669073
669597
670127
670468
670894
671167
671409
671914
672340
672481
673231
674088
674445
674820
675411
675732
676271
676679
676960
677345
678094
678397
678525
678756
679377
679787
679945
680026
680136
680908
681328
681991
682555
682856
683297
683449
684013
684275
684724
684890
685579
685837
686047
686416
686767
687306
687778
688246
688714
689045
689731
690056
690861
691358
691771
692181
692698
693033
693670
694031
694389
694842
695451
695753
696215
696459
696881
697288
697458
698436
698490
698675
698985
699390
700030
700690
701404
701555
702138
702352
702921
703270
704366
704984
705412
706011
706818
707011
707651
707852
708244
708859
709194
709609
710225
710712
711346
711793
712285
712706
713498
714000
714282
715027
715810
716362
716411
716684
717551
717988
718506
719081
719610
719842
720228
720540
720976
721752
722164
722559
722896
723425
724052
724499
724648
724951
725535
725971
726722
726864
727125
727535
728156
728757
729555
729894
730264
731067
731877
732315
732681
733229
734079
734868
735267
736087
736359
737065
737681
738443
739059
739462
740012
740323
740679
740721
741207
741439
741735
742024
742645
743314
743406
743543
743772
744433
744809
744995
745323
745755
746423
746683
747137
747426
748302
748657
749176
749587
750340
750821
751812
752162
752549
752916
753552
753879
754247
755146
755965
756240
756812
757215
757777
758405
758954
759316
759571
760430
760756
761408
761926
762634
763135
763369
764000
764693
764898
765673
765852
766750
767216
767401
767737
768268
768730
769183
769646
770445
770722
771208
771952
772605
773056
773246
773735
774330
774706
775232
775607
776202
776234
776626
776801
777244
777572
778448
778833
779178
779534
780025
780375
780751
781084
781511
782447
783322
784093
784416
784589
784960
785687
785832
786480
786959
787465
788139
788211
788576
789191
790049
791007
791554
791871
792686
793331
793921
794345
794573
794927
795160
795190
795686
796176
796765
796974
797123
797476
798167
798745
799322
800099
800938
801304
801806
802602
803354
804132
804472
804756
805268
805684
806031
806363
806506
807199
807746
808252
808452
808844
809173
809353
809993
810462
810916
811924
812273
812680
813426
814306
814860
815895
816343
816841
817054
817761
818284
818391
818632
818684
819393
819884
820219
820970
821133
821393
821910
822566
823323
823417
823673
824268
824801
825292
825398
826430
827073
827681
828721
828733
829372
829791
830264
830702
830876
831441
831765
832257
833007
833594
833892
834414
835090
835763
836108
836211
836660
837046
837841
838281
838919
839662
840052
840296
840665
841561
842286
843070
843716
844353
844961
845658
845840
845862
846134
846655
846781
847073
847837
848585
849219
849671
850665
851026
851205
851701
852430
852542
853016
853600
853980
854888
855196
855727
856207
856944
857454
858324
858354
859220
859657
859743
860333
860677
860886
861368
861923
862249
863011
863537
864178
864234
864734
865218
865830
866097
866749
867115
867316
867743
868151
868812
869088
869706
870235
870693
871237
872176
872713
873110
873700
874279
874859
875522
875619
875694
876159
876540
877023
877132
877817
878064
878206
878913
879138
880261
880954
881532
882459
882760
883581
884217
884767
885228
885861
886596
887824
888271
888727
888961
889652
890149
890566
890874
891373
892107
892678
893226
893747
894333
894877
895587
896520
896847
897484
898360
898839
899227
899837
900457
900772
901232
901589
902134
902647
903003
903762
904271
904528
905313
905780
906079
906818
907400
907631
907727
907908
908490
908918
909239
909734
910078
910198
910398
910726
911574
911774
911961
912246
912524
913282
913831
914389
914443
914928
915176
915443
915814
915985
916142
916388
916919
917312
917690
917734
918039
918539
919117
919622
920082
920201
920937
921246
921813
922735
923261
923700
924272
924353
924854
925122
925465
925499
925940
926059
926374
927042
927370
928248
928883
929670
930308
930842
931387
931531
932392
932677
933455
934007
934362
935228
935854
936286
936606
937128
937559
937950
938358
938687
939315
939616
940371
940693
940932
941272
941992
942765
943335
943983
944227
944773
945266
945787
946014
946850
947156
947585
947963
