310
576
752
1031
1167
1408
1564
1872
2100
2383
2548
2861
3074
3264
3427
3671
4029
4246
4288
4394
4678
4843
4859
5088
5296
5372
5689
5948
6014
6281
6548
6588
6930
7151
7529
7761
7892
8137
8310
8621
8814
9019
9211
9476
9694
9702
9940
9949
10003
10255
10496
10755
10838
11028
11236
11465
11636
11884
12056
12064
12211
12308
12613
12797
13065
13172
13238
13443
13684
13782
13966
14011
14118
14329
14568
14959
15163
15350
15478
15579
15726
15740
15843
15971
16163
16401
16569
16778
16987
17216
17410
17574
17587
17869
18036
18348
18517
18786
18870
19046
19188
19337
19440
19704
19917
20096
20214
20433
20623
20760
20972
21115
21317
21510
21651
21912
22105
22438
22576
22734
22916
23018
23234
23443
23717
23824
24088
24322
24529
24828
25135
25289
25572
25789
26064
26156
26299
26498
26629
26641
26856
27171
27400
27516
27751
28003
28129
28236
28569
28815
29096
29289
29495
29637
29808
30108
30206
30272
30523
30639
30917
31096
31256
31365
31400
31582
31801
31924
32054
32307
32391
32407
32579
32762
32958
33268
33470
33597
33888
34051
34418
34705
34939
35097
35296
35477
35855
36044
36176
36356
36437
36631
36728
36866
37022
37274
37531
37601
37704
37864
38123
38410
38520
38701
38910
39197
39474
39761
40007
40218
40388
40466
40559
40701
40941
41315
41579
41708
42047
42356
42533
42835
43021
43220
43330
43551
43772
44028
44294
44535
44621
44813
45011
45170
45184
45265
45396
45634
45828
46083
46281
46626
46853
47028
47083
47176
47282
47527
47720
47859
47956
48155
48404
48598
48723
48748
49053
49167
49297
49474
49597
49739
49832
50111
50279
50444
50635
50763
50811
50893
51188
51319
51363
51443
51575
51913
52227
52405
52606
53035
53206
53287
53401
53677
54064
54485
54606
54899
54984
55057
55342
55462
55550
55690
55903
56055
56370
56517
56605
56833
56944
57207
57303
57430
57530
57825
58091
58278
58343
58578
58830
59053
59098
59103
59276
59620
59857
60054
60302
60463
60703
60942
61033
61218
61388
61708
61830
62005
62116
62301
62447
62582
62825
63092
63268
63575
63854
64076
64289
64500
64532
64726
64879
64972
65240
65478
65594
65715
65904
66069
66313
66421
66680
66862
66960
67202
67392
67597
67639
67689
67918
68115
68280
68490
68608
68801
68851
69044
69218
69491
69583
69835
70070
70323
70490
70688
70931
71100
71195
71435
71596
71680
71888
72109
72378
72527
72727
72850
72994
73094
73314
73478
73824
74279
74447
74785
75139
75461
75620
75896
75971
76327
76561
76751
76949
77176
77433
77512
77792
78030
78250
78482
78620
78752
78917
79224
79467
79572
79904
80072
80328
80502
80712
80915
80918
81056
81256
81387
81622
81876
82082
82191
82496
82650
82797
83126
83337
83548
83847
84006
84219
84402
84555
84811
84946
85250
85732
85835
86048
86074
86215
86485
86713
86814
86994
87232
87527
87627
87753
87912
88154
88208
88295
88469
88784
89122
89374
89408
89558
89590
89884
90209
90334
90424
90669
90791
91172
91343
91599
91774
92066
92414
92518
92590
92626
92776
92993
93117
93262
93567
93745
93956
94003
94336
94474
94695
94862
94938
94990
95065
95385
95652
95688
95909
96055
96212
96496
96784
96829
96974
97054
97189
97238
97411
97524
97547
97757
97790
97982
98295
98570
98767
99146
99327
99443
99635
99863
100018
100291
100745
101114
101296
101480
101680
101917
102131
102405
102432
102690
102920
103015
103254
103561
103687
103816
104099
104397
104525
104719
104787
105013
105330
105492
105872
105995
106033
106257
106304
106443
106629
106776
107013
107167
107308
107572
107805
107997
108236
108599
108627
108865
109159
109276
109492
109690
109894
110038
110305
110536
110692
110939
111268
111443
111570
111740
112019
112201
112359
112591
112684
112932
113039
113252
113382
113516
113537
113803
113985
114128
114283
114447
114599
114724
114827
114942
115068
115194
115331
115445
115628
115838
115870
116031
116113
116291
116300
116506
116595
116663
116900
116992
117204
117295
117397
117478
117724
117925
118025
118085
118266
118447
118602
118733
118870
119141
119275
119369
119807
120128
120225
120472
120661
120815
121134
121250
121450
121773
121993
122159
122208
122384
122568
122717
122901
123101
123339
123571
123793
124006
124114
124203
124390
124612
124814
124951
125106
125397
125477
125836
126052
126272
126559
126868
126990
127092
127256
127496
127713
127984
128248
128429
128609
128687
128847
129186
129334
129472
129605
129807
129920
130021
130183
130301
130394
130791
130958
131228
131318
131575
131806
132026
132328
132507
132529
132691
132859
133204
133486
133835
134086
134312
134460
134649
134832
135262
135340
135749
135931
136017
136335
136563
136671
136723
136899
136958
137054
137378
137570
137797
137942
138147
138345
138662
138959
139015
139217
139505
139751
139911
140312
140365
140465
140559
140723
140988
141336
141498
141598
141800
142131
142386
142512
142722
142882
143177
143451
143658
143872
144020
144142
144369
144602
144869
144978
145089
145272
145307
145604
145857
146054
146349
146446
146596
146801
147097
147175
147464
147662
147944
148202
148436
148687
148901
148932
149000
149140
149364
149537
149613
149992
150167
150208
150300
150481
150725
150936
151132
151154
151420
151465
151691
151817
152004
152279
152526
152833
152930
153099
153188
153425
153629
153991
154231
154393
154584
154808
154857
155023
155199
155250
155383
155546
155895
156031
156239
156495
156897
157058
157185
157397
157635
157754
157950
158143
158234
158399
158646
158790
158974
159136
159232
159465
159633
159791
160007
160284
160529
160682
160799
160968
161250
161307
161544
161732
161904
162009
162063
162305
162496
162772
162914
163190
163482
163687
163963
164211
164252
164533
164680
164914
164964
165233
165526
165683
165699
165865
166052
166189
166398
166638
166867
167002
167160
167350
167525
167743
168271
168323
168421
168473
168529
168807
169057
169181
169527
169846
170111
170220
170365
170584
170793
170942
171201
171474
171725
171986
172132
172447
172781
173070
173237
173515
173855
174021
174359
174510
174864
175201
175581
175755
175981
176137
176350
176453
176503
176507
176781
176972
177155
177367
177758
177954
178267
178442
178667
178984
179070
179360
179562
179772
179897
180224
180528
180720
180995
181148
181286
181332
181504
181817
181962
182180
182281
182427
182807
183036
183204
183418
183597
183794
184193
184293
184480
184587
184743
184995
185067
185184
185449
185596
185655
185697
185986
186138
186315
186702
186832
187064
187197
187351
187539
187768
188013
188121
188358
188477
188526
188714
188889
189094
189310
189337
189484
189892
190071
190210
190356
190489
190815
190826
191082
191288
191428
191545
192000
192065
192115
192229
192500
192549
192807
193106
193322
193490
193523
193804
193925
194007
194209
194384
194616
195014
195266
195492
195755
195799
195813
196040
196311
196427
196590
196777
197019
197101
197410
197630
197923
198130
198298
198330
198557
198717
199002
199122
199176
199399
199630
199796
199989
200115
200284
200351
200551
200641
200961
201134
201305
201606
201838
201983
202056
202339
202560
202663
202748
202931
203036
203337
203492
203928
204157
204178
204414
204546
204855
205061
205257
205508
205777
205899
206068
206298
206471
206634
206763
206946
206981
206984
207216
207471
207696
207832
208073
208247
208462
208765
208821
208945
209012
209291
209564
209815
210175
210244
210372
210539
210769
210882
210963
211274
211495
211800
211948
212052
212165
212217
212451
212708
212941
213286
213538
213780
213865
214096
214351
214390
214480
214504
214817
215122
215293
215438
215835
216053
216193
216274
216342
216538
216857
217029
217183
217457
217600
217761
217934
218095
218416
218545
218577
218604
218681
218875
218985
219089
219308
219653
219781
220080
220358
220648
220954
221169
221279
221466
221675
221887
222113
222220
222283
222468
222674
222942
223061
223247
223438
223567
223713
223857
224117
224331
224439
224671
225036
225287
225487
225623
225980
226178
226507
226571
226794
226916
226927
227077
227313
227432
227593
227834
228123
228315
228484
228512
228776
228960
229329
229550
229849
229985
230091
230292
230480
230600
230873
230932
231029
231062
231377
231517
231745
231824
232212
232351
232489
232574
232732
232893
233045
233232
233457
233587
233843
234039
234286
234577
234753
234950
234989
235146
235443
235574
235760
236070
236230
236365
236509
236774
236908
237155
237356
237376
237696
237914
238186
238439
238624
238751
239036
239081
239341
239808
239972
240115
240335
240557
240793
241086
241109
241307
241472
241606
241803
242064
242402
242563
242786
242999
243304
243424
243517
243747
243882
244178
244563
244816
245056
245239
245399
245640
245717
245963
246041
246223
246232
246577
246738
246987
247131
247387
247566
247846
247950
248198
248330
248532
248604
248906
249043
249368
249527
249600
249718
249749
249959
250194
250238
250368
250450
250711
250784
250951
251269
251404
251609
251708
251892
251975
252182
252399
252537
252748
252958
253157
253238
253566
253584
253660
253806
254007
254168
254436
254613
254907
255112
255526
255712
255919
256171
256337
256569
256587
256679
256923
257182
257240
257430
257686
257953
258338
258563
258837
258875
259153
259226
259457
259745
259784
259992
260268
260571
260826
261116
261194
261431
261495
261579
261868
262095
262335
262562
262813
263036
263257
263588
263845
263979
264190
264396
264611
264746
264772
265104
265348
265517
265766
265965
266311
266438
266589
266656
267025
267254
267404
267588
267763
267854
267967
268155
268202
268459
268535
268642
268843
269073
269167
269528
269626
269772
269907
270058
270342
270362
270577
270842
271159
271283
271416
271757
271819
271945
272169
272381
272570
272721
272863
273021
273326
273558
273705
273848
274000
274159
274228
274325
274532
274670
274908
275024
275157
275384
275538
275666
275971
276189
276498
276734
276850
277058
277203
277235
277436
277668
278002
278155
278216
278338
278523
278846
279312
279351
279606
279683
279950
280158
280246
280609
280921
281104
281266
281519
281860
282271
282611
282818
282965
283185
283408
283659
283825
283911
284139
284259
284456
284671
284860
285002
285066
285178
285527
285779
286041
286324
286614
286779
287032
287223
287340
287618
287734
287908
288107
288429
288498
288613
288717
288811
288940
289076
289404
289474
289734
289835
290166
290261
290527
290869
291000
291107
291282
291494
291508
291715
292029
292364
292472
292723
292881
293077
293117
293320
293499
293626
293756
293868
293991
294137
294293
294413
294525
294715
294973
295205
295287
295442
295627
295818
295893
296138
296307
296352
296533
296798
297111
297383
297637
297863
298083
298376
298434
298603
298886
298923
299316
299437
299501
299725
299821
300135
300435
300578
300792
301010
301183
301397
301493
301568
301923
302162
302224
302459
302608
302782
302903
303097
303212
303510
303635
303939
304213
304424
304574
304797
304990
305270
305425
305510
305655
305784
306028
306249
306399
306508
306873
307040
307152
307221
307461
307652
307831
308068
308226
308316
308627
308766
308954
309054
309396
309805
310059
310342
310418
310747
310912
311191
311248
311387
311586
312001
312314
312479
312571
312915
313067
313161
313369
313478
313625
313801
313926
314161
314494
314574
314702
314854
315110
315463
315786
315879
316089
316178
316294
316355
316712
316869
316994
317097
317248
317328
317479
317777
317932
318038
318125
318356
318512
318700
319077
319363
319600
319916
320044
320119
320357
320570
320805
321036
321299
321635
321800
321919
322055
322158
322328
322363
322614
322809
322889
323196
323432
323690
323865
324063
324083
324267
324353
324502
324614
325064
325337
325556
325728
325947
326363
326661
326758
327062
327284
327482
327696
327905
327927
328087
328256
328510
328613
328734
328925
328992
329311
329609
329743
329998
330106
330405
330868
330920
331120
331238
331270
331305
331595
331753
331992
332091
332283
332432
332668
332925
333270
333364
333433
333697
333921
334189
334575
334835
334884
335066
335176
335389
335448
335595
335988
336055
336355
336681
336788
336940
337172
337282
337504
337549
337585
337614
337921
338073
338316
338517
338708
338991
339091
339308
339480
339581
339768
339896
340015
340346
340405
340671
340910
341184
341336
341514
341611
341795
341832
341995
342114
342456
342544
342824
343089
343272
343356
343586
343869
344085
344219
344448
344763
345023
345418
345678
345791
345944
346074
346437
346578
346831
347133
347226
347317
347473
347836
347914
348232
348361
348428
348479
348705
348903
349094
349273
349431
349703
349758
349877
349983
350142
350372
350533
350613
350805
351006
351335
351500
351870
351952
352057
352201
352559
352888
353306
353473
353625
353997
354214
354311
354544
354595
354844
355060
355274
355490
355721
355775
356064
356237
356421
356599
356815
356951
356998
357135
357347
357530
357657
357787
357964
358093
358267
358335
358511
358780
359128
359341
359406
359605
359684
359896
360035
360213
360368
360380
360759
360917
361010
361367
361585
361770
362074
362128
362300
362449
362600
362974
363029
363150
363161
363241
363347
363583
363746
364002
364145
364315
364593
364724
364799
365077
365263
365367
365638
365749
366021
366125
366203
366350
366564
366719
366873
367053
367340
367573
367957
368056
368200
368543
368681
368858
369058
369351
369617
369823
369859
370161
370186
370260
370472
370510
370896
371103
371147
371318
371438
371625
371793
371916
372022
372176
372249
372332
372476
372562
372768
373032
373140
373351
373623
373927
374261
374629
374799
374862
375114
375324
375328
375557
375737
375850
376038
376208
376468
376726
377061
377293
377491
377535
377905
378142
378337
378543
378695
378720
378862
379033
379230
379457
379774
379942
380124
380337
380675
380768
381068
381157
381242
381672
381831
381925
381997
382256
382481
382503
382817
383016
383201
383434
383604
383932
384057
384279
384354
384473
384635
384918
385026
385273
385473
385571
385883
385891
386150
386365
386428
386521
386594
386694
387000
387210
387434
387638
387838
388026
388207
388461
388533
388876
388962
389076
389249
389578
389750
389972
390153
390539
390755
390851
391083
391376
391580
391844
392011
392159
392457
392617
392831
392993
393085
393341
393353
393678
393795
393914
394048
394395
394531
394604
394777
395085
395354
395446
395677
395836
396074
396268
396367
396631
396825
397084
397123
397259
397542
397708
397773
397949
398061
398149
398230
398471
398797
399008
399048
399267
399549
399672
399710
399913
400186
400256
400622
400822
400885
401051
401192
401398
401544
401641
401883
402190
402472
402687
402798
402926
403247
403291
403611
403742
403975
404239
404401
404729
404975
405222
405423
405581
405671
405685
405893
406195
406556
406664
406759
406906
407146
407272
407426
407679
407823
408016
408371
408512
408601
408738
408870
409027
409130
409283
409484
409640
409783
410232
410405
410700
410819
411003
411189
411508
411579
411711
411805
412046
412147
412380
412558
412833
413103
413372
413620
413895
414040
414169
414497
414787
415086
415166
415403
415693
415885
416153
416307
416581
416724
416846
416976
417262
417278
417351
417677
417917
418251
418557
418759
419038
419069
419331
419482
419627
419790
419973
420127
420223
420273
420626
420811
420940
421102
421265
421398
421758
422034
422319
422716
422892
423085
423174
423303
423480
423742
424050
424278
424526
424608
424732
424814
424878
425135
425315
425508
425615
425891
426099
426313
426456
426486
426771
426902
427183
427471
427557
427763
427956
428190
428468
428500
428824
428960
429314
429487
429588
429791
429959
430204
430514
430647
430797
431179
431419
431708
431928
432168
432495
432664
432892
433089
433157
433259
433511
433688
434018
434243
434293
434482
434730
434992
435166
435271
435301
435451
435755
435931
436168
436308
436375
436663
436752
436822
437196
437357
437639
437765
437976
438069
438242
438458
438799
439244
439353
439460
439583
439774
439976
440119
440310
440383
440445
440668
440837
441267
441351
441714
441935
442136
442347
442517
442658
442789
442940
443143
443186
443507
443749
443784
443889
443891
443987
444251
444470
444707
444874
445111
445298
445509
445640
446017
446231
446451
446603
446833
447008
447040
447286
447437
447533
447670
447793
447933
447979
448138
448184
448394
448690
448804
448954
449171
449347
449605
449611
449921
450206
450457
450613
450889
451107
451290
451406
451626
451832
452083
452232
452468
452611
452986
453019
453143
453356
453576
453663
453930
454069
454218
454410
454488
454695
454974
455101
455291
455580
455975
456071
456314
456589
456808
457022
457248
457476
457662
457819
457949
458196
458319
458613
458714
458853
459002
459086
459313
459580
459711
459887
460207
460323
460467
460621
460729
461065
461285
461533
461626
461928
462097
462378
462602
462856
462971
463257
463513
463615
463939
464213
464400
464576
464731
464896
465062
465273
465569
465761
465854
466093
466285
466524
466608
466794
467074
467293
467555
467767
467961
468115
468311
468511
468740
468897
469120
469330
469355
469625
469874
469937
469946
470200
470417
470597
470731
471058
471198
471378
471475
471719
471868
472052
472347
472414
472709
472998
473197
473467
473557
473760
473972
474212
474251
474299
474417
474643
474929
475221
475381
475600
475779
476030
476258
476504
476600
476790
477022
477113
477176
477190
477367
477390
477551
477645
477828
478210
478407
478466
478594
478809
479007
479191
479412
479695
479934
480084
480245
480487
480684
480749
480881
481088
481255
481591
481769
482028
482163
482409
482606
482724
482980
483094
483337
483406
483786
484022
484318
484399
484652
484895
485199
485424
485582
485769
485778
485889
486128
486325
486399
486691
486976
487330
487372
487595
487743
487835
488029
488303
488448
488668
488940
489066
489339
489488
489602
489805
489934
490066
490113
490149
490460
490678
490983
491058
491178
491586
491739
491945
492146
492454
492499
492584
492750
492872
493063
493265
493524
493705
493766
494018
494068
494347
494559
494903
495049
495433
495684
495806
495994
496151
496538
496743
496933
496996
497376
497498
497742
497998
498264
498525
498783
498949
499159
499161
499189
499271
499358
499556
499646
499737
499964
500144
500281
500524
500685
500859
501010
501188
501427
501563
501789
502027
502208
502494
502734
502995
503172
503299
503654
503823
503997
504354
504475
504667
504818
505074
505179
505205
505218
505293
505450
505553
505831
506095
506195
506418
506463
506556
506608
506736
506980
507226
507468
507564
507821
508118
508371
508655
508818
508823
508832
509111
509434
509528
509850
510039
510376
510501
510678
510891
511045
511200
511363
511545
511598
511912
512144
512227
512271
512591
512711
512746
512983
513362
513609
513892
513925
514120
514203
514212
514266
514629
514684
515054
515144
515292
515531
515707
515756
516066
516326
516628
516773
516774
516897
516930
517244
517294
517544
517649
517844
517947
518146
518358
518448
518627
518776
518901
519043
519141
519460
519740
519881
520134
520221
520423
520481
520631
520684
520847
520932
521296
521461
521773
521795
522142
522306
522369
522580
522749
522843
523097
523211
523525
523753
523959
524150
524317
524598
524850
524948
525211
525477
525762
525883
526023
526143
526261
526368
526664
526810
527145
527236
527270
527519
527604
527891
528165
528408
528450
528486
528742
528999
529002
529168
529564
529675
529735
530073
530355
530506
530529
530811
531058
531296
531471
531683
531860
531991
532024
532225
532354
532633
532685
532936
533150
533493
533733
533780
533957
534126
534366
534661
534928
535069
535268
535612
535779
535867
536057
536240
536447
536706
536767
536966
537270
537381
537631
538005
538359
538533
538662
538792
538931
539244
539394
539676
539712
540019
540143
540363
540516
540799
540970
541059
541233
541447
541693
541814
542037
542267
542521
542927
542992
543107
543369
543462
543629
543727
543927
544178
544382
544618
544693
544765
544847
545038
545284
545457
545747
545904
546034
546221
546469
546649
547001
547112
547581
547964
548108
548128
548265
548373
548661
548754
549016
549177
549411
549645
549789
549945
550007
550312
550523
550808
551083
551293
551346
551558
551870
552088
552425
552474
552701
552934
553248
553404
553530
553716
553809
553855
553992
554311
554720
554821
554977
555226
555413
555618
555756
556013
556313
556489
556645
556753
556905
557130
557216
557567
557622
557752
558128
558320
558429
558702
558788
559029
559327
559530
559695
559875
560011
560341
560538
560705
560926
561152
561322
561431
561486
561646
561655
561866
562109
562141
562339
562655
562790
562907
562984
563176
563451
563625
563812
564101
564249
564524
564740
565024
565342
565593
565811
566020
566179
566297
566459
566679
566842
567033
567175
567439
567815
567960
568167
568343
568562
568900
569101
569380
569667
569857
570041
570183
570463
570694
570969
571094
571213
571526
571835
572034
572259
572408
572594
572687
572734
573027
573271
573666
573955
574158
574323
574594
574690
574865
575170
575332
575613
575899
576037
576216
576579
576749
576845
576917
577091
577291
577422
577564
577842
578030
578274
578589
578871
579100
579276
579381
579559
579746
580066
580178
580395
580565
580681
580737
580971
581252
581469
581706
582086
582359
582462
582630
582802
582848
582994
583090
583144
583284
583406
583584
583675
583945
584197
584561
584691
584871
585045
585113
585267
585586
585759
586022
586143
586211
586549
586644
586826
587057
587325
587501
587585
587628
587691
587845
588021
588101
588155
588383
588604
588689
588990
589342
589527
589779
590007
590325
590425
590641
590807
590931
591128
591298
591510
591632
591680
591732
591932
592211
592350
592529
592741
592890
592943
593151
593408
593496
593585
593712
593809
593815
593846
593966
593976
594146
594164
594451
594692
594920
595108
595349
595656
595861
596025
596295
596501
596650
596803
596825
596885
597079
597279
597529
597789
598122
598362
598637
598708
598911
599168
599351
599376
599590
599886
599891
600081
600129
600444
600842
601219
601244
601258
601380
601664
601830
601978
602229
602509
602701
602904
603168
603331
603569
603779
603923
604286
604394
604665
604841
605063
605156
605367
605471
605598
605791
605904
606268
606313
606682
606912
606948
606985
607015
607046
607078
607140
607351
607519
607651
607784
607870
608003
608379
608567
608777
608974
609025
609253
609375
609391
609526
609660
609835
610103
610152
610229
610353
610569
610805
611073
611370
611507
611577
611711
611826
612074
612236
612605
612660
612813
613080
613207
613544
613755
614033
614392
614520
614692
614862
615045
615152
615219
615466
615541
615912
616134
616282
616353
616419
616595
616800
617019
617261
617482
617670
617879
618045
618077
618279
618470
618561
618790
618957
619048
619171
619279
619483
619596
619755
619840
620021
620111
620402
620541
620752
620865
621071
621330
621386
621528
621875
622110
622319
622644
622953
623178
623318
623540
623610
623767
623938
624062
624288
624477
624650
624827
624978
625190
625374
625499
625651
625804
626003
626060
626195
626404
626655
626925
627040
627271
627678
627720
627908
628130
628252
628638
628798
628863
629077
629434
629785
630029
630105
630489
630792
630957
631072
631291
631409
631800
631975
632076
632226
632385
632614
632869
632994
633125
633307
633466
633703
633903
634159
634270
634511
634737
634886
635325
635614
635816
636029
636160
636368
636435
636799
636933
637055
637084
637167
637399
637554
637653
637825
638071
638299
638531
638712
638831
639072
639274
639331
639403
639592
639756
639984
640144
640159
640334
640399
640766
640896
641112
641287
641551
641633
641835
641935
642191
642360
642581
642633
642729
642981
643045
643240
643406
643714
643841
644116
644335
644641
644890
645019
645026
645163
645459
645600
645825
646087
646156
646441
646901
647132
647368
647634
647758
647944
648171
648324
648658
648876
649219
649356
649478
649822
649964
650266
650338
650450
650595
650693
650877
651188
651405
651587
651693
651970
652210
652452
652621
652900
653192
653365
653515
653935
654091
654306
654527
654744
654942
655078
655346
655573
655752
656038
656150
656264
656467
656647
656795
656928
657105
657250
657502
657901
657945
658163
658441
658723
658755
658957
659136
659162
659256
659367
659485
659802
659834
660027
660160
660364
660602
660697
660864
660911
661131
661230
661483
661599
661726
661879
661886
662108
662297
662475
662676
662693
662814
663097
663242
663498
663788
663891
664062
664346
664528
664840
665094
665263
665438
665622
665629
665711
665799
665985
666331
666469
666750
666996
667082
667356
667489
667764
667877
668093
668378
668707
669005
669204
669272
669406
669503
669642
669786
669946
670086
670227
670538
670881
671111
671292
671485
671584
671728
672011
672263
672704
672874
672942
673298
673359
673546
673580
673730
673872
673981
674241
674286
674347
674612
674937
675052
675181
675569
675921
676053
676378
676432
676686
676891
677213
677227
677546
677707
677934
678202
678335
678346
678548
678800
678929
679007
679290
679395
679753
680112
680308
680597
680740
680770
680827
681030
681242
681380
681543
681652
681799
681912
682178
682375
682522
682850
682979
683157
683391
683472
683679
683915
683986
684117
684263
684408
684555
684930
685228
685528
685739
685794
685971
686225
686437
686794
686980
687053
687235
687362
687469
687792
687797
687983
688049
688291
688380
688587
688809
689050
689297
689579
689731
690025
690407
690722
690850
690975
691057
691267
691459
691655
691784
691994
692243
692374
692414
692460
692594
692814
693052
693182
693260
693423
693632
693925
694092
694295
694523
694679
694826
694900
695032
695326
695647
696005
696150
696338
696511
696550
696705
696893
697036
697208
697328
697430
697588
697833
698211
698456
698725
698984
699177
699336
699425
699596
699731
699880
700168
700216
700461
700669
700873
701279
701448
701471
701623
701946
702212
702462
702775
702914
703175
703382
703525
703700
703940
704315
704330
704541
704674
704721
705060
705294
705359
705522
705811
705865
706104
706290
706465
706504
706720
706795
706896
707037
707323
707566
707571
707835
708112
708342
708579
708807
709008
709153
709404
709450
709689
709933
710054
710187
710359
710409
710469
710538
710632
710745
710863
711130
711227
711343
711509
711840
711967
712061
712159
712361
712457
712667
712938
713129
713232
713417
713655
713824
713850
714095
714283
714350
714540
714831
714991
715295
715388
715467
715491
715782
716010
716036
716167
716416
716900
717091
717321
717530
717831
718033
718290
718556
718791
718995
719166
719396
719441
719805
719839
720016
720186
720395
720636
720858
720954
721091
721260
721486
721675
721814
722137
722353
722712
722955
723350
723446
723609
723820
723943
724163
724217
724356
724431
724463
724659
724842
725099
725247
725355
725620
725869
725974
726175
726341
726496
726732
726965
727204
727421
727552
727775
727861
728074
728161
728229
728458
728556
728824
729109
729368
729519
729875
730097
730315
730697
730906
730958
731246
731448
731766
731974
732060
732175
732379
732479
732735
733011
733369
733687
734086
734443
734470
734685
734942
735142
735322
735547
735782
735903
736266
736399
736608
736759
736779
736981
737215
737344
737541
737948
738188
738332
738367
738652
738802
738944
739155
739377
739623
739712
739906
740124
740292
740443
740677
741069
741259
741304
741567
741768
741894
741999
742340
742438
742645
742770
743000
743156
743262
743488
743836
744092
744261
744632
744854
745131
745196
745279
745416
745660
746036
746351
746398
746555
746877
747078
747262
747363
747596
747931
747946
748092
748228
748449
748562
748761
748880
749279
749359
749580
749748
749872
750051
750187
750309
750496
750755
750956
751142
751459
751492
751686
751795
751972
752078
752247
752571
752725
752815
752983
753214
753494
753843
754045
754189
754328
754487
754693
754752
755017
755268
755500
755780
755902
756117
756212
756466
756760
756856
757094
757372
757563
757792
757940
758233
758548
758810
759040
759302
759528
759694
759926
760042
760274
760484
760691
760788
761143
761170
761305
761670
761971
762119
762237
762421
762544
762605
762962
763002
763322
763472
763771
763979
764168
764484
764747
764993
765149
765360
765383
765550
765656
765967
766271
766490
766566
766797
767024
767369
767578
767764
768026
768188
768407
768667
768837
769022
769133
769298
769531
769684
769842
769989
770255
770578
770679
770839
770880
770949
771024
771215
771343
771368
771510
771804
772049
772112
772313
772566
772750
772936
773055
773131
773281
773533
773751
774005
774253
774474
774636
774754
774903
775062
775094
775316
775367
775538
775718
775926
776046
776189
776365
776738
776833
777148
777249
777417
777548
777773
778132
778350
778786
778990
779103
779306
779404
779496
779625
780033
780369
780710
780794
780824
781053
781206
781270
781308
781561
781588
781788
781966
782190
782531
782804
783020
783160
783270
783347
783527
783747
783875
784146
784335
784641
784777
784915
785141
785342
785439
785566
785886
786009
786267
786387
786506
786646
786807
786934
787049
787176
787387
787634
787731
787927
788002
788155
788333
788611
789082
789325
789693
789870
789918
789928
790218
790349
790638
790881
791228
791395
791662
791820
792128
792502
792676
792759
793079
793451
793850
793961
794352
794530
794766
794826
795061
795220
795240
795518
795713
796005
796126
796380
796585
796755
796888
796889
797202
797595
797903
798086
798137
798396
798697
799023
799320
799615
799774
799953
800048
800383
800456
800672
800814
801263
801394
801849
801878
802086
802216
802327
802578
802856
803236
803373
803621
804005
804223
804394
804645
804914
805061
805265
805445
805593
805837
806179
806327
806537
806707
806912
807128
807400
807565
807752
807805
808107
808390
808651
808702
808807
808922
809308
809466
809671
809936
810062
810354
810759
810834
810877
811037
811134
811326
811604
811677
811864
811922
812130
812281
812569
812769
812922
813092
813175
813385
813568
813807
813993
814221
814550
814765
815005
815086
815290
815505
815728
815834
816012
816329
816392
816628
816801
817095
817169
817352
817585
817799
818036
818072
818381
818450
818648
818740
818970
819152
819294
819534
819797
819931
820138
820311
820386
820534
820801
821031
821160
821375
821516
821597
821784
821978
822217
822300
822530
822548
822665
822708
822929
823131
823493
823680
823871
823996
824113
824274
824533
824699
825032
825196
825429
825803
826199
826568
826868
827027
827123
827205
827343
827479
827629
827875
827953
828145
828423
828719
828877
829165
829298
829606
829704
830018
830201
830336
830418
830598
830870
831167
831276
831364
831589
831773
831940
832256
832380
832642
832763
832950
833130
833145
833476
833693
834068
834331
834634
834644
834851
834989
835123
835382
835619
835666
835732
836084
836315
836502
836642
836829
837045
837248
837571
837731
837878
838219
838271
838473
838809
839258
839481
839704
839992
840155
840547
840749
841010
841130
841292
841518
841625
841782
842005
842277
842410
842578
842724
843118
843246
843411
843581
843879
844057
844213
844407
844442
844689
844964
845108
845243
845380
845564
845871
846140
846364
846548
846809
846980
847208
847278
847530
847811
847853
848099
848211
848496
848628
848827
849103
849174
849346
849612
849759
850131
850378
850553
850812
851075
851244
851351
851552
851832
852137
852323
852576
852801
852941
853035
853272
853375
853591
853861
854079
854267
854567
854678
854901
854957
855071
855241
855457
855670
855836
855974
856183
856428
856645
856855
857121
857300
857723
857953
858049
858277
858411
858562
858748
858890
859069
859383
859461
859700
859882
860076
860243
860387
860690
860976
861158
861367
861560
861771
861951
862112
862344
862506
862691
862794
863014
863281
863570
863793
863912
864138
864347
864560
864741
865058
865104
865245
865384
865522
865654
865742
865929
866067
866249
866346
866649
866686
866955
867157
867270
867501
867687
867960
868211
868379
868513
868788
869161
869325
869370
869728
869993
870274
870425
870550
870666
870783
870790
870905
871056
871192
871230
871482
871749
871948
871986
872250
872459
872644
872704
872729
872855
873049
873177
873179
873463
873661
873938
874151
874311
874478
874669
874780
875133
875339
875446
875579
875846
875981
876040
876244
876324
876543
876741
876895
877141
877318
877483
877553
877765
877977
878287
878614
878864
878957
879133
879149
879471
879753
880034
880338
880371
880687
880902
881184
881506
881837
882047
882197
882232
882547
882792
883064
883169
883320
883526
883861
884011
884186
884382
884595
884738
884855
885208
885347
885606
885811
886076
886316
886488
886690
887215
887405
887697
888070
888232
888377
888430
888562
888882
888955
889108
889189
889434
889616
889687
889918
890068
890251
890523
890888
891167
891437
891643
892026
892319
892446
892721
892835
892921
893053
893136
893400
893721
893901
893910
894191
894287
894522
894776
895027
895247
895485
895666
895913
896056
896156
896431
896661
896969
897123
897134
897369
897566
897721
897964
898174
898383
898818
899001
899151
899245
899383
899482
899723
899898
900092
900243
900524
900744
900932
901142
901281
901483
901711
901927
902152
902393
902833
903125
903293
903605
903819
903998
904030
904369
904521
904871
905255
905371
905700
905767
905772
905905
906148
906260
906503
906714
907036
907177
907370
907530
907745
907920
908134
908298
908607
908764
908866
909135
909242
909557
909759
909929
909997
910155
910447
910625
910767
911062
911114
911350
911618
911705
911741
911965
912095
912159
912324
912377
912413
912780
913104
913479
913632
913764
914000
914105
914357
914604
914808
914974
915238
915466
915725
915828
916221
916325
916490
916755
916823
917124
917410
917544
917661
917996
918192
918363
918389
918564
918596
918839
919160
919434
919662
919875
920148
920536
920606
920813
920912
921004
921159
921401
921550
921642
921731
922124
922286
922448
922692
923067
923101
923348
923435
923612
923846
924036
924249
924359
924619
924825
924896
924952
925165
925324
925401
925652
925965
926079
926434
926613
926873
927134
927146
927428
927693
927967
928157
928265
928447
928611
928781
928968
929123
929347
929645
929825
930029
930088
930304
930390
930586
930892
931206
931522
931833
932047
932154
932437
932624
932691
932996
933165
933270
933428
933594
933632
933822
934023
934213
934536
934696
934859
935150
935181
935458
935673
935849
935954
936273
936612
936882
937193
937418
937671
938041
938362
938546
938816
939023
939116
939353
939569
939735
940027
940196
940484
940686
940742
940895
940900
941148
941330
941469
941726
941769
941930
942025
942132
942413
942825
943042
943197
943226
943381
943673
943943
944314
944518
944905
945089
945478
945672
945914
946156
946260
946317
946391
946511
946832
946953
947161
947256
947346
947525
947789
947914
948407
948546
948657
948911
948916
949037
949181
949193
949393
949514
949759
949853
950008
950098
950173
950264
950469
950780
950974
951209
951310
951335
951423
951615
951704
951795
952075
952163
952436
