424188
48569
262720
907536
690998
550191
939469
460882
604266
752172
192342
146723
632138
831784
687247
287103
75786
669077
609696
518187
442193
667885
651117
646995
107149
315603
190257
775362
647073
769768
349443
574844
447866
283693
418555
120635
244479
415632
505774
678405
514790
144981
787348
821798
863972
709346
826251
242319
827708
436519
699252
490571
367097
311400
866428
454554
688183
333992
770357
783404
807003
884340
571490
278139
543074
587081
568978
53061
462359
927842
154723
578405
299038
902754
318504
940237
568110
490459
153189
865058
330204
42105
503479
300468
679954
64335
474576
694425
807262
482555
329376
502181
695271
513463
415568
79751
179258
615743
585192
18819
438146
757787
246481
279880
226774
398280
676660
320045
771885
833415
984768
309581
114668
929025
777483
173563
36512
160917
226896
378084
23559
458624
158807
476288
725641
327336
98610
215796
329988
57925
798179
765256
787141
24044
968731
476544
131794
504250
729053
923033
430180
850905
597761
590689
902322
182642
17621
182515
812776
649007
322782
244110
264950
543787
507708
290258
732549
145081
218667
778070
607493
172942
983654
522856
767138
178636
941478
300834
798613
622507
556104
28389
113495
904582
996364
517493
384624
922240
962617
314097
694765
930321
414046
280237
823599
831857
909684
495278
666080
83359
397728
172481
771585
950478
945620
783352
929311
313517
768981
164930
773477
288017
820375
893606
530826
513922
931332
657564
576042
470559
145948
750024
440435
396014
427317
93332
32310
288004
898468
730664
476317
271949
530868
602697
649148
278329
473043
260555
171904
335236
953613
967796
21380
893152
780591
160943
341762
441344
814605
811690
186662
598915
12384
586956
882622
964859
266439
745238
690510
701018
853934
43541
739585
551096
481676
778689
460729
278660
182534
579510
513415
560260
273201
606284
942006
176010
856053
751253
836098
662709
49229
839154
403622
229985
216618
221138
267667
331244
620343
469257
203708
48486
236728
534088
375950
474196
253195
585087
623102
5537
414033
17548
432122
309282
618406
688734
617217
378116
548683
986987
320910
710293
91237
575370
437679
372779
387935
106797
187893
566709
265386
303423
923524
206044
469668
231702
75914
553877
88790
810901
828109
23558
561560
555425
892380
209618
613711
585342
130023
944131
170199
235269
505963
417491
992251
518276
347781
325975
978849
826354
947880
980361
54915
506317
201194
69552
724120
616850
530936
231662
244753
649752
113834
733286
809791
529418
388210
176455
345617
230079
435245
80250
57723
780152
916700
323428
255795
737909
114412
15320
325077
501684
975537
202012
723431
53191
674354
988630
287734
988305
693277
509268
980255
32541
826523
963317
822058
979034
320830
585846
776336
161271
818007
436380
143581
149527
920037
191867
10800
940273
507304
17634
527840
288263
183315
204068
959737
365569
299999
194883
353508
574182
257916
917946
219044
763318
960354
87143
964989
661094
164550
963027
879151
862776
518377
745120
399072
703927
810442
157326
80599
787084
783676
300649
194660
21056
439634
480723
392798
23055
6262
992425
4676
743077
919065
51349
141061
585720
937028
243120
870108
341185
613774
91409
877522
409240
394790
970039
214183
778091
894352
371023
950859
402522
566381
682146
518855
361523
826930
518749
134009
388485
672123
426750
457404
638883
234296
18201
249574
954487
763205
432068
15723
522559
583768
989733
656798
281129
622804
476182
36824
469959
765690
855794
469489
586799
68927
423167
635755
416498
