663311
299040
817668
529339
72056
405774
261214
667950
423219
199751
815315
168344
532503
336780
284663
962703
116950
417084
738242
103325
112571
244612
892319
785535
954243
486641
324307
100681
632981
904294
460552
963879
312414
681321
964534
486206
73997
152727
394733
808944
473192
688184
45953
809087
278601
3437
747026
118857
425145
916614
712374
539697
315560
308912
263814
49438
9158
562572
855426
698205
427648
402714
924897
544418
521818
966420
479674
176044
6885
721367
961288
214278
226846
832764
647389
382889
404259
810694
60390
843711
92242
419955
755991
512834
757760
808693
26291
348291
102291
343035
662585
913351
509501
289896
427886
512908
998805
580133
711492
588905
689172
221650
248164
954131
720424
712983
698013
543803
897208
629849
297512
325205
624693
171017
435287
529524
102937
276246
105242
877329
244224
161602
39150
328619
859871
289106
740131
386696
487525
579615
935112
494809
556140
160394
257332
798715
891804
829773
412276
256922
893597
994476
185804
181744
325110
388938
242860
812459
599239
255447
809009
956461
745695
473447
922708
500525
43707
734622
800563
978811
112732
157192
834490
566816
46020
993029
134894
518627
972492
107169
215062
613480
641829
978114
479494
590772
342249
621754
261321
787148
972317
134077
144106
774074
502598
989996
465055
130801
30692
594895
903059
766024
829647
795682
910350
118178
889965
57478
516
278639
908302
177176
82679
146443
325540
700255
785161
782724
410594
106143
689058
53817
969327
261898
532281
120989
598791
320534
739715
543579
66543
864106
625590
395092
695955
202610
333753
228100
407485
57170
311146
990658
386996
748150
179723
584614
840367
489864
353546
445957
537716
260603
453611
618839
34002
488772
318292
830586
615735
633641
681653
504719
663343
933106
211025
519938
602746
830523
45614
997928
869256
311723
624725
465793
476371
609215
377030
41820
462553
128128
612156
595162
250421
184723
687192
611146
469081
406767
712109
307188
645482
374633
164519
445233
607352
41323
977880
522295
729497
856067
850913
745011
218209
105815
381817
852623
352959
881719
32797
160979
53111
199691
762260
383463
305015
906347
486046
839927
475097
430541
423737
48047
977780
970137
342799
765222
471391
708057
378943
916119
203267
65292
889670
745225
407068
871130
734410
325521
26700
259553
589379
274990
23004
104877
763846
698130
472720
53063
368431
255552
512997
712548
412331
998864
72297
170430
66080
803536
824567
532161
893625
570053
318414
746779
357329
945871
126862
335670
196411
830250
254350
627330
47724
875344
350236
729451
156038
347132
854610
787946
434689
768138
510417
831095
615352
255739
106845
248092
689038
855252
717653
749093
149947
809893
895117
589108
830838
325351
635530
120625
341313
308543
965209
151070
675724
162975
488780
611848
363591
29324
173586
620569
971207
34746
6258
378635
922836
600659
392484
899831
855437
658646
127436
509196
43768
659228
845587
938971
713322
994294
395748
722830
583183
463603
875584
583225
175959
488574
231295
415112
420605
862755
595876
547672
560245
538802
40795
675747
197106
481532
880977
520979
128785
675259
545904
331575
211557
58190
428150
161747
317152
688737
460017
42897
226842
357419
484761
203734
956545
809745
398282
314544
49502
663912
594972
552747
182720
638168
631265
32515
825031
243995
473722
183155
211470
675941
848534
508140
892854
736734
963720
330017
98316
357578
83204
168127
601366
679818
423222
524474
377727
455868
128192
173699
673564
785085
345102
467990
375898
905422
280406
135599
995590
775060
906673
468252
977849
669049
732561
970670
433694
935217
887327
498185
463778
658455
16946
831899
273462
365685
600621
400809
363203
556962
412213
799621
882860
284422
575373
580700
351353
534906
201297
302828
928229
463946
18508
907474
546757
167324
590966
238849
663378
393962
360141
854095
828246
195050
711374
29737
468080
204048
706000
168167
627459
682153
713662
757498
251969
170472
51567
732866
586063
845758
673252
92412
859222
672866
562077
538329
200678
764208
956440
733226
75718
739182
53031
907702
113116
368489
2476
377262
765109
507902
573172
22200
914994
658484
348398
879015
94736
234119
969543
132492
53650
531584
819683
681574
527885
747007
850041
772340
377040
532507
126347
750891
687405
490720
556033
73092
592937
715447
288545
75757
519676
743203
316589
842207
953668
115687
15258
879183
185293
249350
427240
10942
797941
489762
811362
534379
773631
796102
525556
60585
989815
248831
645092
289739
831676
531557
475695
320251
184047
343991
806721
135978
427703
506020
365072
68833
256430
760358
989397
85110
736235
212361
422760
802715
630317
717514
360823
937105
698272
433434
585378
837242
692431
505794
65590
953675
629095
199136
543877
187488
982628
241679
653342
725929
978586
204133
200622
796098
284322
761621
498355
789601
539295
171509
800217
876904
267500
565595
125811
790107
619044
188320
626135
162859
216269
486470
19094
418993
779169
936566
643350
798198
892091
714082
133327
293231
889627
570441
707678
819590
810710
931608
826441
200339
683293
4398
917904
856489
495015
280760
436588
750861
259838
39547
728551
325506
3300
339185
498711
621952
127199
402122
648632
369091
918120
760979
722533
229695
591084
684596
482163
160624
744893
82836
503722
628368
81752
40535
518945
136482
869203
618439
932277
633516
994787
491472
113893
527169
816199
51045
712909
383612
584661
654977
216318
690057
971295
66632
391862
892253
45826
989964
816385
448454
640587
500523
739691
559580
512389
598421
938720
826391
863139
646059
102819
257722
231942
869187
20135
462637
904236
405448
374733
592361
726710
962750
488763
997389
500885
862308
126101
198797
685008
335154
290907
647626
180148
755330
6943
194428
400856
15371
580193
505995
67467
100232
511049
357758
332957
607287
735872
147146
917703
634557
77355
209228
775927
554470
583748
916754
87164
886539
575575
351444
743755
396428
780631
290560
794604
631037
869531
739827
279876
42718
176952
790979
351487
32705
632955
71737
189209
692304
370307
22044
959882
475879
850617
27112
779532
929949
161006
283166
734090
897504
713231
494453
65703
673726
362183
571630
743079
294528
346865
620229
829118
151985
258744
260931
144563
879356
345358
556529
850289
196851
780997
341927
452970
956524
542285
671042
205544
310790
192971
481651
284018
152329
395602
237940
922007
932971
922944
299286
942490
548015
587704
637111
688570
788201
953783
295311
481564
948764
933653
535593
874327
132
884827
356142
494364
614255
27451
385052
150656
516997
328752
213974
500072
791337
445555
83542
266512
156600
638678
873214
158520
552495
177793
335051
787243
83241
26248
591914
397549
653957
877797
488869
501760
469350
897815
706358
157715
478932
144534
412924
516104
403455
429617
335115
205152
999908
318790
977502
521734
424009
963486
988712
946868
371810
143139
963399
27142
385494
217854
273178
988377
392667
27537
390057
812575
909245
572622
749315
218947
843582
8498
910821
344307
499992
730402
952278
88590
428126
95904
569488
735596
300225
612266
947864
537540
118765
37871
546415
933502
282259
857326
511457
689750
72642
621294
85946
125225
972527
881236
415768
859744
992083
665124
257564
959990
400627
721495
240826
700263
708155
123604
566128
850743
736260
702670
697940
822236
954549
342203
65349
627593
536581
675821
323908
32855
638302
276046
445147
764562
322077
179004
674491
763294
102006
377215
929508
468293
552629
525923
6397
948830
589151
948791
888387
828250
444983
569440
378462
964654
75740
977690
396175
831192
935055
472013
951750
807761
987731
141000
541329
169550
221357
264796
401646
703858
587723
899031
420225
475603
729345
127836
382177
885543
424622
65308
923660
334859
174205
927539
726331
499439
136392
1761
613969
611874
50070
48547
794669
350582
727493
636717
409630
435408
441987
504263
920630
44942
233142
448065
495863
585621
870140
514324
370474
959477
760972
240983
581711
800955
618811
354843
956911
21332
108635
903203
216461
807129
396670
867331
962299
787452
866840
358036
706760
581068
99522
816528
914583
214952
568475
50577
658827
798014
218569
701345
454046
525631
474717
690045
314513
74785
131989
221739
405054
493776
709179
789493
681545
509426
85610
459841
864501
722389
382448
562446
754962
283768
708303
625869
558420
91443
749214
68121
947136
2435
180493
222037
535359
922550
265606
538401
136149
447407
624558
776761
223851
49623
551754
978858
460296
328225
354687
268848
549534
78199
657138
789553
260737
306246
295310
905744
474483
330147
64675
712304
262234
407832
611243
851973
43730
704719
894633
323608
508511
757530
230699
744535
425083
476701
479918
534
238542
261977
949088
983526
884796
283157
854528
516944
417432
5547
602273
926191
358646
151660
465102
158759
810461
263345
208264
927621
304987
542591
745259
532981
678003
867094
96367
79770
264818
548310
723913
646926
150304
183567
576241
469494
67217
578019
585919
627008
362459
919962
477615
773436
626274
589250
234691
133012
393102
252865
398216
418090
980894
81145
449648
45580
943446
151318
163038
749910
683284
718455
8961
688677
906945
648310
595223
675891
107042
766934
611219
713940
338510
986632
807578
23820
983354
194330
617767
160970
195632
762941
878606
975621
483679
727729
99741
645042
924043
457615
328862
157471
959077
145650
716537
870575
132917
602819
297014
522931
412339
506912
733985
750753
725750
320937
990022
124531
180996
523174
205340
291294
301639
955160
523070
804781
878561
751259
392532
985338
660438
628020
670544
107401
933992
368893
833556
537665
780736
547242
1073
446344
928648
590263
312267
759994
908822
110192
725400
575813
662402
342940
176711
384291
346200
515655
39293
510389
597865
310699
778426
529273
683132
810618
624410
799656
517602
639243
19960
862319
719847
114718
128301
307847
26532
249230
996278
550131
400370
683602
703220
140118
778745
69871
883212
454446
508390
339902
474223
313201
355707
278549
223668
521666
110208
432597
130080
595728
246103
641936
529608
381388
888365
38804
123021
897092
264396
388185
852935
717281
799374
467587
507581
467193
610093
665171
221583
161234
741365
894640
955575
597172
776154
91726
361380
418922
548902
995001
831430
614165
506443
423168
53352
68908
167766
989056
867702
479507
448260
485196
527904
130839
587759
862646
516311
295172
740769
639165
284085
91939
727114
416979
796985
987988
771020
332041
256687
320579
993778
12761
658414
649098
461889
354575
644347
784291
238695
925398
463052
321160
566800
773979
81958
520938
180056
874784
182695
387722
508954
767839
27168
487094
585127
306968
741338
181411
631123
785017
625850
406308
659561
227370
949823
983173
642878
106162
983783
641606
676067
320649
500850
259511
572404
709690
413886
393197
778637
152116
500113
178014
472349
917679
504309
110750
305746
553590
829374
270199
187316
359124
120423
825822
745166
448479
87707
909016
10374
853148
81679
787049
123406
672909
669452
316596
972083
616990
488522
201908
678227
841448
980088
697813
151852
811807
666457
981616
2831
576223
112136
435298
495666
836174
483676
110600
132389
348013
509222
308632
11549
262337
547031
195615
59308
696792
335679
227283
846162
687354
857008
563092
663405
850030
9473
566212
573067
577381
308398
994303
825696
263047
54109
521145
879827
612953
955
38515
48499
137928
295557
745114
428103
359573
194915
777852
773954
91932
8430
140775
546005
158658
792851
627872
437151
861882
812239
328893
602176
979572
419226
656160
755787
875876
525472
524304
530265
143210
658794
569333
565370
814947
752732
226736
184199
274828
157527
538517
905043
604814
778686
753542
884928
745898
73046
12077
142381
308353
699207
922453
465165
855041
391295
328677
382739
184616
125302
966203
9737
501686
983500
200417
676992
870707
373262
516079
528802
90394
946647
463549
52963
53409
608531
451970
655318
417702
858655
951566
398172
609591
693452
391136
224951
682942
502467
649893
310460
435463
806466
179214
733863
66736
399172
746124
729865
405356
887807
46123
661276
311987
921927
655176
635255
259594
629264
566320
893660
325866
253137
432023
978031
304848
894595
761330
278338
486241
191432
232433
444491
516023
315113
444124
456055
357708
3576
348105
751895
321025
730388
832311
731385
861196
292363
515467
271250
944381
706778
987236
537175
597035
992847
577181
453802
519103
996751
717534
458033
223388
802548
320543
778563
117674
415502
655419
694844
441854
994251
680365
814064
886055
528177
671465
733500
76376
974535
178009
373304
334701
179540
508018
475528
695644
749887
495155
965266
253113
767381
403386
638154
92069
927530
42883
775016
316884
380374
125373
132859
45050
930720
836171
257879
862738
37561
140436
356970
947467
16735
184263
686445
60047
183970
13102
863350
812528
116164
448622
537130
140594
745209
409689
199503
323311
347469
689712
629951
448107
332069
628536
958200
813813
163293
638647
890193
554870
104785
947019
148935
777497
814455
179112
198134
982679
250538
261484
860515
210333
716162
803233
423606
865309
513502
83726
390789
338606
55363
553146
648587
199393
816478
3262
693815
19489
261477
18758
109217
837062
556508
662372
731415
463542
473524
400144
512790
932152
487245
745280
51476
627287
870108
626912
582138
77999
545256
476527
804336
11863
297199
275446
472656
483242
195045
411877
1980
708084
831004
686155
899787
169270
631295
707569
232734
818838
899192
800596
334801
340711
517490
914302
455885
670480
582072
707648
109307
104027
754556
447886
682323
581788
242612
407543
999762
275452
400415
321407
493130
161441
10342
547290
923347
76732
341021
238023
322271
997998
581928
449671
194284
364759
488954
122938
152850
620349
947641
418388
322236
52758
554430
154624
631859
898035
190456
279377
56662
967561
797552
44833
346278
189596
290407
416392
346366
647817
856859
863803
394143
479729
625512
886654
634153
325438
320524
393991
849319
969939
919235
549489
383937
619540
6417
467673
327188
252367
920286
662233
862623
720005
153787
421151
613652
512473
111875
859241
796175
431892
825180
587935
1378
636307
341021
399564
705358
53518
118346
388474
291023
146437
7354
759338
959695
518344
254617
419565
398714
347363
62410
710178
181297
492389
1764
252173
787864
227468
171230
878864
538890
322383
740741
293192
373612
795144
730281
290310
956127
331387
215448
774120
519439
131015
241346
254164
450088
443496
306172
580752
661993
209894
548448
857025
262672
943645
242129
296382
53301
464490
20764
701329
850163
36079
249785
832394
472705
468868
567922
31679
16798
395962
962267
669027
422251
130125
745983
922497
287762
629349
161627
368214
984484
947785
596803
279817
22593
9313
557347
372360
218288
126886
926369
50624
575311
381416
928669
601784
524324
77499
111258
796363
489361
316671
558966
549440
162534
726859
995797
796936
294481
618934
357148
381011
204848
321
942169
350543
946951
348708
130688
248190
429581
754419
470225
360114
267809
639341
541461
463208
793114
322786
670406
492287
687292
787198
187726
298067
450502
600117
70760
323386
69224
467021
823907
602715
461073
911811
920069
268838
815207
83675
209036
993267
633040
602951
993040
956731
746093
831283
387524
305965
382887
472875
322587
719022
327265
275946
284935
618416
177613
142080
204188
572078
534682
701215
577555
630785
701963
370050
762731
166562
501411
276409
258283
214205
71357
780758
199426
377966
65208
66990
931854
219098
443919
462668
708667
550636
522118
237432
884420
106027
795136
225247
397397
870517
900334
782879
306641
870939
123810
415025
462575
229848
339841
731572
256895
622318
756887
470738
570123
981727
874053
230417
656216
270661
659989
773688
719180
435854
594862
518875
747753
267480
153187
769670
195767
83877
783909
678914
856513
594939
143257
814406
167157
489243
822852
570174
385839
616027
883427
438192
68175
656290
867352
778193
643974
282944
273342
645987
262576
826536
971933
925833
147356
549131
665977
106921
80615
29905
363909
64188
932293
94198
426165
674677
625377
561919
961457
513291
922077
129432
245797
493669
37490
84748
426997
392481
836667
247392
3854
684033
275789
374412
184920
917619
273150
477143
192263
13436
473415
541262
625105
634816
344516
245856
969018
768112
361368
931161
10827
682832
44781
979449
114721
208676
460761
331569
488929
681014
220508
349945
728137
565703
366086
470609
16930
527184
808373
225490
954577
56947
486652
531567
118733
437635
441120
396686
621868
964589
252476
439549
309462
915905
230660
609938
21402
233633
893414
49060
566687
862340
939340
21599
798130
923239
309694
288008
692031
927122
227045
680782
108251
710403
705258
356041
782974
924985
565757
470162
278286
477342
220466
606846
65046
47185
725509
556407
95509
188816
691518
136761
935091
367423
468336
115750
21519
614743
599963
133703
340147
56622
711537
713056
283817
680862
132918
45039
343527
476629
120704
776896
925093
599097
104798
710640
57744
352054
23125
602044
312854
255653
530182
373573
552354
393754
197803
143458
216226
233034
721472
886050
439619
90775
308158
230813
942718
456826
816130
930293
839884
679692
852301
499182
424501
964721
1956
724391
35462
957729
936792
588917
747425
406420
150496
568219
658670
121098
77730
602791
622960
70452
218961
741803
953458
938114
121071
925655
542880
299466
51380
660400
535473
461266
126535
911599
574274
591674
172393
18232
895743
284361
612721
240629
700410
687122
880625
682447
531486
618114
672440
398793
179260
222921
361393
949753
57732
867939
358697
932003
33937
190658
302766
961843
117019
142554
812690
792087
933008
28744
642447
917175
10556
68576
717828
287314
964388
687826
418142
439862
917235
992375
243282
841179
233356
699006
84486
370781
47294
9262
385743
143701
293141
872087
153685
920083
728717
796633
353363
118137
570594
864336
243067
956663
984899
384283
602167
634782
382756
164295
419209
972899
201523
296669
306835
249011
701282
151877
44723
187949
833635
266966
13254
347585
243762
808443
1678
489827
746572
429635
409838
306283
805821
630468
827154
60940
427479
696877
472171
319662
995262
683559
734552
373675
739425
96936
123040
34979
532995
616276
468188
246781
972919
11471
474162
595706
979562
692644
336379
976311
2010
596363
79366
867519
32677
262554
505462
451466
253308
496459
702086
861527
511478
100646
583085
799329
826113
829195
273309
76545
621747
450142
208997
94623
31422
479951
87798
427222
153538
5956
178882
327524
647549
708518
204160
573322
148254
954885
995724
380038
900279
415401
639852
15467
501200
412086
823278
546650
474775
301754
619501
952223
251381
634071
308210
264682
833981
722120
962742
296232
143806
956625
104198
815677
988088
908167
964863
4896
291371
441081
473977
657364
593994
473978
420352
19775
716559
473292
580413
648488
187688
84523
287476
882962
176207
308147
605735
579247
500791
322990
552151
202115
196322
120574
523242
496919
986960
568420
787752
194773
862673
186602
153567
489991
722812
712243
887591
629607
196472
674461
586048
923106
632695
880080
613271
767598
853251
379174
172840
377476
79792
186551
280125
820156
344753
813439
449812
256517
672199
392046
601822
4477
339092
137037
751908
112691
901390
499016
524228
514934
600911
833180
422426
963546
829192
814558
662906
243527
437910
521893
281305
566141
222125
63701
275275
122088
594609
779145
43430
887003
348387
39196
605830
758060
918840
796692
168555
245549
438790
808876
457340
222466
680343
241789
250158
292516
592352
390152
551296
325105
284812
446818
291294
791149
34929
690172
469669
980569
113444
126158
702598
882606
61544
451168
156292
997238
280897
830261
181847
830152
946023
78164
987891
887390
105814
251572
604386
777428
715778
161219
949262
747135
212072
143827
977755
333928
140736
86946
608753
427108
619918
416772
319447
332049
902296
219631
263546
41455
789490
994787
775118
74136
700981
996276
131020
861917
819726
560757
223257
727295
699826
104707
389639
689863
852527
712491
840948
95875
168926
634169
692048
246749
713525
232990
182909
331417
725625
586493
659727
702250
976592
725522
932402
291186
283636
555839
778155
773525
779972
621109
846775
380600
800117
295931
212431
790812
219301
233566
855501
405777
551888
562293
873896
324312
886811
215568
43291
142553
414542
489213
572901
155389
593311
372214
129129
565737
968617
325610
320885
16344
322876
166566
531615
911508
203469
696928
890828
603537
325646
743584
654538
784486
302297
863884
180509
712937
190854
579662
243607
904229
305627
753124
975008
196218
749987
703747
841366
213138
322647
564009
962061
541435
305017
893182
485367
892454
909568
766502
381791
696059
149934
250598
185040
663383
95101
237104
301522
584995
354295
332556
77716
441682
609445
427301
568677
489271
592479
30510
619228
31808
624771
104431
292440
629267
863873
195696
965794
791427
707346
280960
890223
327023
491400
885730
798273
27383
199809
737301
99756
323548
39285
640959
698870
177971
829295
554869
280536
168390
387289
46057
760609
318151
426031
81201
299834
477426
539094
637168
568708
474686
536965
296675
304861
728831
720097
965066
778754
429979
397351
460273
744527
496166
779907
129305
804129
307229
403773
766728
878940
627324
757331
450026
98120
320636
997345
845539
545686
803245
947197
475250
195329
646059
783007
970499
818832
870400
32061
834513
439095
481878
67381
646197
112221
2007
410340
811280
705657
840803
798612
760658
294422
948269
908306
610468
739189
325811
851420
722168
643345
228952
333241
921514
375549
775327
985955
940243
836394
23110
918816
141355
457157
326141
907311
684440
261373
101249
593757
723415
374114
980698
109751
571142
901033
102637
423961
491083
17484
699838
701925
570405
649038
550918
192272
810253
237980
61293
99350
628424
646095
577445
789262
143500
811790
390691
305431
440908
109585
650489
4466
68002
803520
980372
860970
757272
49465
887888
437486
814100
462897
529267
13055
571421
140082
602125
767748
712910
868610
883946
452667
589718
216612
342705
256842
739752
706168
192732
182259
198854
217661
540628
545382
796454
799159
234728
829105
381374
12012
956714
568019
906289
852040
380838
888238
434453
558624
737088
587034
363872
767187
709545
939734
167216
791692
64701
997337
923316
279013
518653
263943
693306
971814
569636
669695
669269
603307
308391
253137
389354
310115
713102
716941
100760
277301
497002
163702
149313
987901
426354
324822
531897
339379
968446
363819
904971
287660
779359
402751
341858
917883
623129
529557
987867
62384
485118
319615
469028
460352
291304
430605
749073
904709
784402
883999
567163
459932
626835
808476
837717
612268
87929
899835
653837
323142
33022
975551
589466
744744
580521
707711
542440
942108
123844
319395
281630
524158
716470
903915
526472
117850
608956
18025
88550
121971
745800
170255
115920
918177
874422
496547
569156
929874
995559
735951
12110
734512
553852
200212
80082
679075
158257
42783
28665
306030
627987
519028
107510
622260
636575
441607
432308
5341
29113
234985
543134
121748
67974
637343
365450
863080
600870
903695
275587
492498
907601
223892
190833
943830
863309
41520
415655
135682
202313
247713
715273
639187
54362
855308
460696
652471
284175
228054
611164
127086
704946
288594
4397
519626
349854
771796
948829
661909
409208
954468
179717
620049
190987
478159
879467
42458
835524
191127
513805
831464
576070
807818
129549
339505
491051
882608
834872
717931
99417
118174
15860
534447
512764
701607
257862
133433
996581
518258
50750
283980
633855
48551
707648
158578
796585
680067
700399
536161
781045
749196
146359
777145
937405
484894
428407
166954
461276
15587
221258
354867
767248
946529
683825
865029
713578
344557
875294
236230
960559
237885
565663
928561
429327
204571
45925
441882
213311
363190
220529
714511
765173
781523
769178
858395
580992
489504
325821
14116
593985
284905
819201
651060
492234
466403
28293
723092
556433
371558
93929
31828
927696
333752
939062
151528
363517
379524
633899
518637
175521
121386
84901
314249
993687
389616
850089
412271
178468
478614
705105
569666
735341
8646
36626
729681
832153
876714
860838
479553
721924
958232
868506
702216
854172
219689
277110
625045
159260
123879
784132
197582
414563
291940
719871
989489
105904
584615
116634
795548
354492
545538
657897
929831
46708
931967
940400
144111
61138
31417
632327
364206
543959
296134
975654
513990
79207
54226
524947
945053
293313
346887
238117
972705
679961
675752
289139
945068
502419
321341
850974
915651
62558
518889
789752
651833
896363
118935
61968
736241
58889
687699
85084
592000
784287
389301
258369
78449
337413
236215
462401
490018
423487
482984
333697
570251
288406
101818
670262
507551
710997
656309
653676
786187
280349
672078
854323
820699
803109
698130
201958
471164
631314
789501
927257
199772
570799
754471
922846
219757
249033
214622
866484
425609
124138
252047
722253
957488
458736
643229
618619
179500
139977
680340
123830
463318
635660
970743
235916
943601
788087
171125
73701
441011
69825
953338
16498
498788
372252
858018
491762
415008
775177
59977
262369
211574
286295
820734
17725
555059
592953
30294
500917
311289
902531
640540
73457
588488
737409
50854
146168
472031
65908
378499
429378
688571
429482
440400
49499
655998
169465
391146
293553
424107
601879
284605
521018
738190
55065
590395
642564
263929
408646
813289
797914
223464
61144
542547
690960
344710
953550
669344
283564
20681
758448
930624
443313
520184
111201
814593
728137
407436
146586
830849
124494
426164
38217
522622
528949
481267
366277
771594
572823
761317
566508
336794
529502
299487
975643
818237
140744
921075
959497
114345
756123
410386
46080
41264
290470
89357
260921
603218
13231
965748
644244
773741
414078
763935
326897
327888
155589
352139
922286
748717
116650
709339
83837
652972
30771
692544
522400
277468
275405
907188
118980
440772
721657
695200
79927
695128
785876
698590
342024
643591
305857
961752
83706
268209
112244
972751
854436
27958
292766
951736
832424
682154
435312
552769
210446
508069
166798
453681
318972
543542
104211
777581
217172
632823
36474
111638
142250
152827
801007
77584
590112
915940
618163
161886
54817
174162
47206
606825
551798
16118
708148
3296
725320
220676
286943
811256
705011
751495
349348
241301
565186
485262
472269
207937
26253
722628
523538
77464
338924
469661
224749
124935
641047
545901
318905
186985
54812
70163
521478
997200
416635
648466
3515
934437
493153
229375
578216
58791
443007
170966
508648
1039
660743
485544
495983
546708
706883
672304
216374
949130
56402
639235
152256
946342
492287
940453
933895
974236
809151
868024
829448
421545
324103
128143
805224
827181
991432
464288
269570
717744
457800
364696
867086
677957
86430
190281
660143
85835
558474
408382
869592
508624
630638
398064
781916
487121
219245
799121
710482
305885
694175
713157
78561
394904
991982
929200
157614
131802
919760
295274
506591
638263
960481
490575
733386
931802
963740
773620
253055
519562
572662
423412
216238
110863
616983
171368
860343
944877
475893
36597
498573
532047
839887
788606
932037
601215
718019
789370
83201
461202
76365
375585
6835
8609
596637
601473
935184
400945
329044
938221
848851
653300
819226
144404
138923
462377
272030
65391
384515
129310
684971
515220
944747
360278
720100
339432
589800
527557
787932
660722
345813
691256
891732
810634
319987
567185
230930
857520
468309
903984
896858
595448
258657
816942
667916
901155
685891
322179
185497
549962
884660
831111
659619
558068
675874
453717
37169
19014
756349
993868
73868
261914
445918
599535
270584
953320
827091
14700
517650
193696
137291
771770
112515
280538
914459
77275
908126
14245
222891
121345
189468
736636
513344
458125
849201
886359
155558
350706
545034
651933
297785
450808
885286
522934
171728
64733
712974
920575
31367
793430
64498
544279
961640
535347
955554
84182
754549
605792
122726
97374
109845
537479
737786
798025
584473
229651
402089
853826
882921
421904
617796
638895
885775
369326
944895
860364
95072
771749
841833
932691
620802
262834
702471
940823
638751
293375
65227
580721
639781
812896
410678
995729
578742
536954
275399
950006
467571
736126
48862
589048
649760
599827
854706
810946
977844
202130
747820
534430
943168
771818
980702
955625
305977
915236
381667
617957
641764
500866
838739
43821
624221
251968
461923
873283
38211
855676
947032
673221
997379
893425
671654
820287
336256
15071
848937
991130
6620
371463
431359
483761
13286
639506
915904
839044
109536
635025
918491
156229
988523
241183
178638
789584
789329
675363
13761
936120
448495
496690
230400
915708
722365
327953
726611
255449
183292
568472
992764
5433
134331
639474
446221
405449
914245
197312
578083
502632
587498
579677
74435
887483
96424
599228
82127
709021
514295
860270
979620
853748
417454
19137
104979
567519
603157
770818
901563
644555
54280
377250
577344
335781
601796
661494
450922
953066
318097
484312
777372
716250
280204
522539
518958
17162
759312
34236
781418
509721
309889
750021
639200
783738
170740
458507
530854
400112
830
202919
495984
717465
722648
58977
249032
189601
773484
634487
942249
892567
718526
481726
668606
601308
546042
784736
869234
525496
824726
141187
824115
695942
924963
652683
951945
610704
693942
554613
946765
794101
827693
590884
199687
33031
246944
471289
309352
825905
97190
579355
429024
539669
937793
795094
459485
471284
493991
661535
868706
654791
444141
157110
770047
512618
663634
820516
899186
239544
977830
94500
561882
931762
857110
406622
979348
89048
593620
256718
985973
814298
857895
103939
21794
311720
836620
511620
12302
909798
946120
19597
642513
273723
990859
725175
213666
438473
524162
701173
400561
233847
755706
497658
281251
228841
581356
188664
912811
794577
125417
425028
449218
903327
362595
61526
147586
208212
707221
563180
754021
475252
982544
225165
804309
245978
1828
370987
906543
995877
868647
955298
906265
312336
311141
516189
843196
329248
424740
887127
614880
850230
337426
642559
250531
854468
886605
912053
902614
52956
836559
715442
734644
839268
901876
824900
411008
839398
950634
851126
819898
495364
145870
498173
353993
875930
824431
74040
789978
988401
250463
578183
294603
615363
42723
604589
532622
83546
593287
726256
919622
818158
29946
190161
486265
862248
688469
416103
910564
462674
697532
274519
874857
443038
193949
52338
195812
163856
592726
354795
747163
937800
93939
719987
671251
150320
325269
93363
831423
542334
192814
262054
998804
1446
148520
286480
395896
970528
674853
389150
293400
263377
503329
912603
211929
244825
604276
73869
939238
847480
401588
819626
886824
150813
962744
713274
230996
261261
893047
632074
338717
4076
417422
343754
517643
173291
272672
720772
123108
372239
825816
733817
995910
183066
18954
318746
396182
801752
875511
527776
565587
687111
336239
119112
396740
24868
676817
72815
722064
128718
212142
889797
967660
46105
510476
782833
715438
377074
645190
20161
24577
600362
246608
302924
339313
894881
506073
31911
670886
222224
647625
309504
511086
217266
225322
431642
641267
750352
466531
58213
379084
779624
595038
586425
131758
556729
32075
313775
839107
545710
694014
377692
948179
565092
284916
766763
265055
709338
803699
592086
556749
426164
582991
776833
681725
921772
609032
686771
849977
553749
310225
266545
303691
770765
17836
531705
598121
29951
407344
340824
612876
174098
645613
440360
290847
31410
76902
123690
838930
520185
782908
526972
743053
537337
533676
405111
747842
162601
982255
324135
78299
874345
313536
107367
658451
737843
131578
155097
270177
330784
370207
162624
342286
772820
833333
314298
264743
286664
293386
349533
439439
323250
866585
438764
975404
970003
311621
922101
9345
950173
636290
460555
83868
281726
35859
450972
801446
28685
791277
392174
34136
666064
822459
227258
427021
8424
507963
940261
917362
550681
671366
189271
306777
533754
552236
416506
747309
690101
843133
664273
958912
951036
193829
494578
605696
6729
146031
93602
70665
783823
877162
800203
861972
993154
490217
865180
508044
43200
696099
169917
425345
739419
7291
54830
579830
164036
450779
613947
602836
268885
991673
379998
513922
500538
971452
537457
428236
278589
508791
494030
639872
133933
633619
259205
167448
281323
897548
274553
572625
561553
207890
343255
658586
3839
255823
163252
308264
479619
328392
152962
661350
143780
19677
803247
364618
623948
453610
961435
430019
595663
313040
778035
24270
681116
718606
353135
424
14783
366408
246116
144606
414096
725290
370566
338176
589628
992230
231934
436276
417581
180697
676132
335078
89945
496651
27034
507357
807844
397909
676356
900841
384115
467357
981543
43193
809614
385213
173021
592329
744625
621186
140466
916216
628208
327120
446367
693559
374020
209187
897888
696029
450550
310000
741236
687000
931750
199146
810865
410431
616440
797152
39937
810818
688284
455555
659773
47043
665913
759238
29156
158141
784310
34014
474040
46882
389157
839913
751541
615428
305227
346411
661359
87209
827472
402163
315847
981569
948608
973340
106185
299571
25467
956335
430949
413395
503743
204774
604232
601265
902864
248907
3479
49547
339586
441983
273864
870882
453091
462039
754716
758761
584391
654689
651581
651802
678256
155588
728304
71972
37082
73157
515830
755903
764513
262886
37829
218463
887312
766441
540190
336454
256711
730482
763851
164596
76296
539722
622775
657530
46942
795392
534569
723373
102954
825450
367838
933109
44235
393481
555267
620485
600041
10058
553228
688293
278815
169961
859252
881194
128003
428016
415633
353608
306386
637086
996499
741246
377341
72802
457049
427375
585738
601286
217711
668241
237033
954729
209960
697278
674388
146469
612821
482408
643041
911055
672095
298026
666791
422044
272966
846521
145867
317472
23542
730105
483942
437874
904131
374700
37524
795820
5442
337285
7644
414863
306691
970651
897207
289027
500462
724601
878207
931067
302393
792274
597749
257591
775747
868817
302447
911843
398352
621903
984476
373149
444578
129886
881717
20436
256816
967682
294722
911180
964293
474367
410054
145341
319800
286414
771785
691099
328836
59561
111616
704177
60227
148230
352602
198055
366092
96
400809
812194
543589
27760
498604
191882
724967
514363
794293
430823
802861
355461
749883
821605
928504
316899
754366
658678
706531
334766
87123
567510
920189
748883
5067
758698
776136
629512
75908
306562
204941
247385
300939
273853
897498
239712
299052
922380
760346
375763
89881
582223
938127
798391
590643
650779
944110
87731
806391
575005
558486
339071
365192
385304
146159
907515
222805
262474
570524
330332
664422
399020
713116
107841
175625
78169
371394
422948
631059
938758
578319
136620
603925
706799
833449
829087
572957
339347
349434
807412
341669
597525
628648
773958
730909
683140
305452
534245
862416
993076
318673
792263
984373
631947
751051
543708
360533
175768
103858
347711
157011
10269
794265
169800
172829
325229
434959
385342
600686
312816
737842
658026
422909
310916
695146
480838
831173
187902
366793
942677
940274
75662
918845
822220
868773
854784
620848
720110
789924
729183
697277
793141
287201
931060
367758
272108
977317
573868
209942
650522
932377
306583
274472
595800
491377
289165
684339
762820
107446
425771
30554
941838
97134
687739
660468
856111
194601
179570
613341
