2477
3602
4946
7222
7469
9458
10926
11534
13229
16530
18742
19495
20752
23240
25254
25857
27156
29898
31966
33416
35428
38718
40000
42738
44705
47245
49957
50829
53346
54761
56656
58077
59152
59635
60395
62292
63834
66726
69414
71685
73083
74133
76631
77211
80002
81848
83688
85456
87980
88622
88995
91335
91846
92644
94917
95714
96490
99060
101633
103726
104065
106966
107897
108585
111019
112068
113348
115142
116965
118963
121668
123904
125113
126550
127566
128424
131759
134394
136855
138328
140191
140871
143044
144897
145893
147683
148635
150930
154456
156140
159997
161830
164328
165814
167808
170664
173771
175048
176831
178658
180061
181374
182087
182965
184530
185940
188489
189388
192319
193902
197904
198371
199913
201917
202773
204200
207638
210697
213599
214874
216427
218687
219263
221046
224794
226668
230549
232271
234926
237260
239935
242740
244838
246314
248289
250213
252027
253228
255465
258565
260560
263052
265850
267114
268281
270446
270870
273023
275178
277346
279617
281722
284635
287638
289163
292651
295059
297327
300841
303457
305216
306794
309965
311302
312055
312495
314680
317226
318673
322065
326214
328287
328496
332435
333308
336322
337741
340109
341984
344888
345972
348804
350330
351581
353808
355807
356298
360429
363522
365298
366761
368400
370513
372091
373578
376352
378397
380593
381753
382954
385274
386615
388208
389403
391530
392398
394638
397765
400003
402141
403464
407289
409822
411266
412327
416714
417996
419839
421302
422480
425408
427252
429168
430149
431004
433351
434175
434865
436838
439465
441383
444977
447007
449710
452349
453457
456149
458738
460763
461504
463781
466179
468742
469059
471195
472789
475127
477080
478657
480115
481369
482981
485660
488253
490823
492962
495564
497103
499446
499800
502109
504253
504829
507494
509055
511128
512588
514823
516534
519200
519955
523265
524569
526995
528926
532525
534617
535532
535834
537414
539882
540403
541022
542174
543242
545136
546369
549259
551035
555311
557151
558471
560063
560521
561883
563708
563713
565695
566579
569182
570174
570798
573954
575692
577608
579802
581085
581859
583227
584929
586606
590087
592189
592975
595188
597091
599272
600803
604003
607434
609644
610492
612842
613306
614270
615312
617300
619233
622632
625582
628274
629397
630307
633084
636039
637619
639628
642504
644972
647396
649878
652253
654393
656791
657824
659315
660809
663358
665555
668784
669780
670599
671518
673560
674408
676273
676444
678042
681785
683937
686796
689560
692076
693889
696757
699385
700557
700977
701593
702414
704326
706338
707548
709206
710511
714288
715076
716987
717669
720111
723261
725327
727065
729141
729905
730906
732870
735127
735620
737908
739486
742317
744759
745855
747231
747704
749393
750626
752640
754690
756461
757746
760288
762365
763329
765603
767122
768642
769423
771881
773293
774957
777709
778175
780372
781255
784207
784794
785849
787580
790606
792906
794774
796645
798362
801376
802191
803884
806053
809301
811408
814903
817776
817954
818579
822349
824529
826112
830343
832219
835340
836166
838062
841372
843181
844747
847860
848607
853388
855168
856512
857926
861709
865149
867338
867856
868256
869897
871007
871158
874239
876634
878273
880698
882753
884111
885736
886967
888985
890712
893261
894159
895690
896482
898052
900260
902168
903692
904559
906425
908689
912461
913356
913478
914866
915585
917498
918597
920653
921304
923090
924931
925890
927916
928934
930372
934036
935815
938293
939795
