107073
740114
241574
882179
227303
770819
267754
574153
223582
290533
391827
228776
24439
507977
721297
838927
439106
567827
302836
192711
264245
381784
715555
273833
304757
290339
375734
755312
810628
623314
68273
267561
215048
182558
141598
215367
487988
484728
775494
678355
746261
881294
849611
125696
257595
572972
747109
643804
712130
561024
332727
188387
190076
20918
216205
897582
341308
579394
491765
287497
664002
135420
57015
946786
235838
255268
49585
887516
627843
513927
740564
126019
618697
85691
638005
518170
846622
4740
568337
952465
980075
558297
941088
176723
605535
968768
295252
151803
944058
182486
85422
698406
173048
617899
809085
834339
871064
237770
21365
382727
602375
142358
387432
78494
926830
942031
292963
920700
398357
172212
396520
277105
905586
348163
719939
122906
697426
589852
409227
597524
631523
153987
68151
308876
889500
960452
987994
680370
914121
914033
25084
865036
372406
304455
514583
457191
570295
657583
20331
853672
117203
472864
223870
828096
164811
409569
864820
524862
406154
900844
52678
18558
553706
128431
62562
849215
635936
971820
196767
506195
447942
92159
890587
441903
978052
548800
713460
351394
765658
460350
631519
993699
49675
311980
8936
702146
249641
784664
961222
42945
935930
865366
98586
109884
946628
354107
616644
546307
860410
584325
824674
643592
494403
782040
659238
79219
891363
615843
942227
455380
80456
929825
311636
312816
935228
910713
920764
141569
284236
395215
619368
905110
755516
978970
66258
988581
76557
801201
913883
612253
462517
591287
306007
373555
347679
847089
393310
363656
436950
719433
374783
288952
254204
190814
210004
1791
281524
254534
838833
468167
153184
777249
312822
387922
674820
839963
460036
898048
850249
932349
915468
717374
437598
529713
753603
318283
153977
944976
865522
116904
714811
221545
380521
438556
548338
878801
886292
905825
885432
226274
468901
916718
650424
342994
524721
14562
729681
988016
470167
596874
585683
62780
150618
123791
247846
85412
695888
478655
417097
158999
711796
349942
990584
869576
31958
639848
65447
606529
679474
111566
505516
102113
110173
326699
572473
367348
587803
93498
780486
147053
302286
386166
524685
532674
257225
995717
137519
203236
66179
599938
385780
577242
494951
768614
743344
466745
960200
616338
953217
461762
904050
833019
900340
337432
958620
359538
76999
686300
713657
661327
422985
784743
607149
350970
565598
969251
108189
428821
663647
79110
935519
90313
824350
740397
293841
799916
943558
792529
775365
363340
1761
715368
421850
51483
428532
191258
407334
912630
646277
617502
655439
169299
65661
537137
508409
261319
516648
764211
707801
914034
557528
769118
667624
278600
277610
154979
974964
928188
704288
165987
650320
181067
805165
692614
815980
492194
763792
628092
942463
626988
736152
21390
442080
999292
73861
735136
112373
685716
502991
418053
980610
4304
146944
175807
442211
28978
604732
530578
628501
666251
386401
498179
191918
333186
980297
316850
713709
962244
819500
755281
762092
622792
499491
826432
664178
198205
206151
578375
692517
535571
981816
525807
259996
115427
833082
662973
339475
643836
844089
704972
303032
615883
768813
411974
406946
465126
799192
100094
327137
20533
337324
668589
278128
393981
358667
15048
864071
9098
535654
443642
323277
403833
943814
433411
152875
46176
709929
145773
923772
960090
379780
129766
904672
228658
640040
269183
406512
229611
427775
355072
593739
427241
332597
702501
570063
218176
38067
302586
124772
71704
114566
193550
123186
334585
10142
699031
973299
730617
172979
842018
741282
413503
857346
109300
878546
107059
520182
716035
205148
155588
930977
919562
952945
408981
7465
88717
656334
503621
511040
629801
17805
485081
221771
815958
594455
805065
944676
257725
748407
127972
219451
982448
964042
132960
917527
534666
505619
587714
287866
168677
872811
240742
15011
938673
369749
317932
102573
666551
586735
36991
825109
315691
429765
88707
804569
900135
441088
269466
479995
580362
244220
344659
123365
665836
882551
133553
293670
920060
530916
217747
970330
431481
167136
271045
19688
322953
896252
200166
288953
581368
4707
357975
220050
715089
409481
954452
476372
999794
751651
911496
477394
465670
410236
514708
91306
962989
474213
47316
483294
890764
160410
791289
157268
551295
831188
582485
715366
963882
542827
531126
960295
794413
758501
82601
853811
662133
23391
191456
339506
763887
195862
299566
53481
241880
318226
637230
648060
949233
481457
749188
946884
255054
944780
578171
825865
208460
42056
167118
35996
828002
907515
151682
571668
222545
511096
132272
629923
334517
99449
135393
23316
872830
637416
694610
437795
351096
655434
559382
186104
849605
552136
896475
416002
250285
530268
845380
309868
925516
636244
100342
182783
612393
700102
624047
367956
721831
972369
342032
931188
758485
580299
632827
873294
760160
327628
35543
246932
567336
528854
596592
693426
582895
924192
595644
911595
883182
427773
622456
311570
457026
564398
604081
728227
55172
408513
648479
626876
620214
948323
155500
998523
420120
872137
721874
737589
283419
129655
169249
561871
893869
597420
719392
154173
378291
510058
612364
627541
710485
4837
154492
321679
372914
972296
368484
288475
919988
986654
584824
324511
536575
167971
638888
538060
124931
73192
987338
305372
979761
770461
379990
997290
234763
917694
591114
944109
965395
279837
105198
261202
660261
363784
282034
645430
157473
388630
407731
888381
10560
49427
56284
856210
213640
752901
598761
566907
699994
31643
786375
30679
319913
461809
170584
506935
540677
763586
140498
727191
34517
190763
824519
937208
213860
371160
111487
303323
504658
54605
202049
998939
399530
657939
828209
449640
590164
431101
937811
141276
58465
171030
929901
187323
604164
344680
4491
797708
687072
456235
214812
856718
839868
117385
897082
982617
108564
292874
364999
31955
348361
562337
24370
54347
227960
175122
318169
182261
854247
811710
179785
774210
8540
628749
685472
960219
307656
851766
783316
708731
81377
37102
865996
55591
138445
328042
592172
99082
949946
678739
249774
126769
860042
184134
455084
190495
751852
678852
864698
919886
317702
822269
617967
572163
588302
449460
719557
831308
100408
827982
317910
453849
584329
983933
135558
339509
853579
60164
804224
837343
861273
172838
196184
999369
992026
412463
761296
397676
992010
929118
692726
81670
140724
919469
214571
806449
14204
287807
844926
387425
349336
569061
502198
861818
807455
769933
439791
735628
492410
511048
222683
181292
42615
638711
729770
478640
308284
256209
849732
927430
81880
409042
55923
424305
8437
815235
541918
589090
155434
198755
805552
390063
196909
650863
29656
708850
979430
949459
584553
924033
771678
960173
61729
303557
334294
857530
408262
277369
909940
747615
116844
629953
153304
501718
559380
652644
75981
976307
89007
950824
818140
257362
768512
783433
252602
676767
779807
205461
770337
119618
733209
27495
611900
986853
797365
848894
173691
312163
565457
398905
99207
172814
807147
62001
51087
61021
757309
631283
898177
769969
962687
572568
712149
847938
853392
578883
279235
815786
198319
804599
848341
924750
651299
840402
143638
459685
431675
68970
203562
609638
283632
964035
687095
996690
948646
427242
520065
314459
865681
357169
176788
187056
52341
369990
554586
364390
466821
95858
943052
226052
445229
164076
165317
838699
773547
689623
794739
464736
862552
870495
77478
636664
238213
141419
555915
609439
567552
352511
253682
61892
782582
918706
296138
341925
170930
862342
659759
998194
543684
497449
656794
301728
20413
299463
73015
604429
96662
832650
742484
358347
682480
747439
949493
706380
189238
47302
316484
636648
610910
561926
316965
108173
158095
895754
937960
549699
397917
230892
731352
904858
240623
813309
2864
321651
542722
473054
233581
935081
927174
422270
512127
693274
213606
659312
324441
921813
312357
487143
769192
685538
181220
288785
594528
769640
353664
680718
353777
82367
692888
194316
657240
39763
372716
675393
151379
339633
620832
789635
229805
676145
422368
975815
940343
949312
357407
146356
978007
145033
176632
411811
394362
72960
348149
552630
482149
836555
385581
724178
651113
182029
31175
704506
957557
339791
916893
639177
374661
58253
910461
44684
551480
621531
437193
927290
736000
424690
229694
103376
655667
117596
725393
732045
162814
22263
919413
370311
54328
674793
823354
185257
417108
556768
293839
812170
817137
541636
258536
54186
138380
460668
648826
115851
765141
947354
295075
782186
471263
160868
577511
176024
455856
153984
707670
618554
473848
325563
141577
86937
737055
463350
90442
127031
231789
875859
385551
156753
411301
373999
683511
707371
811442
859134
319445
576263
848674
282964
191659
620950
315530
530432
815712
992019
568106
145385
323901
315309
540287
39892
804352
678556
793126
785283
688032
635477
334120
303416
580703
837784
544870
985240
323589
393511
546210
712170
728446
558481
990183
972158
727506
32236
667095
101034
407932
722528
574671
414640
71786
34720
102072
459132
380433
723380
146797
921032
249897
772594
847044
249250
1356
487436
129531
454150
42151
736514
464961
943461
422810
709880
447262
8647
674610
991650
116479
503436
706368
510427
505378
101134
206486
365206
390170
423330
976861
633515
576448
603838
580950
506643
199990
426292
871979
359279
210457
648988
129009
392194
232386
813072
701309
839808
75449
983953
713504
722430
705912
770056
242304
834696
532695
182246
638612
95185
323672
712876
857595
847429
327697
695239
524986
989563
311794
493843
606096
297990
48754
263104
83256
953643
927131
866258
742011
619244
337582
906306
947439
348355
765812
670082
490768
394858
61282
950558
518328
541911
942952
596990
925118
486150
661590
847688
698857
776430
502123
325666
2256
353877
854460
844117
731535
898111
603774
40525
838759
43458
10288
268668
205107
484149
447911
377119
142787
203591
208759
616857
557719
407147
423803
881659
285370
995377
106626
622309
87928
124144
888982
94406
998781
887136
610602
922558
899083
113988
67231
638949
341015
525508
511667
37221
589761
645208
451847
20290
3567
621729
19531
850810
260485
280082
495048
629320
1410
936523
941257
914370
693434
111174
105319
594018
310891
838250
370416
301921
891711
455357
274355
682623
398622
434743
363051
563744
467500
800241
654342
919120
643942
397628
702544
353959
219028
358862
550465
677640
712236
348376
557471
10051
71683
574899
50769
51482
724720
586232
612930
997217
817983
294894
104558
63935
279119
782494
468172
124113
54793
906755
899160
669165
997885
99870
85756
984835
286171
655846
484314
830048
120202
421211
603897
820108
212584
419067
413449
725588
790047
874894
522644
334946
271392
300572
19268
693448
522687
705599
10059
897051
543275
811475
206002
107644
327752
136073
545474
301938
912363
813915
188489
329011
794545
225178
428233
392002
473532
902371
710531
707569
718988
326960
811227
570760
983542
112586
155816
735038
251395
875100
485466
830628
340135
846179
107464
835489
651931
583298
864982
724248
710362
79474
420415
1062
261749
71255
462725
82567
885332
166317
164274
763544
552586
575265
594121
799351
641107
629628
532174
579910
636205
408442
618671
687375
198608
272121
503054
881025
507530
669965
339116
175001
865275
435568
652723
684572
26475
606359
196384
394688
317251
293280
613195
993259
566063
981798
162004
414739
804621
940663
398700
778052
198162
354013
216573
9856
111226
289049
477751
789248
626409
36654
389880
663129
124899
22489
973527
361978
330277
24670
221070
154386
275742
473021
644225
497934
72781
908420
421615
248320
474680
186174
700724
159515
685574
744585
484920
395675
93178
990917
801144
303681
495308
648424
977071
27836
668133
653103
870368
574755
808183
882287
929731
155679
333368
895626
825418
413478
368761
157180
100622
290018
694567
515861
8283
43952
236316
510529
285844
627523
630307
918915
292997
121001
862023
420608
389124
490022
200854
33912
999362
477436
464823
191631
575923
727628
740453
687497
741400
403734
977799
929621
301733
87197
898414
753792
752916
574566
246954
223562
758406
530910
533577
495766
869393
656475
576621
692346
57898
14011
635529
695287
583280
239785
450296
988354
665363
383614
863162
508353
449503
519107
233355
341201
140969
857493
230370
832964
898900
140322
912515
504040
76672
268687
72641
24642
69777
398524
378708
733722
492055
312607
259922
627440
467807
22605
704654
276108
676053
745623
509962
707635
418516
547921
546585
265398
316940
566830
576598
100836
758031
889863
22138
291487
439992
912314
901406
183820
551992
659631
503374
67940
881534
695158
907782
978408
35651
948876
951180
411121
561391
550781
280745
174629
273643
733155
11141
373189
829700
270412
182750
943332
435064
399098
425381
393139
868163
746357
471479
780795
178009
298609
23323
304276
722468
585912
137633
229775
935947
460168
315572
65492
514642
771628
846106
56792
883806
210467
665733
467076
131475
886159
665352
416709
365086
721686
215847
479343
515150
566745
760711
102606
370333
145039
453188
87691
992141
619581
267106
852728
137518
259604
679835
435960
276732
220647
646038
776718
498789
394567
333241
87744
375975
966205
722453
78695
584408
685923
972224
733526
409983
215903
190208
464677
984288
838077
234595
805081
377942
254312
283500
138609
861144
985541
477160
850768
588382
623596
344478
88962
252764
342916
296356
155436
153965
576698
241742
467221
761611
302622
906626
965387
474811
705242
714215
585907
16646
305103
353212
361393
268769
776014
255173
921263
833902
826543
532639
209870
680923
676306
201333
553063
880040
982384
851723
488125
369607
861852
861240
645633
700252
216156
60784
366336
432356
132894
471807
739373
965745
752345
414226
262983
908819
636545
250160
140518
139795
558758
757446
320808
425241
834218
78367
150386
34861
436573
901938
741989
123546
654263
407509
119263
873071
77041
575632
932971
608991
404352
397196
502854
767752
179503
190315
427663
606544
548568
115377
75466
472620
93310
117215
220112
24507
2186
336096
993687
484366
601248
707933
790234
450955
725662
342699
309157
858407
984049
49124
220415
468944
232211
583955
121075
165421
422181
399433
309565
142909
520420
157772
654158
511516
728779
618543
986812
112740
21446
198909
2953
892400
732942
389263
156815
541116
783205
500797
718405
573992
207984
848497
909616
229019
124140
792151
803240
276996
300430
879408
917125
532092
23803
305734
719271
644680
334241
62330
338911
353850
721392
905081
518270
256118
112697
332365
443127
670930
469473
240464
147379
376983
76673
994875
930418
844709
388318
389276
246745
499506
556736
698022
629532
817971
937969
205154
821128
783059
786452
913348
427629
864736
219487
710552
329895
96965
141238
830363
195145
332530
9893
788966
19813
124888
592570
133125
398585
920208
192509
368679
383609
193947
801997
757997
102516
550084
241177
246693
803174
103970
337591
805840
94491
367802
335012
971935
30907
206337
541977
728957
927030
780478
27398
453638
757772
939214
244270
910549
657657
793601
287774
252730
549308
155810
152843
402891
292739
517397
413255
462289
692789
302936
171744
230755
456987
873195
283669
788945
466924
145612
28150
238455
3443
583772
357335
638897
431007
962717
66992
989869
651111
611357
40532
73499
808920
449260
105868
354370
571516
226952
101776
44
122921
291802
990049
891714
597347
286681
904262
791474
344879
398989
561440
202828
31157
884846
95020
698092
193552
852075
347925
20114
719478
61638
841844
819918
640255
412188
325221
879318
120660
673027
564743
853882
738933
921420
235535
144494
357862
63591
198921
100550
487927
215270
492973
731137
436399
696090
225306
9148
707284
780505
96882
725447
440346
64225
759633
929749
970534
573975
445098
543053
221437
367528
246080
204285
554509
634257
797567
654318
755672
559481
19893
852178
380217
4347
393904
24346
838933
1474
804916
499492
770975
77710
678169
919186
376967
733715
19071
698998
275712
260480
556655
904937
407404
209949
193040
530171
776423
690637
937731
234756
791533
753907
775515
895065
645225
586161
317436
695323
997403
797580
857615
329385
903588
994219
207775
86709
640817
684862
758611
768820
745922
144444
291592
636591
92118
389636
188170
880887
160117
226789
662640
224565
557913
892921
158865
83935
395706
994348
70566
382343
296693
488795
273086
24526
231192
586711
79064
540725
657100
127560
97824
46228
997216
417710
753673
164259
929902
356547
559683
755829
219692
500989
318170
144261
192017
151855
633963
132265
648033
903439
48067
659555
290199
672850
451349
767063
229999
145971
351896
563670
129741
820307
546299
153240
267661
392507
687174
766473
200552
275261
869902
242298
615871
422456
114260
406968
579079
700473
460988
740474
928274
388735
76197
371763
555190
862295
434537
717640
838428
262182
74034
57052
45799
878725
142583
924294
257854
306310
820306
65060
443448
514773
700352
924489
267555
686586
420212
825361
482353
239355
158936
734486
975360
211615
236897
684411
766596
498189
300557
332325
843540
563666
694908
276042
657357
311745
32296
268577
841319
490356
314755
651321
599250
588849
184108
723686
125004
323753
925133
525718
390658
971354
311060
799873
217760
823059
316171
655999
632951
481495
946006
390451
767306
478491
764489
554661
888373
994602
96419
178734
968379
774441
390187
458380
950059
230260
478182
222165
379181
305382
85234
305225
727214
11576
873155
971648
314534
56129
651191
492994
468994
931291
778135
402869
929139
87782
724524
599857
104531
434918
698620
137200
538031
739016
120288
817761
952693
817474
688835
467355
554747
47255
18041
461807
390505
879610
340985
588822
437189
954890
568889
680009
597721
42428
247012
182064
975555
714455
115707
743474
438873
812056
966405
54443
783414
236277
691188
811195
452198
484287
736918
998075
719082
970080
552628
289227
591016
652292
453259
520967
615922
808661
837732
54104
938161
104606
672274
54310
716910
440145
713672
795819
964092
358627
60500
735651
756102
209493
674812
659488
337521
581902
356020
678074
58605
473636
341240
306339
987293
427642
237388
892248
375713
806339
161934
107187
455292
104549
622645
873949
333159
422968
179048
373474
969649
695149
625213
781213
323985
781324
19340
602834
962954
274901
965232
6362
956665
968200
545178
569849
699646
965697
943633
44747
371397
412411
623434
101725
279344
38645
393823
908633
370339
627121
603631
861401
889323
277913
128915
15644
169867
189437
21880
236438
44453
653175
609310
849313
569538
803184
582060
172178
106814
411579
550957
482919
410707
912094
199019
741596
72768
808690
620902
526684
204181
353312
119665
202132
529822
316363
901866
964772
369066
474764
279892
239471
452534
232472
257107
616850
354939
769407
94531
920945
422161
358989
63157
90029
345470
547347
839686
394610
262816
54558
657324
196338
181032
790786
933721
466174
516263
613207
730554
484063
17055
297780
690147
734770
69020
781858
344050
615001
14937
235059
40028
667307
610396
278587
842083
932540
436476
494320
353827
874628
113091
824602
118412
383150
711662
147830
603818
960191
96145
928941
430496
754529
757655
333868
257780
214732
393575
267040
314947
377296
436451
884751
764821
908928
499658
546390
277387
595582
568253
630203
395829
229920
280607
481774
651648
791612
272469
137121
850765
438166
596845
576384
649180
157218
851354
288079
399207
369591
277789
928672
911883
2899
164032
90157
344609
860293
623933
832791
430892
58491
546939
959484
665194
893352
318584
494191
439757
902353
257922
870231
828100
676895
589605
356274
757463
489100
248243
464896
38889
623778
846838
654222
485335
874325
885024
324676
39895
839317
40519
494117
928154
433543
405000
320977
910130
38384
716662
59937
177176
596907
361491
351250
472075
994032
287588
865140
666128
822378
423874
657237
996699
993527
946254
476559
164422
526267
13506
335019
869246
914721
250978
864753
789309
443312
529873
338126
497393
663237
925055
710048
142652
897715
416384
259104
653397
155699
858040
867756
55563
351626
334835
736432
617002
840758
498129
36528
466678
853268
517150
440565
532052
84241
73216
490514
923592
967370
496009
253970
317529
862979
450605
34945
646545
485377
879821
422419
336673
86021
701169
998836
343777
589029
534165
789740
712052
879496
325146
142510
795338
773949
442333
737471
62335
258104
308645
744062
719456
278827
177270
387284
825550
457662
354498
284984
262076
938410
71231
512863
304979
894839
413524
299775
736628
742608
988397
120063
543773
816960
681710
372925
615845
259723
846595
242619
378529
622763
778070
358758
761769
567270
809306
228869
409397
915400
297093
671931
116320
298178
469274
377336
148111
649951
56420
902530
894763
337119
428990
50268
213897
423090
377423
318224
644075
983570
660948
152990
989024
727741
466326
961281
504006
799374
70586
400730
204464
449399
361783
441980
385890
761758
429282
82515
584121
999377
91493
571185
7080
636326
265998
853879
341469
284339
576899
329820
604737
532390
555796
757597
587167
722499
4329
250369
662108
847417
264154
899080
4132
507679
619037
928815
367974
238224
404186
256995
730549
134687
230235
597056
776911
818553
989727
840516
838075
657558
498062
767124
501451
164379
83142
419819
244865
805264
99539
301915
326542
307385
505470
552321
884213
750163
492540
786378
770447
935340
705095
54619
557735
968031
848139
338210
677189
98284
514806
559927
71688
649456
12402
713454
878700
722437
811119
149947
848492
305528
689369
134658
148865
781219
658153
697467
374344
124135
29016
816127
479233
809672
281709
899057
455348
715621
959991
759691
438446
764562
175767
579012
742697
45204
339957
222747
13705
59896
931027
764483
264195
462160
206526
787755
246488
717835
628640
267753
343295
623280
388403
326850
28385
563447
107792
784152
203006
211268
69105
420269
132737
403398
991904
534080
44374
482714
486098
681926
73224
595062
988471
614697
449643
920134
175306
312760
685573
55911
418815
529344
628737
655955
736137
645523
602957
939316
420933
152234
626384
315481
222086
764646
216779
118022
921277
506482
998859
687333
980037
270725
828808
275611
373513
834564
903710
905142
99923
830788
785189
778370
631473
621037
835631
554555
540870
901882
831133
292124
5802
492380
272862
589398
203007
720191
158342
385308
367185
300132
156231
875227
534633
48429
329422
535111
962607
918711
342268
734673
847033
976225
461567
179445
836724
81132
859725
282735
692909
486779
81533
275917
122813
531641
492289
656224
659215
493529
114756
272652
399951
16248
372380
938431
579569
265184
178540
170302
352411
318566
634777
153499
36336
238259
37735
343043
50042
4575
429551
416436
521273
386495
65995
430641
545699
628046
377467
146987
591706
420122
869978
765996
552468
313248
2837
81106
762050
80567
185284
18691
162293
588938
507160
86702
631453
902320
571377
27897
236012
644202
838349
536780
610712
723192
394842
65401
288640
436568
198060
378183
338918
852508
641929
419482
388827
207591
138978
173376
189880
238916
884253
490138
942792
978274
603149
807397
174851
230000
810755
884516
4981
431057
247358
699948
371070
241020
1597
82892
973362
163252
827701
78614
269792
108830
879071
303374
474928
990724
974761
644079
540198
910117
564108
334420
258691
359990
7613
217226
896522
675513
694461
247215
336992
69177
760971
818118
628748
450527
715834
780187
914271
90228
294045
781709
180653
255028
866014
187133
600377
999307
304814
500050
220463
19311
424854
927206
826890
948185
61548
555408
687126
567969
304290
921038
400527
330869
483385
275023
225001
860981
950163
56667
188521
748783
233445
233888
737200
63794
442891
204762
284632
671569
20021
354525
702967
382710
628927
164226
613505
924512
946975
775084
162570
274938
836599
26550
244392
787033
781003
740923
461111
546770
376204
138049
410486
505526
324627
800642
994894
778540
538473
416793
150131
700457
648131
926982
489187
991438
931147
760094
367180
477149
988953
973842
342986
837913
987008
195993
470990
567162
941829
978301
501018
744202
943979
758079
557480
427679
639786
451624
122923
699509
63934
170734
814829
159527
116443
11839
713175
451402
104765
653676
525519
120615
393118
692405
308091
908370
952193
242605
103717
28395
58668
405578
610935
377137
568306
252299
392357
423998
73198
197382
622633
261539
556236
452749
431530
179872
190977
265404
609462
321024
905435
934818
687406
514959
866226
633994
799681
922489
339646
273829
168272
199361
328898
677013
840049
416794
838503
272984
937360
762918
654563
719567
520623
868552
371480
357930
419597
599784
555961
206963
38245
768515
733159
361267
942093
114859
508698
382661
669695
125538
890746
990261
853621
133071
610766
922515
309293
13787
682507
638170
577548
866347
5262
289272
638047
383226
791398
813434
654140
550993
700616
972694
973191
676070
446629
11412
247825
481615
819097
313369
275418
220449
693562
264977
739703
165417
265425
970936
653638
54309
932678
117375
284450
613938
9653
547165
111755
745209
387504
716762
83058
348145
185625
432065
318334
326491
330999
601820
130702
708979
213627
883765
447818
947330
424941
350074
886500
320913
364088
400314
248049
353784
824974
630348
724062
320404
863033
309774
156368
150294
89728
505675
338780
593912
258290
951734
684000
707339
930130
390611
722108
276845
547806
793781
322800
896534
394558
91426
730132
19985
805190
386706
216942
510087
456168
581974
610931
102518
467833
982
230237
777025
551518
718067
506149
429218
131539
55051
888030
758651
355991
982682
400686
657865
334904
664445
738025
800313
616147
178059
559061
750871
777084
924498
257415
876611
640182
5982
705385
629336
192966
921726
99710
783030
550241
614514
60528
33187
96205
869037
485052
370646
668599
920142
734395
429874
207047
71473
762123
571761
484255
243745
117470
569948
334897
491948
643231
661238
24122
442512
89276
678777
244703
185553
177684
928376
721634
487276
497827
572993
277541
858292
251945
669419
716605
310939
452536
88288
352704
5232
675296
693796
384506
163600
106709
727711
964297
231332
438675
695572
147278
390119
145052
291772
126909
143253
247069
132222
897300
345330
150702
372558
308265
283059
93688
455263
950748
425421
329266
785990
925931
135833
272644
567341
27171
741729
733900
280176
393652
422026
617598
12311
439326
650013
193958
323761
470728
479475
668617
303753
815023
563709
708521
473224
237563
345262
537896
985703
648941
788485
353540
29774
928053
433466
641089
316558
521697
471300
426276
741816
368367
20485
175771
645976
690307
387028
699578
125649
191284
414948
93600
751062
550912
373909
143352
136834
862688
57367
888987
920405
879287
689463
695955
680268
899812
519432
423995
310556
343990
182767
112642
492298
393151
185866
989006
972074
63489
91261
84220
968690
86469
277147
884102
472633
327755
848878
176510
326034
703004
547556
974391
327995
387798
593795
515220
820922
829685
161494
495146
272360
250451
93385
11772
546856
456012
560763
415521
526493
623503
940242
538214
421825
935116
66335
508551
882261
292348
375327
568458
320883
335624
989278
963129
20415
663511
520439
574394
183996
139191
953334
332172
366074
327143
62622
414304
869229
615358
966534
526226
36186
225596
920862
552770
869802
458860
791055
471188
837793
361906
150592
624128
373288
166391
779830
744470
183238
530157
167635
968594
300013
951873
348543
968023
233137
254941
705700
844748
545492
474903
362387
944784
546364
982457
445572
391259
518790
769965
604282
12466
720883
559365
840517
534342
750336
946213
561569
319978
55124
623182
374908
312879
60819
236359
720085
889503
649232
541353
966720
938706
852575
789704
479366
32815
220295
895801
674537
444099
406294
574341
394053
845623
683471
771753
113617
924721
928191
171590
108933
611082
649198
201707
68054
867760
151229
480797
325238
433179
44353
826005
629575
386835
343174
296515
7876
916992
958578
879344
184975
311201
220775
729234
768951
934330
794065
105289
238806
892585
526286
445317
81673
267735
858427
915844
899981
664521
377688
202553
167154
189910
542807
329352
436927
667891
750662
765166
95843
431402
357461
951934
704979
782762
5126
358022
47812
778103
222770
193424
193095
309378
937842
840836
635900
936019
424688
192043
309812
5282
859978
642126
539367
342662
679391
545469
363598
311365
429818
515627
835039
393866
479833
858935
647203
912308
753177
484037
27573
945290
10943
154891
162649
749389
286245
441384
276982
784614
420159
773870
403057
710719
538761
604864
985256
418222
239823
324247
463432
675851
322968
295007
332428
603362
761392
234174
956562
178180
783697
849268
457627
529848
263341
895645
369887
709327
153755
172692
366987
638229
279451
280370
896857
722851
270215
715060
269257
752210
739161
983226
730305
242314
753555
871084
638846
372856
821903
982007
128182
778654
529205
529996
86916
209456
594411
389487
105228
161480
792043
647632
167459
254137
961690
210494
900564
509178
187660
280479
931062
926193
762187
526989
689734
485535
536503
625354
857487
794409
371655
852770
841861
87300
600237
243484
599794
580027
805528
489180
111048
281696
149587
829336
763476
764685
662859
882421
530324
628950
728686
67389
523231
111245
205934
917055
833986
498608
726180
462276
427564
106099
273170
898921
672767
622246
839361
933342
796358
867204
687945
835705
953414
900439
179055
974008
877485
238474
538472
676882
842983
783117
149564
7032
226960
830303
347910
569325
844740
933691
136920
664767
442641
321825
433467
654049
942542
668095
492371
93798
80005
217084
513505
503964
84235
725026
549027
664881
365030
841878
605608
213075
175124
593820
523555
209165
332571
854712
401833
678414
786931
25653
28495
135812
53734
116006
287772
365943
216642
558025
882441
711922
689562
850437
351319
760411
474547
527251
591885
61476
92050
563385
573709
331482
353504
314160
490322
828187
535159
873319
961865
887269
159499
460832
942536
964489
351800
591225
541231
804734
252323
944453
917466
58833
536080
91545
629696
517754
480704
603619
216171
746186
783941
12147
907924
93313
594724
258142
697690
96701
637668
871927
512799
62796
903097
785150
330751
358818
676808
859797
753326
891814
42903
403181
756781
673831
942803
10432
626345
117420
908092
711735
976304
339560
572081
730731
58128
459148
664532
622472
488014
593911
818393
248910
275264
753353
272176
132821
419661
710305
382061
48692
614160
655524
735383
442678
177238
309598
911591
739380
597403
209139
639025
652289
285834
967811
664855
64191
765028
666836
456323
503437
8648
386318
956864
983390
390116
386207
609526
293157
839609
9726
311872
540012
281220
361997
870124
530500
429198
680216
582542
779223
397266
586939
32833
751321
157062
483551
865467
669981
729416
110820
285516
649540
814118
922459
952563
632464
852938
613674
441181
314391
777728
877395
237819
470482
298470
800462
155454
844885
309935
272018
310002
891993
602643
839987
503220
297973
556311
782309
286482
560236
500596
143198
228989
626335
514343
599834
219181
579363
16148
905656
331410
524461
625816
608130
254002
269802
729642
772810
541027
913835
78316
191215
603367
57598
430932
501055
808799
899864
535217
808822
470766
99374
373789
661477
113323
23458
594750
201326
435010
706010
549944
306411
887720
374893
554163
348015
969784
538231
403780
482020
104047
182028
754106
990291
591296
376905
153672
499075
422165
702150
400586
6328
958180
333287
490293
607453
86505
613906
69408
578108
251781
986619
95785
603369
908083
821210
674629
166527
412003
543678
927848
794370
34293
787324
696653
571364
536723
569279
167843
550563
722603
574339
545620
321807
637576
818205
29874
304105
369868
220082
591040
380263
962572
51080
642267
654677
560008
71737
717316
783189
487685
981315
497802
700935
879305
722877
103384
179523
606003
4581
722777
440515
175284
340180
345539
122206
915758
746514
268743
215535
206503
574726
31636
264660
98538
448070
165890
993490
351610
446605
322402
305046
618292
933770
151839
196951
373312
446805
686288
809751
215795
952956
750174
803783
402309
152188
859405
90506
190506
45963
303464
93778
846094
180178
366669
838247
506994
153465
860306
803654
316382
186906
878291
938790
516226
512087
305754
131541
755245
975559
522921
122049
405161
81675
88102
312275
272945
170879
934646
977039
743116
25994
868790
209878
940507
800994
562243
423737
425636
146816
139412
251591
726884
713292
393576
649220
246317
795887
155175
23333
843095
183510
221096
818087
359060
4326
362636
689484
545250
211772
76295
887603
620313
444511
670591
690131
563044
394565
940812
412244
938764
756991
647328
392393
563440
611585
676736
748878
222289
204178
670192
776891
27402
581644
205741
292994
918045
629969
169748
104875
312423
118602
799648
460712
333110
157277
529169
433559
281841
511595
121575
362517
550453
211010
368717
754041
39617
100966
514771
556148
353543
141751
748244
445635
324579
2943
870455
513614
810471
979930
844368
735969
213013
308674
732902
32836
821222
688631
43024
890040
964999
540615
296952
905873
125347
753663
626049
975211
594587
483118
363461
225418
464851
781906
567159
557138
657574
922722
78504
234143
622905
628919
360229
828674
778477
409304
306109
106905
983726
945313
503455
427018
896744
470670
66402
758556
345882
686057
957151
214961
672899
250126
297977
769316
27256
482456
461885
555323
485290
581412
114825
564950
843420
119733
749539
465013
833343
90759
410428
778578
51279
242213
496672
492443
483700
501386
579401
513629
220405
682443
165282
420347
112698
171988
743893
639291
559355
782282
911827
386043
255883
862992
615456
353665
369275
245605
129239
379567
444588
664811
672450
684501
368245
532995
32270
270113
141421
687571
789038
501297
730517
3625
953743
104521
61797
107705
621683
643360
633329
44866
533677
927381
183288
298831
499319
701311
224265
85594
832499
699554
578451
228619
253629
456381
829319
847134
815529
656768
137452
616930
706910
564506
841614
740209
943876
738573
627153
684523
709549
276937
816669
909801
286054
569286
878692
402964
629947
410422
430858
750095
512551
746315
527874
661260
425658
336090
138564
534906
742053
844506
944172
369628
429733
823307
197618
53941
102218
717491
390850
142816
281251
171011
511416
962236
328
740761
936186
674628
399428
726687
501873
996988
227165
517968
469924
736775
620673
478811
404147
238294
713998
142240
369134
397755
588413
697879
816208
686107
48236
657552
713115
155138
650056
595157
300497
795537
447508
665899
89548
607570
46168
544631
980219
958828
877224
146366
641657
215730
302799
890501
987851
673429
486809
852055
426678
950266
246202
695269
995131
19622
584414
691143
950257
510678
786574
586593
122877
7276
618236
503009
865007
709635
799659
15588
818876
485795
743485
385528
802580
342288
698522
100028
38496
955709
305787
268708
62938
177694
849552
732441
441160
442395
669780
945213
961238
37792
440427
962828
242127
788497
607028
587102
795832
242651
825777
491593
185865
859494
58768
965603
886344
599590
373014
234020
671300
171281
508583
721898
873132
644779
340852
448343
484170
138237
89857
282069
971167
27940
274194
965114
480155
823301
345009
485574
898617
65054
452127
232649
3765
808504
829717
815842
248619
498169
674677
120546
419470
555477
920082
106382
83585
369765
8472
200131
53973
376976
287386
276468
700960
987557
181366
192400
907318
214283
121639
692927
305607
754255
434535
323594
475733
894045
402815
714906
182863
726730
169196
103256
176591
476814
841776
758516
978925
981647
314290
917889
547262
849368
742802
621758
28269
8744
177294
861936
436403
280679
349834
771754
343926
234228
326655
738607
470652
229593
156739
822894
93002
178208
648304
20395
397469
190399
155444
649983
876036
835310
597109
814390
326488
854042
868318
641494
430937
435186
88587
360383
36519
931422
120077
452910
385306
780943
472474
648027
960190
152369
938964
222467
646574
723709
95348
828864
724363
429612
472275
26067
477786
662854
786261
306180
272376
143704
353650
328224
445370
728644
586594
376290
818149
714675
252645
247340
44614
918565
454764
454580
667824
712424
530599
243580
519376
508903
676524
778681
486126
799898
945345
779349
191746
829979
23814
953232
902961
172441
705218
389633
874723
532581
666504
68347
672705
154858
916805
82507
214288
177145
166441
490141
449637
15490
855472
379070
22468
867488
688908
330620
459225
494475
192945
300649
508562
481393
296956
962751
448151
904158
687937
952669
593767
452695
503215
200559
946768
118983
584610
286957
512971
420945
501382
376506
788977
481540
897314
434796
869726
757100
83208
624235
214241
812165
656344
32690
665437
873035
331820
776947
105279
54829
927779
660567
5467
583647
105677
378595
958246
52239
584368
181238
857482
325679
988277
210223
441130
440753
583218
786987
925874
426769
525077
238123
44377
415372
879081
148181
434678
142382
210056
355793
733820
379529
384222
395156
94228
687297
995157
154937
645333
242885
86818
598731
128867
491800
691116
313311
904417
194253
669524
841438
29652
992337
253157
788001
28501
619106
475418
734389
230066
36638
148742
765758
731107
942326
565220
588279
810724
698881
100219
267927
671859
341933
11118
947407
961768
837520
889182
291696
361452
797788
397756
698026
666647
341553
253678
78640
676202
158541
602077
167543
821926
438751
904921
692444
830855
881913
63018
994981
824480
302947
675636
913119
469204
592011
494341
619751
13422
915291
638143
175877
963166
310179
120285
402611
429841
332661
166371
995515
805483
602064
700902
91838
886372
7924
88757
161105
533628
643732
865187
55809
673436
935338
536114
886903
832715
147492
797150
74423
454089
671548
176067
418370
230156
960933
408619
953308
715348
355361
827064
786792
871661
824624
97642
424751
581505
330530
839694
697407
525527
355022
404740
753584
346668
175067
117739
860546
971052
234619
125803
717026
420749
580856
497950
973387
633289
70054
418844
410505
722230
348792
352289
412057
12547
930351
486109
97773
990481
603757
574745
212428
794219
921064
999937
641045
813156
758458
83154
173667
11916
821141
537504
870860
110478
125203
455044
69764
807977
403371
837794
212191
203849
887552
147987
987060
224705
431699
170355
790749
205992
346009
518024
327898
569677
944232
461
715797
722072
983178
74587
561920
673278
576884
762099
226650
935200
327569
506346
811409
45825
476279
119089
658434
457890
502715
362112
458716
59772
747040
839391
336226
667161
156394
400529
876623
27664
364241
225181
80595
343451
956561
108730
953148
129366
56414
976278
218736
832471
565237
347715
307478
870884
515022
234495
535765
231445
907374
621086
827060
517255
503832
452758
215521
621498
919203
326695
392205
916040
823079
753445
352820
582275
109905
119459
263162
140265
910998
108606
429297
23174
306564
422083
662776
376935
111668
682430
8829
603126
940828
366752
15714
39159
192961
658635
143037
871966
737353
327550
839354
813002
267502
844440
506460
134818
779087
527946
227296
507083
486177
31646
984450
23363
774658
594718
563289
133021
889454
109922
972061
41881
97162
91642
1865
602975
79582
969972
291355
230872
565536
727818
588217
889898
407019
439019
783406
332878
731023
156836
715217
143567
415938
899371
363910
553952
534515
840392
591134
882714
378175
609953
348506
861074
59901
789216
398541
949204
432436
375042
153631
128062
801260
970687
923629
724218
729569
560658
135374
32153
109268
975588
48817
473289
53437
208153
333346
220915
941659
62902
298155
327987
998059
246700
815959
169397
951863
106182
845458
390888
591429
189676
817836
958626
928432
387346
700284
715280
987157
847936
833249
384728
907236
320702
417828
475981
480086
584795
94073
609678
344730
845412
223164
90167
125370
898489
511381
558396
324257
884860
241330
870039
827556
721702
199385
667890
5941
918345
484672
239177
182378
312715
426783
409601
881702
134990
124848
802129
847206
817072
600966
166622
557994
499438
873607
186085
689917
485283
292168
233106
560355
129583
954627
648813
877599
557874
585015
696820
592734
510392
879389
751235
637123
514351
99458
481456
678352
152467
923974
476531
726702
681770
682607
529986
111193
727083
206122
356860
212522
878394
473632
326011
247170
432462
655473
950860
648464
725172
183760
875131
379840
663276
541499
98823
266241
329201
248469
570932
869040
836055
705889
22464
830246
397260
384669
840045
188059
532672
145977
88637
347445
555233
571123
777852
283121
315263
127056
626679
856620
544527
500088
458954
574223
253195
433327
61079
149461
924342
860652
363347
419579
484286
274520
762106
362435
228282
775972
75299
736676
491858
918471
982830
974737
74429
372499
687769
626212
915301
541043
119090
363303
759400
927875
468263
324351
684856
59980
719417
630390
337442
861018
214223
668579
138028
628412
332583
54712
372823
116632
760551
819880
446019
402408
852177
559283
761842
441429
177941
393743
191588
580270
706689
120437
127906
328645
878100
246085
654551
98342
797168
555414
885912
146741
233837
335006
102277
62051
776266
756219
622471
408461
824702
166876
991481
211889
641325
381454
827363
408397
68086
471335
165025
16086
843753
550985
103202
345874
578390
726355
539340
207058
302208
91626
877757
214352
699697
742431
823853
494625
16679
879038
80047
297622
287340
700594
80214
895413
325059
119576
941748
562319
912318
111454
352702
31230
691245
785431
56523
426109
190065
302431
291899
792036
861550
963686
71604
442110
538782
165338
964936
349832
781955
439669
323507
842441
836084
749920
800896
477769
983897
467523
244234
582703
943986
623018
850720
997370
900881
652821
235650
576156
453544
433436
92296
371182
875261
851453
987490
30996
170426
326724
734394
22895
881184
889493
594422
953592
330844
237657
533081
923007
53554
38723
228425
801345
219350
436030
545707
547231
819225
76981
233322
728961
702464
634878
792855
25478
780593
755620
999531
51814
418951
919631
480359
702375
124549
188626
400028
412025
296934
906193
52807
38318
71890
272589
509908
375640
283693
740942
393091
617729
10250
907180
92968
525441
295293
816121
767116
285760
749902
975054
115825
216329
852362
443505
671411
746502
367411
537952
205258
977502
632535
264188
109420
782632
181502
758165
152016
122250
487229
150222
471244
656882
903591
441389
506143
25136
99491
202882
970123
203951
466073
470384
318235
205455
27270
966365
393731
643232
845360
387250
472932
558524
919475
956495
921134
597889
195193
814927
291552
229673
823432
352882
520619
481609
22901
933037
712692
865507
515318
946315
500921
892711
266325
453758
237837
839745
201798
400377
681416
116863
166909
826637
472871
981053
207932
592752
530573
253575
268782
224552
180235
933523
758511
324162
233879
274486
790368
780043
29932
68537
160522
245560
184125
494343
364844
60581
679126
200637
544483
160186
16402
166052
713972
45418
802227
10491
468281
131989
375905
627308
772646
373774
452866
633377
617912
925558
856946
750640
890105
297799
286367
379250
319602
669485
273156
540913
523949
26126
375296
718719
453221
877035
799570
825699
970828
246558
837428
881007
967609
257155
194065
758637
969389
748915
468003
639288
264064
335916
898861
691366
903853
430930
928547
599478
559612
414737
740057
589621
284906
124766
937227
661697
123182
153246
745857
796473
769358
552382
575582
956464
705309
816367
185933
650293
255870
927746
201690
182525
78278
672541
346333
287856
700799
169432
488720
742797
915785
769143
953666
405946
479196
260099
414693
383916
377576
889415
133633
697583
312413
783076
380107
889106
11655
756178
289296
108723
47760
234611
552204
300259
122473
775829
609688
867253
295108
738437
998463
835880
20857
686538
364465
490798
423560
433925
391888
798296
145534
393955
554984
90401
902704
853500
130812
873364
273060
978955
631739
299994
45136
854602
742290
587556
690490
968106
469233
615230
196972
617970
445244
300398
623455
604648
430150
670035
449014
237649
461051
48786
352773
638456
867972
372906
357592
577907
932712
219290
175152
827089
902111
694176
791579
778863
263925
968539
988655
769450
765144
254354
490467
483758
829694
106317
14793
92845
462389
731297
874348
127980
96328
13258
94402
291895
243467
350384
486222
65141
600388
948236
506709
101590
313526
861348
104058
569768
480587
238706
633464
829513
63389
801571
218044
3127
61025
806459
875869
92292
968688
664021
672633
438629
250227
812744
807213
592169
735339
205350
26544
678406
325723
936158
111117
29390
617170
867969
271675
297026
574233
851873
741082
752765
860341
971862
459468
70353
442329
569178
229166
559087
120683
957396
613810
789183
354289
841138
373082
514896
879512
477999
357331
226601
696161
548404
726252
732798
285288
824731
767601
599934
699282
103886
600424
689289
309331
151374
83431
953343
612890
264592
777488
228020
368793
200065
150955
415104
620148
626090
75678
173682
246917
813871
502219
207908
20554
570418
105478
419945
46764
877205
95090
538787
613165
18396
71415
314226
29421
289136
533729
552967
885272
799167
983576
390358
800431
954113
663928
158570
376370
185686
376141
899346
606311
312779
924204
510201
630026
108412
422704
805459
914835
284688
982900
291035
238
323802
636795
734132
73247
384206
332843
687239
181453
363417
40026
109921
701815
132717
689153
752798
93849
112441
861364
327026
423
665482
358509
605526
928566
631230
868545
852876
256314
502752
295604
275281
330090
125285
647592
716319
617024
665922
719920
784924
570204
669672
646338
536418
156040
145821
539531
741676
257942
766136
980253
541465
99110
843001
702276
772000
845764
649027
624886
103057
85870
153335
894504
305412
209523
780525
767997
218400
298806
381329
462937
127178
890130
707032
746068
446247
290584
403742
723851
155344
568627
669150
29328
482130
453869
5709
464129
21150
1802
79571
523382
715987
29458
895143
592340
584614
967468
717573
39742
593324
177126
110799
690604
987524
201214
743827
817828
864969
492099
622084
960702
261907
212542
282129
94734
274015
618585
777513
384451
29612
791811
954821
226887
900107
413509
362171
39277
366139
143426
280112
899959
559539
551439
796843
112832
506047
718125
15428
403724
440258
666207
643259
961194
506266
511660
545445
342212
62816
833523
85824
114627
303182
453926
999848
937121
132220
427557
366819
51660
101059
346999
330134
740148
597762
17447
91163
267698
589055
603961
154154
278932
536485
937991
23859
953673
800107
171389
221646
752102
280854
994541
583242
353874
557141
24336
125346
486932
868682
517786
379918
669175
916904
554873
399221
46552
134583
356393
661631
400012
982708
40886
134473
98992
732054
174352
888754
101966
692396
860612
142162
622120
746530
44317
680587
261477
977571
614742
120119
394453
769624
672506
20289
450339
368398
499866
855631
112150
929909
408811
617437
907907
31044
574586
520549
227987
355706
981516
479994
916141
84672
84886
12021
599936
802987
828565
812870
440750
178845
794059
142508
15384
892235
138328
377919
656514
131609
542385
695146
152291
753056
367359
93111
240460
293074
757398
108547
510962
800309
986384
680848
866714
503435
284678
174585
823008
574995
556458
559296
112803
298855
813444
876483
370832
259526
22215
904206
47626
672876
890127
586378
944883
919582
613882
952466
632474
896002
845088
679142
563393
683946
132784
158648
120905
470257
484648
372900
850876
770238
806064
431997
753143
816742
370324
217923
912178
794478
713949
210160
670830
304621
17738
299953
584889
465424
939696
868658
976801
129016
478379
569362
541555
796350
276608
835574
397486
293206
464721
380281
902793
759889
718523
199233
376990
554428
613648
330989
219506
67046
27436
645226
89633
566079
54006
910565
447787
380060
439989
587611
510613
346520
999884
969100
77117
408980
632340
978253
492734
472350
867732
627517
142523
399791
541023
459087
771084
949710
655435
489415
88003
537363
97033
816768
253146
56326
983462
899241
489338
156838
46173
116624
57450
406277
755798
520598
561810
690576
296447
549891
441323
944813
312518
281074
882950
581885
103792
427501
955957
833281
650585
386003
998874
291673
607176
308406
224010
206694
299182
479425
499613
140689
830460
514582
599572
606309
32990
629032
682584
425943
795674
701163
74727
541690
154398
288797
460831
998722
649757
561998
255287
506895
292440
76330
45530
260669
888079
964710
792900
790115
274226
78854
774786
79205
574641
406088
771163
464503
85232
665392
314637
75566
476246
620337
966384
476740
684677
613621
607096
175656
122532
403274
586902
875904
974743
363689
672445
63932
464016
760547
484674
73944
250175
567594
677276
876846
755685
524089
385995
972341
844550
708513
979926
657434
916221
411633
424172
824185
259049
836802
24556
371128
921157
481500
253184
708544
237014
134600
581540
236441
915965
341236
167813
551905
551212
313084
133316
138473
424501
760155
781913
440301
542014
538285
52501
542957
700753
892832
817471
170796
959120
703991
388896
791236
557574
769530
740955
58916
508248
941630
653364
100648
223386
384460
787377
690899
556478
177393
868125
636652
797671
508514
16297
662450
294427
768841
611630
385340
572695
152816
494222
80818
883837
527305
987000
757794
392553
261463
205257
616384
122849
765373
893904
112445
17962
201697
897898
662146
871031
28989
235340
444169
292285
749442
124511
119768
200162
454121
591750
453532
624979
114263
779323
35102
661749
545579
426199
59556
327667
933096
965296
740518
775030
482682
195804
126827
916723
158823
800148
405248
409566
25043
268149
887381
961916
149039
164704
614196
177792
41344
784863
628169
924039
907243
666564
705146
691539
560866
266719
35176
903583
435443
871533
372570
657448
817790
98440
246775
417620
983396
60212
779112
498554
882788
955879
460062
150350
501914
759419
303938
840129
283738
136893
272886
474050
641337
104530
435378
607100
717799
984011
605554
11125
476262
293393
977533
102103
402854
968891
946961
112396
880319
892286
254128
737538
300554
998340
89537
226830
594716
31893
195749
74221
188064
796850
124567
921765
287184
134145
420799
605577
502480
421922
992915
4252
787879
74207
850730
681229
945563
705282
88159
953313
72039
944129
704286
688751
743963
923413
320270
768452
915345
959273
431451
935015
449031
299885
210783
542134
580190
208521
890028
425327
182254
702767
887928
820939
81155
854793
97830
20740
153337
802706
705773
210936
556719
554881
309543
392293
872171
713759
731832
719508
186314
533050
668121
530771
478626
703154
550016
512730
133430
606704
672366
279184
376213
668087
849620
319589
774159
451875
98591
622485
48813
310831
951987
692012
243648
211839
469321
975374
13414
857203
790371
270813
131788
920978
450838
392260
265540
699440
354358
256493
360057
543480
649360
633688
693949
599708
993040
98206
101630
507350
158915
551363
423832
100889
311543
376049
198020
923801
942015
805847
340333
38900
479379
667230
908795
144468
455619
746281
63457
67948
435221
358697
729983
724692
786509
406535
617026
102127
45189
146130
606386
733076
509655
923735
190175
864681
199443
760912
524714
109098
112348
126010
873581
982473
108996
592776
117680
608369
155427
869897
529250
267845
39746
686647
829759
391878
62999
576891
764134
817751
426897
593132
349685
442853
614957
123574
159531
310117
494056
294374
513071
783215
422095
986964
797802
214263
335794
454509
912014
355620
450167
751899
242874
468494
490442
51604
365686
785689
535666
123481
236713
687807
439736
282954
399040
629792
572880
866147
830907
886993
617856
159217
340006
564913
913563
250776
613495
66609
614557
770516
441902
297448
513803
772378
876166
871428
357833
161052
193752
26908
193784
182956
4173
162976
969417
637176
138046
295218
415011
603123
924586
479182
746413
146453
39827
925219
208632
844920
172533
634758
755532
830883
586236
437326
915236
818497
451125
471691
883542
969816
354648
936227
946115
923866
630713
738580
953186
881138
365928
25186
347329
928005
143971
992800
66302
746443
132203
213982
402351
340741
656884
754992
875042
337178
784053
320790
233726
128146
960288
722317
829000
342445
1260
951921
220226
75297
353933
532365
601901
943087
423493
657729
586800
166369
432852
684623
879121
926434
350027
605058
579103
450874
246207
737275
507762
373668
748824
58649
265291
63053
394121
307140
836629
354091
634970
65174
879736
99808
666407
765245
570186
183503
401588
409571
352977
401702
970348
525745
995884
610376
977430
588334
58856
77803
704353
120634
959382
32169
921354
88814
683079
781748
388260
548897
759974
41831
776391
363976
669043
169783
222167
106037
78872
583304
609008
531904
603689
111772
514155
532739
694013
132134
312656
429182
80445
716440
605212
391939
703404
408221
472269
359443
886886
850464
248530
602802
464790
433527
87959
982821
155989
219281
265707
843125
219047
131626
520510
96314
108865
804010
872745
664361
967202
807157
688960
13176
586194
851516
121153
566884
800646
572491
577030
294114
979053
138313
329059
738861
248473
471326
80994
322494
205128
975023
568920
209690
750479
104516
504355
436549
399714
471435
280515
430868
991682
429366
453267
668448
155395
675583
666723
318294
288313
85515
902194
524460
635775
99884
32077
545966
129123
527553
635646
33078
166961
389560
984947
156858
738587
256628
555181
352320
755138
415498
762017
32684
554915
605732
858863
894585
19809
787080
194556
290502
697642
432691
825198
954824
772809
928031
720323
851422
807304
974820
507471
385602
992064
902907
867344
850523
128767
272477
301295
434799
281108
746825
452182
403061
600185
676005
487464
375624
385566
865852
715553
72952
473102
946406
670028
348475
706496
76677
679771
394689
782397
3627
381350
892901
766824
890265
800835
554175
244847
233635
548734
844822
786253
637615
902453
753075
639033
840860
670227
616016
922798
678527
328551
589808
195352
124296
444256
123976
532888
945795
508647
492571
142580
90491
323033
370275
911262
392121
972191
716971
197855
331434
510764
153274
21344
499486
234003
151529
875349
655276
643523
617302
136327
107828
412768
215153
188732
334013
690878
267891
753988
385660
82748
798575
136355
122806
260347
869505
930454
560316
132602
133283
869508
162773
73808
179806
836866
478523
125125
997340
368899
573179
467468
21276
799002
418175
21025
281536
378158
521065
829243
436865
274745
134485
742190
989186
105340
249665
483617
786753
354243
531465
893351
653930
401552
769098
325243
408198
164007
394857
858269
707985
947382
539884
285507
232552
418462
433989
353278
109217
202658
47087
530667
768885
447211
728113
474130
759128
200053
782208
939806
566058
228442
312898
841913
34309
547257
127660
535875
14518
815619
934028
332080
620553
354145
701219
346748
458558
766533
856170
78091
977816
196556
884021
1376
851219
969101
343093
284218
325301
940609
532504
62214
543997
23247
30539
893253
883256
790386
516767
338876
890163
208713
831945
936850
854155
529979
193156
885705
925152
376644
458577
472796
69608
110945
938718
332849
430239
411284
791685
949562
756060
109460
71147
459310
873600
798805
574857
330720
683399
679151
300615
10553
695936
390573
213508
9430
254105
614197
982707
666688
911572
136591
102559
575108
355222
349971
315214
759471
245214
50612
704964
123944
260115
907299
939743
41002
171189
16929
772255
278364
411300
555400
914894
172642
306533
539296
635218
781113
177924
756628
614517
444637
914713
17015
604377
38
300248
674730
16304
22227
880736
96790
308183
398876
473696
880214
618508
144355
60902
307378
797454
456776
248646
82310
672027
189570
480537
47661
529501
959498
848251
812287
183319
765694
459693
712988
975075
984276
604168
788291
830157
919648
525595
513148
736321
953589
392619
8267
270617
719910
898058
109890
568263
876262
587474
140465
630108
74573
586558
168569
382899
879611
932070
252735
740924
258007
873174
1596
231656
461105
56713
731120
289070
164870
509767
433014
526777
577505
882840
334067
398382
734046
109412
183016
808541
432458
444137
806631
284227
431206
579159
536739
81913
753419
78219
12000
915390
316263
221862
983881
139612
807653
212938
797344
261689
372971
532016
656784
574076
616701
744937
718302
383833
80702
128879
462206
502843
410583
785447
191106
359949
162352
873014
102381
56549
48604
919933
962598
316814
188305
994802
655560
373425
675028
491676
967190
761951
139315
806571
231372
215678
359532
611121
400784
163981
619692
382529
32584
273429
783985
626659
532549
741934
395280
291633
159196
515051
216659
883601
237781
685795
681978
853326
66941
887005
933346
300310
547287
160707
920970
428783
116979
383956
236869
154446
286015
503689
912991
732028
877870
855924
861785
968234
197978
862964
786365
140436
65498
263410
160623
408517
444623
471468
644882
236020
894857
945509
415891
695551
393250
411453
577551
87511
186744
156315
38882
740283
464774
761926
262925
631901
458271
490003
75715
717857
557382
897337
349200
502147
158700
903488
188903
386135
710406
63832
472006
711020
380171
150534
809352
15882
385159
595577
813127
877851
826847
646843
387627
566886
822562
79683
408148
179126
704967
841383
832928
178457
478345
650030
609625
911748
433628
585092
923518
916052
14282
460806
574636
44207
671983
621309
625961
371081
313229
166824
536910
59971
921677
21298
361102
903597
388563
861187
570535
156588
171068
454259
213027
114807
169271
921752
783499
923067
866877
275328
230313
269663
731502
386106
114425
853154
49994
397583
306668
976159
263048
359439
804056
31154
472214
676805
955007
618933
914734
967052
253497
848612
365521
392123
803201
950431
405796
112827
76506
810317
127459
732026
82012
648156
206470
679736
68063
125991
744111
78015
66306
315505
817740
658799
671833
492750
60303
487671
193969
709985
112327
56480
699648
70848
202331
552387
879022
447668
930403
106075
452666
265052
842147
959285
112907
502320
558181
766084
525652
696035
73138
78033
397474
151074
42477
930895
802821
67770
179531
323788
454232
40726
359794
192644
534191
943333
489645
41296
506781
864986
813578
816700
700447
271757
718225
420406
206953
993983
191777
758282
232379
167208
720777
236030
813335
563070
958898
654864
968026
359839
230025
363626
765815
100291
232124
237755
534072
644572
612581
14851
398774
347233
603710
969284
363584
972031
83114
13868
494476
524180
855159
684497
564836
360812
530059
647604
218837
841243
326639
936274
409438
230449
314969
410665
474382
667915
739542
540123
317051
231814
641300
69676
332444
515151
828489
756326
513284
588374
881412
112156
136443
319649
31822
308235
459131
373629
241532
775836
260484
862223
277396
819653
319644
793544
851098
702416
871271
642039
487094
224756
468382
606392
812163
762591
397423
436490
78134
186517
535218
872063
426089
698034
337091
419724
540611
211211
334976
628864
882246
981107
154976
675026
316789
516249
417838
340498
918048
442703
617121
26178
87310
744933
129882
841214
948805
423796
597370
809174
284408
787447
178717
642492
293262
602899
958326
866137
154123
316087
542791
312954
31517
5662
549886
506343
632389
291313
601575
414484
571616
164042
934738
573809
711505
963796
747010
641756
971341
346318
109967
990710
714115
120238
216729
56083
751910
199970
174633
963480
457713
524901
817261
740981
357184
164848
124372
178488
760945
369884
23825
584782
893414
301965
722119
398773
555364
654571
544726
265745
997970
743427
775599
13579
213984
781883
607815
313126
698244
5872
75047
553376
447199
847662
8351
19265
12286
391563
377435
945987
81917
419360
998989
959453
117703
950629
367306
959854
110584
653736
761521
896067
35747
9514
614278
168645
855215
145174
279133
767170
829340
410591
878961
40982
557284
369844
302100
236469
275388
17123
463297
44504
259897
455687
621581
404482
339984
149743
936828
713902
888438
752845
565616
829399
895590
707160
368252
500643
539649
155839
50775
894189
675983
198025
110252
106094
719907
380302
930638
510407
953053
296139
769097
502061
827337
249830
685396
70833
484837
890879
271522
989291
862721
395567
161943
275138
986750
791200
670296
479771
540600
574793
529275
401116
507840
820740
116062
172572
530626
544845
915027
561705
618310
924185
925625
73205
25298
229777
378534
449245
677929
935488
326487
184956
16354
296427
618744
526928
496984
722716
639840
959802
683720
375619
177236
84066
340233
260884
932516
698503
616295
550671
223130
327328
497619
117539
903990
964122
597575
394235
774726
620929
237721
510376
975693
952440
700335
986157
883904
102931
602573
663270
411241
173265
420367
704597
554927
317945
857458
991946
288685
218063
123020
415727
931710
238515
855708
68462
829146
17687
599164
310591
455257
994011
746931
722897
630039
232199
340199
886356
172401
883556
815663
378145
818219
921335
113607
656903
976691
302043
493533
98547
519808
723642
151880
160891
171093
171816
618968
972295
103330
829788
567304
113372
941641
221323
518096
204998
288062
236387
920791
935522
390151
380321
481350
82117
196259
919695
259512
816141
344455
751390
822605
186178
793795
73115
333790
546727
804484
634449
860874
486819
997244
936303
88775
183545
457893
746805
359036
564710
235743
724746
31207
248476
60502
909191
549237
156076
438566
759450
558349
38932
201480
615915
698713
423943
496658
410217
332590
883843
369528
211831
275375
351115
243894
790132
309134
212924
717094
327781
150258
219727
303665
220289
630901
487146
550754
170521
398532
226339
698006
602723
315882
478610
295376
956834
320678
718673
751977
355379
439672
644499
703972
733813
937147
248862
256351
703958
581100
469926
111654
275511
899208
667015
298850
372795
10068
114591
224879
25521
294582
771335
691595
677339
78529
329004
928170
76827
615694
303245
225190
392953
83973
147859
173971
68051
163259
464008
9329
885730
619957
300213
680954
400420
724299
705245
967708
193644
999976
357519
32705
676034
477806
127468
606025
785912
921782
873846
71257
482826
908469
870864
491789
179761
161786
33880
230345
945668
993875
258525
669741
78283
54672
973247
143910
198178
848159
983586
127201
40263
997334
769230
768155
988928
587344
481831
811989
295212
199790
190403
738659
70500
299647
989613
140834
76301
970618
895734
327817
269181
337640
216242
862425
571015
218527
756566
676398
554917
154408
679852
759480
401281
803778
312752
514307
576352
904704
593867
850929
4331
864525
92841
693706
770523
265424
570105
109610
287681
344106
562304
518553
125552
717724
644507
719735
221576
108806
983631
918742
960543
569354
24206
176162
439693
458959
921865
435323
755348
292386
537964
564707
399082
795766
665339
970771
55269
485708
400519
178408
469954
102382
180428
198075
353298
805781
736874
559438
87554
908074
393022
636449
100549
673961
506461
664613
905056
292706
961709
362760
63250
20250
12575
528239
34461
752910
937484
979650
825717
60887
105323
589280
256260
657833
682093
483763
118040
525237
369461
572959
220650
801967
768247
448980
182604
58986
763500
161796
385454
938078
232687
467118
554316
219319
206807
336056
141368
280242
843226
224191
826325
556922
373975
797435
903615
84086
745735
754677
589666
76560
272752
783412
809528
299854
630003
961766
1583
888656
639043
444842
628904
324901
436336
266616
380764
759561
449057
627630
662425
846079
546721
571818
423559
2064
771482
257557
41789
835706
421789
963326
241678
982724
34132
491817
280855
73794
565897
146717
101083
350886
67465
392803
613985
837652
339337
992750
682728
541136
446836
228628
278728
738457
274258
456891
39335
443919
891158
570575
398932
402831
22660
240431
918787
956959
732413
542247
975398
718661
568744
91800
804388
311154
20351
110452
927608
273820
882099
875558
388585
661929
119805
50062
918049
211399
583299
683882
377773
750104
815011
157776
860688
940235
110103
385348
221382
641828
418710
918862
267327
830520
165444
939837
731242
392063
437631
533246
755404
76459
941992
295711
612015
238334
731435
307230
167022
530173
497692
478317
496560
589236
628669
728133
402161
584416
92892
776484
298428
60796
242969
809445
233525
69803
403782
794234
554834
278462
946343
698504
481898
284131
297304
978398
133030
297835
474638
744147
643604
780150
828853
361916
131738
591102
323705
239687
35463
436348
362977
516344
850885
712186
741845
798461
383659
202934
590080
618735
20207
513904
939408
605416
224441
67281
737626
775419
115218
172472
677659
4244
243195
906337
361370
399533
934810
872372
713449
457578
363471
156584
456393
379667
757797
177490
37421
502955
955621
931086
426519
636913
351684
418632
222495
804594
731836
280936
750610
579785
9848
398232
802487
689333
506664
271859
211181
784213
646901
37003
756912
793986
802446
222935
999546
637961
880609
9847
413638
286212
239974
127526
965488
831060
478677
402299
65976
572412
123704
397596
694693
616733
933595
678720
541254
329674
423903
386910
963987
357959
327854
67895
255219
49507
881352
380669
741975
613871
843132
522463
899203
325978
552755
890802
558573
797610
236711
289341
836798
808025
2081
931509
304586
624959
747939
251371
432102
919139
96984
970865
993112
853321
589804
229845
673057
290433
357582
740228
574872
214330
706811
925001
950594
988880
979878
417907
249993
759548
664001
42197
735325
673578
518571
685991
587492
92648
521206
721610
412255
758842
696915
839721
8410
153738
212125
649019
337871
369596
362046
845988
198681
410592
440706
732411
730128
18113
366134
473191
976133
353306
969916
788706
242843
651688
526127
794208
998208
468827
923181
723528
956487
369318
843397
249953
976036
544566
242430
309512
484227
876543
942338
149085
861637
131633
629926
888830
384472
508810
618263
226603
705009
979909
884066
973129
577641
707952
469919
244290
480177
685147
683899
861129
202483
273132
942369
544699
596039
347472
447173
66593
14735
874572
628941
502738
851632
64945
221468
5046
381037
430702
83899
772581
780705
157119
223270
921517
29977
170563
830129
88754
135884
902700
197461
173168
931320
853456
400283
515485
510810
184540
699492
670314
21768
318375
872722
807463
83887
509412
764823
108870
898469
83570
707928
560759
647402
696846
575997
890931
521024
398952
170200
568149
669092
84883
446831
615458
29160
639125
670376
29865
670574
850846
739600
917254
667459
726806
896903
958976
708565
881935
197708
187922
996306
554010
261985
578503
887135
212853
303195
372030
795826
845986
257224
253261
171597
938643
893180
714050
927704
48448
260922
400517
155289
474523
207804
957657
481362
4571
779488
522049
90423
496053
761583
421375
601610
501866
628874
923767
904981
884985
878899
770803
839427
270836
963573
333248
734684
547696
980401
163829
961436
653718
152967
401107
416750
836950
920925
950728
72330
547132
318671
584718
262056
419802
43507
31793
185183
887333
47239
862957
650655
639964
632570
21941
545415
393379
789715
791504
274276
243310
153218
630686
507399
290008
983810
801593
656962
947732
839591
326263
931007
814650
390345
822091
912700
474755
762253
407691
836519
929616
509261
533836
536593
72356
765795
901481
25874
633843
619223
440035
311610
748818
810594
302882
172591
750093
254431
870426
77672
583575
729869
394441
424517
189148
925059
773212
39944
281587
680753
264433
511988
522607
406030
362360
425152
716693
836131
336498
206456
810343
644020
292507
353137
45343
1670
842213
214823
872695
237266
428889
168053
310885
646596
45602
234607
464229
828016
811173
333215
28590
582930
75848
550939
333062
907712
542804
295936
59761
417198
577589
62861
954373
554526
632286
807710
27609
991586
633417
43906
667804
973327
355996
478012
439553
78336
379944
471635
454488
165700
777226
220182
803064
671205
674996
528560
421209
754902
199110
916835
969470
258616
8662
109732
51471
318281
99023
502995
430020
889961
655413
923606
835326
2378
710918
846000
266868
845436
330116
270202
681075
438960
579520
129302
283102
864024
376647
92907
72196
191281
227903
347519
236660
728312
47315
965258
190761
437521
641063
797541
378192
428747
753909
771745
18936
240571
803657
858229
835477
305668
354709
293455
124465
416249
149298
938635
61232
520217
677620
78017
142014
472185
794344
649593
673943
990527
725932
155833
994546
650698
934955
570239
950347
421359
570420
551883
875788
537439
532407
912020
657175
681316
829531
205082
462066
127498
569022
876891
122256
965850
840906
620191
815096
736577
906929
113006
933460
933328
653765
228706
950809
11037
184437
16407
638413
112326
640424
431358
95098
582550
834031
269137
351853
972479
581675
811169
252971
621895
666363
658379
933937
866944
517983
441929
234087
104175
235182
982692
512480
395663
404208
245383
811856
796270
549081
246639
349259
513908
243363
193343
563510
422339
784006
637489
88780
371002
136983
371302
550991
817492
893882
462941
387401
75694
736261
843074
710141
931430
709747
346526
829039
727903
533826
668269
193165
916256
195114
723661
685945
286172
531642
597778
767540
747020
430864
722486
501672
720953
675572
693678
393234
370582
879634
543064
963018
256521
886098
936208
76144
271818
343062
419937
959221
370468
399887
877912
493891
427609
123260
238645
315338
858979
690305
125819
343784
53780
982752
680359
588980
618142
790550
830077
362536
787375
291284
521213
607848
102965
426648
433717
513075
111999
893672
570672
648805
393348
521195
710092
147686
194236
50212
415977
918195
431755
441213
522247
325951
61386
568069
948773
857808
210001
439574
703941
101573
232342
53842
288472
789141
379436
571765
402042
994857
919807
178383
824756
221984
805802
369036
396586
599149
209461
168175
620135
632750
48797
433539
649841
765218
178838
129647
939569
707705
333886
515037
474106
919211
996313
124558
561101
89827
69590
165817
94830
816130
668501
971230
289312
622109
9668
336784
401987
261002
456028
829014
495741
637215
309202
961998
28925
874269
897989
18661
395361
560633
490341
260659
21160
254617
779582
13698
776207
709338
168741
177580
108170
684942
901629
416610
354528
788867
877606
805641
449955
181566
962436
218238
16011
233223
578599
734139
563183
220318
457756
365393
399775
380811
288591
34069
568544
719763
497691
507351
798021
532999
573424
435277
148262
468406
117024
893775
330880
978882
101062
97788
736745
247440
672659
703738
973166
393049
342582
141338
221579
783390
717415
787225
823429
71608
872337
492738
236520
372621
717850
786674
260569
12703
125008
619380
487319
891262
126193
96906
124242
91230
569431
425165
862567
953347
223486
329195
130296
368856
711028
331408
980517
83103
894940
591776
991913
237891
986782
422048
131603
438730
915886
771700
371358
186552
81731
295280
83562
613669
707191
324652
644506
804493
822624
706548
107931
560761
135288
539262
763209
787
661185
182737
254248
817133
897995
180957
916338
774442
25425
