947620
452048
351266
345276
180718
138222
768621
304989
16317
579451
595266
24790
964555
274630
471087
131015
199917
698673
100331
426848
591324
616697
731956
380279
291170
674836
536903
83452
732574
109747
257211
979460
691699
304551
63867
349249
838675
692704
584030
404307
427683
154256
460581
928951
267276
392813
793040
538013
854622
114262
871069
390808
846432
191949
929694
643951
545272
125027
217590
429456
235315
222385
873200
758756
138610
285762
136635
405886
494386
918670
310598
540269
958774
307745
105716
150768
803155
869595
486140
977417
327192
686608
516896
875626
234328
84047
436616
420428
202965
431872
408571
450911
431562
879719
851513
12764
717461
138309
724343
673462
878847
983901
498999
966382
201961
770772
292548
588806
531606
308593
224647
969613
944655
505413
678537
547609
774135
12644
904198
71571
893611
640721
867626
140076
769877
518200
566123
492078
324238
274836
580674
532717
877741
356913
977223
71516
71601
839820
23720
865083
616134
186390
155397
757550
586103
618583
995115
289450
923121
746735
453676
8840
464496
142200
41560
129468
819529
722696
144922
889183
197394
392595
917936
522216
90353
735021
312776
274873
941824
597996
11508
633301
795610
748652
595018
597168
988485
970220
173979
666591
950076
239509
734350
259119
640919
78043
735704
618001
384793
190844
106393
919346
602198
457702
929686
738473
161983
141557
382735
730826
809996
522906
372413
172824
739012
27223
44970
129623
411948
579174
306924
761982
436746
221498
248063
489291
772180
299037
756158
748145
375546
369144
381246
746669
850573
709681
110535
991734
148042
162991
407920
912467
515079
1209
812566
853638
125497
916220
200825
231206
249952
576107
625587
571978
681871
968065
139541
453409
215963
257186
586719
979679
692320
855455
682844
431698
613355
519320
591704
491923
233415
969660
513151
37719
334503
295468
71572
887077
158893
434494
926538
43170
678805
95582
921474
385096
364097
492494
900066
349557
390369
868237
973134
234592
96574
505942
131782
626086
51684
815871
306460
224835
869034
861954
784336
792412
250399
672409
242698
882104
323859
47106
739315
799375
88447
928546
856112
172859
460306
364358
889852
311883
882584
151812
607456
620343
611785
824768
811026
870573
338924
883915
204008
891209
845478
51045
466103
928612
77987
794147
547724
203716
707296
656812
579590
448305
134418
62557
968526
414439
455542
51596
355509
197863
806966
998506
203368
87784
295285
25538
26130
590955
321847
147806
227855
536044
718384
677640
9096
192628
681576
590958
373679
104203
365191
556447
287832
974795
54722
15090
187315
547856
455522
789765
749858
961676
637998
747299
606203
922167
540917
859135
561435
148323
284922
874845
957093
224429
236284
352720
290518
160976
699872
815262
764230
852755
320125
665791
850110
196003
124228
505540
843824
305915
361802
491349
514135
388223
325364
667923
424748
266921
366910
695068
157698
201754
657640
349676
332287
440338
603901
1697
749751
242491
711745
371479
689318
859935
767734
762033
186954
60859
857611
436665
837083
547883
564002
731295
744296
380548
432956
475550
83279
62272
718212
238396
854873
576212
504820
65520
789552
982878
166120
812317
599101
268282
493053
32765
220386
931316
586789
380249
358161
972823
284427
247412
299847
655780
243741
805320
737961
222367
494587
299496
362681
853123
557818
147332
621749
861141
312789
706763
250316
585493
574576
838827
564094
698769
197578
64436
581967
614101
868928
740186
794535
295997
652600
993433
769225
975467
97520
700915
392750
197779
877283
782357
74365
626227
201493
188312
981546
161440
74876
213794
617384
614396
760459
873389
84428
320452
79963
234272
592512
927622
653880
375769
363808
41135
524166
929804
472884
528002
736719
271941
132426
800549
926698
567753
543408
278
376072
259034
211787
481019
352670
319066
610327
457238
422635
326599
626236
206935
789925
213157
850761
415755
488132
823609
561615
578419
332138
690609
701597
511087
473837
391329
619027
365977
652803
402152
126373
477999
455753
177905
638254
258728
374960
871061
172590
827495
838340
473374
905954
38861
495898
362599
474879
583209
32470
916127
20298
817547
427734
3436
617494
70774
818559
78444
378331
96115
534178
690710
865392
920322
36426
981695
568614
118636
243236
309369
668864
53428
123787
642518
225490
818923
776176
879882
38069
359395
813091
166382
77348
479995
523328
66145
246774
216089
294648
800777
309432
703799
477051
85431
366246
729748
40831
734888
189318
125514
240304
960360
7010
86527
464500
804370
882528
814965
692313
428210
958847
822269
374430
855627
178032
420361
560347
909492
391759
102046
548429
783005
722108
868264
474690
592751
943514
157671
776221
879954
232996
418184
114631
804104
360935
945487
632051
683894
332384
963567
993667
185906
753532
869884
81753
403075
261879
103707
422025
727413
4617
229042
745099
513020
793227
774380
713442
87841
869954
6488
903070
445586
766312
533213
258107
105443
592229
535931
559271
752037
567133
845625
841633
403041
388386
890737
510461
314162
473482
579444
328132
366268
533276
160283
844024
549581
609252
261099
971125
389582
701862
427748
704306
503845
956015
542886
301479
802987
79942
610881
265801
806661
287938
988119
634609
365153
258293
732976
218138
826383
15750
522522
410121
476985
600925
316923
593543
643585
845879
897845
185674
693365
442329
256500
250546
183537
746081
618391
681327
565906
649527
657592
401663
589394
82851
635034
100437
336069
901241
418670
204757
529327
428399
249602
650748
534848
664079
59911
307741
183469
748039
931709
69830
898347
69214
57725
318401
298122
489473
202530
943222
954221
130748
35221
91822
123362
336900
705780
58162
690146
442992
155231
285906
486054
552072
476575
554369
495075
687734
176050
104414
970788
243993
58487
858125
571140
915769
300018
199748
182468
874516
62013
511202
85391
324503
372684
19193
709895
35624
776795
798060
66635
333280
614646
432820
382600
658966
877412
970301
630777
864151
176561
981229
617212
208497
869399
69700
269842
706350
248777
399134
718131
945823
291995
140886
926796
108046
566353
595717
486166
587221
967938
302952
687828
116492
36136
426143
351593
799517
555079
62098
391827
572661
465528
419054
629384
730323
772690
656269
164395
621442
808435
228404
485419
146787
881584
938485
283833
70372
812887
818933
410787
618061
592925
568968
746322
291897
246889
761464
15580
427105
35515
779045
313927
126100
669115
992646
152411
420291
746394
218574
786275
264632
964391
589417
555136
27367
411696
105765
421673
870557
961170
235758
262594
516117
577248
989618
472408
626602
375404
130211
622711
820582
624629
22618
399529
660152
383725
606617
335819
174596
16933
738793
139917
979029
75863
425058
694533
718702
634000
996169
448049
642622
768568
206227
681863
366001
221887
937416
721531
721571
679142
537859
180109
784815
739303
217046
228811
456486
568578
673354
841770
233371
52518
283331
459837
745499
186680
521858
827408
425851
862082
700677
747940
541577
705211
627273
257414
762724
538287
