1086
4981
3183
4899
1808
4175
4058
1167
527
3395
4357
4670
591
936
1200
2800
1030
4276
1669
252
604
2431
4971
3724
3270
835
4743
2460
3719
3831
1628
4296
535
4567
3643
3921
2782
3489
3670
1011
3425
894
2246
454
1357
1946
4108
2231
866
4090
2324
2843
238
2306
3638
1607
3451
97
879
1730
2305
188
4273
1022
1270
4926
2533
4262
3747
4545
4124
1418
699
4694
4457
2679
1235
233
4096
2709
2793
389
394
333
1336
3106
4578
1272
4724
3825
4775
2604
4878
1510
3759
3116
2004
1300
2617
711
4885
102
3696
1187
4420
888
1772
2666
471
1940
4748
3674
205
2108
2420
2628
4951
4403
3167
169
1265
1797
1954
95
1908
1733
4873
457
561
3557
1016
3997
3723
672
4568
2775
4330
1876
3324
1907
4672
1755
4095
4592
2401
352
1244
4664
4452
2518
4648
4859
528
820
696
2363
4581
4253
3603
4834
2873
1388
2988
3799
1875
357
3359
3104
3463
2605
4849
4518
2941
4190
2499
1258
1404
4585
2920
3283
1638
3595
2883
3041
669
3762
660
3614
115
4684
2729
2799
3070
2153
480
4879
3945
2241
3904
1544
