519536
450687
100238
639932
212888
333668
736353
238810
552306
664683
864689
328644
630966
243688
7029
37000
944801
548227
951980
168108
205957
10853
352575
421412
322682
443451
260162
816685
415218
328362
521369
816521
619370
989327
973687
44887
631933
82417
825794
804814
202067
681350
5843
491606
638902
513246
942361
659011
935621
111728
630684
70127
191809
721408
637919
965810
566084
2473
366816
229184
634770
727436
106361
698016
327496
215189
237224
529093
297713
386023
65132
609483
407608
808996
200966
511567
235639
644122
916255
432939
654638
832461
966344
87181
821199
778013
217371
705330
850101
410132
967873
591748
481717
132174
437710
779214
614861
358085
165254
971096
760378
735033
939651
874212
561765
398904
254126
79107
453565
237775
397290
564564
562400
740109
484945
216026
748082
108848
683670
345209
719824
675439
817674
164429
653727
761763
535162
327464
954430
941523
294773
276390
514266
225178
329131
646637
346463
222903
515312
959302
224076
303857
998304
334163
61471
454821
18077
946668
966640
791214
295604
92122
603802
521903
374110
295663
359955
235328
34210
993984
873309
416434
248600
821057
679189
875841
469960
902395
316905
451285
330928
267628
695271
82293
527268
461883
675952
280841
411088
398486
357899
857865
384857
863658
21334
139464
642658
799422
721815
679639
895979
441005
776880
375639
633107
843198
782449
683295
791230
490529
938504
486853
233169
321865
249363
810125
20570
206624
922966
137324
464077
111532
338824
127287
925993
565180
139208
598061
401274
491854
613549
136157
460983
311681
786746
476406
588747
523953
677744
437993
654065
500852
909566
102589
152248
295472
216340
946031
23782
384279
585237
780739
174585
947393
773931
734315
945992
306724
295796
115603
515273
302194
978778
878407
130732
702864
334336
9154
545892
885486
15768
211220
448581
893191
675089
468142
236680
94135
999918
241485
789420
21364
544818
831745
311223
808746
571127
299161
678683
621879
103519
373101
600371
797888
456033
446920
229676
980654
702917
174256
182529
313161
302635
736594
594078
130351
906180
29007
859942
321200
383396
916765
107728
960713
985200
479195
289004
272252
605490
731382
976964
143048
642571
684209
357469
61962
963912
143572
691229
615152
390669
939571
940102
156310
575405
944601
929568
491199
203292
176402
620725
564401
116988
618194
348790
135277
318099
152133
244795
40137
647390
541428
469928
344108
43710
891793
673835
435558
693329
79967
211553
357993
389468
89728
839320
240616
149092
810204
7535
1931
601564
384299
594970
902284
397624
414816
228866
859377
831456
836211
28937
919590
233024
565129
43179
674038
547836
373633
912384
998246
444929
430493
390942
955438
801079
19659
435867
942741
529810
353488
228976
400296
979848
522704
516089
19350
434013
223484
115096
75499
94809
710936
913338
620839
121051
450471
514993
823355
405576
422326
483713
978911
988060
75907
859318
589778
852704
556360
814450
274671
235900
600551
914373
332457
624676
219827
239669
573603
551342
175256
21725
814767
634948
594857
117617
435872
11765
557316
635679
250701
933542
734308
606225
388069
150437
967939
193103
52522
799006
8554
435330
595724
465062
50262
765011
131875
279669
400521
652722
819975
734065
861162
883059
96591
852581
195225
149842
833957
401424
913747
217367
489411
83546
658623
349013
678860
27489
466195
12428
998729
125362
957158
117294
138046
571348
617618
194815
569192
349886
291845
867413
969814
355496
650085
812287
943905
660222
583837
416258
35914
862641
225609
299582
681518
560936
718330
830128
465960
856981
265254
804305
482179
670306
979311
997019
257882
937225
148366
503467
511183
42563
219356
342977
28260
796440
853309
55269
353913
393813
510057
612901
276258
714652
106200
765369
793636
710613
277194
730311
887629
529666
424880
409793
55341
696369
342138
468268
82100
171850
861182
50876
838122
728200
288769
259420
662021
87109
830374
832073
449834
961901
972721
451614
756675
799509
908214
444138
158393
886756
479010
27517
509326
314287
408677
237122
633818
683875
597371
515718
716961
540891
393814
691159
335629
172626
309290
884807
577740
765106
588756
487952
620872
268555
145576
200657
672895
66399
161365
344951
730432
884570
397623
883383
772353
153183
807609
138807
507359
622205
982181
897804
15666
467840
195018
240670
910348
505764
798537
645288
152783
527781
324860
950300
196008
324785
914434
363491
932908
229183
194027
245698
537165
110457
492285
815896
663929
172245
908449
112836
566287
89410
433453
887715
260990
619709
167631
656503
551164
610434
65618
737763
223776
67936
811664
560466
687773
182757
964085
433784
530332
944633
327851
994481
876789
330567
528423
703877
317833
794198
110608
471629
92734
280246
728391
314351
21144
547861
42967
830788
941297
731505
859451
379867
258389
834728
891206
662487
667964
558507
927859
108723
27364
736849
772745
101478
874571
772232
130794
783329
803782
582566
704249
998582
865409
822557
918438
546962
371668
527693
6360
964651
103358
890612
676982
151669
4992
494272
297361
599373
468056
212037
923441
643961
209240
154954
513082
43015
106531
771070
638522
639121
912772
172616
784210
539682
410923
574780
275071
943283
741509
822633
54021
688782
662583
233807
669367
491028
525558
119214
903589
499034
773190
146745
347554
666861
364620
644266
57776
888822
548690
672879
43467
253945
614808
383938
754127
951
823377
146390
430790
241332
772289
212397
248210
796371
371952
988550
77235
698909
320907
306932
13558
820576
459096
919050
540539
98676
770196
167091
567137
190553
822636
862942
844944
856380
61652
452694
351906
911768
410374
13935
777263
702137
154586
978268
991155
977373
444798
451742
329310
131059
806483
928599
11321
370117
126373
832765
546288
567729
735812
987946
810880
611730
537731
115535
406013
989759
647501
510921
298112
779561
423647
712844
960557
908712
444709
119931
295389
943119
894581
587098
800940
30459
782370
192411
21664
462507
204734
825428
389236
931529
853808
692050
117377
237191
511405
874631
840584
314725
680086
87390
498398
559439
34350
722927
437300
283234
636471
447566
138242
388751
616744
588158
425296
833560
384652
115651
897313
650680
42041
559509
963068
773535
390636
433649
572312
401947
700542
83721
656803
665298
207813
371867
705327
431532
843914
429663
422266
195085
353698
69017
132888
960448
412331
181455
775167
215407
932901
532949
830767
470094
46954
820036
338364
8856
300939
384905
208569
937906
716617
299673
741955
256875
195693
82690
995879
144229
835780
713757
315121
787085
543035
105056
512466
896965
819090
699088
866604
706660
840768
611475
711230
816211
496228
182499
198311
497304
383907
447327
994584
489071
411682
323003
423771
762196
635297
515992
512122
214174
182834
714607
256973
490693
722070
381478
201828
323140
851635
604037
400461
304218
390003
549506
106178
402474
232123
340024
758770
667266
160198
549302
748522
375416
786462
308404
324192
990192
905399
681889
533916
208507
12072
123928
591235
161306
113286
898352
431298
217696
614495
654066
791187
948085
469456
36646
20719
236854
540804
766214
783696
826810
276681
402388
949026
394416
67408
679111
485766
851044
968513
753121
912897
753056
155769
685980
225351
353455
45921
47170
725472
902205
693420
936604
84469
279258
857388
995522
732538
793373
986258
520913
52215
773029
180800
647483
406388
687611
622221
619641
94272
87635
432596
404443
805790
302642
245433
260671
798733
445033
112826
899488
48499
851519
66733
869254
211173
329261
821596
666907
19093
587714
392505
522462
953753
252135
290047
590576
732180
93885
462568
888716
55747
195106
448645
627988
187238
990163
726845
609606
431432
156139
595236
79949
357101
861834
696823
678836
581080
490705
910002
427253
813238
964169
330382
701232
51178
168739
12826
262967
898230
600474
716085
694214
235138
41397
891686
890320
694669
335912
897752
130548
729965
47770
609845
194447
146564
769154
641693
107691
78337
419498
862851
851540
283792
417494
621796
815883
222944
96830
715365
71060
914190
117174
522057
306538
418547
806702
410380
732755
867143
68374
350302
896590
857520
833370
687295
424424
182443
845515
944755
467693
265877
799837
362531
123004
958999
995277
930320
699956
838636
605339
958260
352394
110801
962741
576247
864829
518856
107572
407179
746080
585416
27263
207204
676438
377668
735629
393111
610909
898198
712905
946574
470592
187784
844622
872294
720880
660479
235217
500069
425902
931781
303646
842587
390431
672561
288955
935892
372545
472245
309097
109110
955837
905988
603208
475198
743058
64350
237914
929105
570097
207481
131168
891202
987816
733454
789472
279903
258806
512765
281032
202936
161085
438749
865197
462125
433685
579876
20652
571955
304124
927152
701617
732643
131052
194480
448982
675902
81669
681585
619299
358977
349610
433289
656436
438113
874024
83354
703928
728292
313807
279683
918805
413980
744997
16681
58473
628672
173616
480477
700716
181544
48178
591402
218353
288229
503538
620286
825483
44922
902452
49587
662220
232635
199946
586360
140841
599553
432707
331040
649081
538568
373250
678215
373724
776933
605611
796701
886905
56294
128758
872208
629023
616776
347301
822746
82957
413519
345234
819748
219277
491974
748834
662357
463866
834707
35670
825852
749923
419958
847424
605014
636040
614366
608850
215420
994561
52584
298833
297900
801534
335029
618409
698738
193769
835430
607131
459314
63400
297207
472466
116821
562174
678325
132499
624398
485585
831773
95441
785608
239558
80787
222368
948590
577992
676923
415810
872022
698536
504440
419806
760267
793695
76095
577166
354741
914990
722775
718359
377127
975910
147887
190004
781445
369540
789851
862091
491728
287796
125549
575425
984592
168822
460012
719401
85149
494046
79604
328087
760009
303925
949033
170003
605677
240318
3161
377257
522255
942099
951534
747998
705773
926061
400716
580285
943528
669953
492813
62159
111888
339400
523030
494248
651976
52248
822678
140894
425046
575854
67611
18901
692297
655757
630928
747126
350535
629247
960407
720638
867442
616442
425599
143602
901943
414366
272866
748785
446515
696987
650654
140513
270145
578096
96238
949579
283556
768142
678692
707139
154126
120475
937285
259136
824523
57490
958593
874442
679181
488135
284877
760913
248404
389768
532959
224985
415738
335647
638533
930899
807512
208821
478243
543944
883737
594257
940679
737070
318489
37117
255339
828637
465785
424137
705990
608155
12674
77545
966863
701971
903539
160633
644687
974885
136232
520289
113185
319703
116713
169940
769097
554984
927693
988210
718767
560453
904201
82062
41655
779157
259930
607625
940797
360367
194762
313309
648882
317227
890017
178166
607566
396182
99884
335226
692465
296639
30755
961130
652378
153326
541625
485408
392834
134196
453
650168
127254
746334
865864
267020
88336
883523
432346
478999
604017
628925
823414
283835
993437
579828
110814
621021
413906
487062
180908
937710
119238
288675
736695
608133
225373
785380
672990
436584
587076
114491
882420
15530
976749
981526
658760
731566
395687
409533
535567
413257
303833
810827
373361
793734
866394
59962
280621
227843
280432
903703
30441
710904
687076
288148
921946
740056
247166
865468
186508
901647
989923
682241
760334
341292
969223
666161
816894
700697
257808
682567
900908
386309
161865
436510
538798
516898
783999
152897
635136
966858
329340
381725
704277
256125
564061
41112
765182
203653
324434
49530
680246
869754
877106
299081
986440
51426
521977
29044
710813
725680
925471
799973
158502
909677
984405
539833
319650
946676
139935
72972
823884
910615
794249
526509
210021
114720
154375
664689
271129
471025
465325
540067
307281
500109
42055
876249
20436
389871
556886
544610
91994
278744
949672
799387
894127
709863
302802
253409
798272
862240
40333
190176
958790
921487
859499
117450
156812
507589
165300
326180
93406
343745
487457
819194
4560
78251
541108
127091
860072
123065
665138
494527
574249
713140
214782
185964
364413
409045
162836
951320
997758
79433
234590
193793
316641
257620
327606
747896
598527
918545
783801
635636
639489
12888
686084
701891
608872
931512
758286
10012
61943
484771
709410
154127
114109
814057
919479
142109
717891
432605
12462
164708
949198
162516
425959
406707
306449
906571
496959
91644
910386
917416
540970
173607
232311
733145
667754
385859
987277
405209
269802
931351
898101
301265
383289
509015
748363
100443
51046
841394
143604
950689
593268
234056
62564
904036
30778
606649
476234
904793
351322
54169
113752
957805
769691
379519
906802
532714
574950
756157
603698
798002
577178
940585
455702
424231
175436
858138
428679
554157
905566
346863
656390
112007
675578
316105
66293
249246
899244
899992
915520
286688
639450
1363
234342
120261
750176
509825
328488
341037
861772
464437
99980
710822
254579
848983
454222
180489
258286
136348
498916
943427
683253
31767
227949
213553
117397
225577
505205
472293
99281
455316
180903
503174
684755
971118
370256
124436
448717
956785
379724
701384
976945
99439
796751
936729
703113
78947
456658
194843
265139
254242
465751
828354
482493
231856
103643
227973
865113
566126
807128
829662
498429
583857
2868
600621
986970
831599
80841
606780
9718
637011
318930
32094
179624
1264
306862
346096
515568
247505
347348
327873
638960
288302
764820
160718
950795
354684
948742
783206
663577
685841
465388
376132
32563
130137
287547
201026
4121
387270
248996
710127
224298
705582
727378
131717
428539
872414
763663
964475
218855
203786
823327
189688
459399
787470
213002
883507
155071
631328
918008
387817
172789
687573
244468
579321
42269
987980
212627
809823
681776
420987
622958
863371
517627
185620
552074
270173
689492
977875
710105
453440
505511
336935
184921
772320
608750
66554
487259
315913
598399
449119
871518
436958
12735
884503
903450
479474
200244
343232
195864
723270
965497
938587
886398
440416
38986
238840
228777
824964
691327
170432
815347
189905
236630
372703
680980
853371
945897
108364
18596
242977
726526
862134
99646
782475
802109
130061
63809
505665
639612
365034
703792
571210
77622
