101809
816692
7840
38528
716518
16329
142008
12712
105934
163401
223153
262010
834448
736660
706388
159462
32896
702696
391515
701273
954926
824073
89040
468280
395224
275659
518356
181945
597631
703868
707324
514333
647062
507632
581910
118030
634135
943529
646729
562577
212017
437539
494874
616487
760156
369786
346187
401606
291468
887033
86494
120303
760579
443136
963511
134188
319169
473873
851231
920552
598359
155383
825829
327850
490138
132563
14815
725999
543858
866500
530958
970532
791634
343026
973919
280509
241090
932344
778254
775093
96791
188012
301605
219938
141317
112587
637539
826868
236683
560838
636663
577610
403148
53539
698475
272240
663038
144530
52830
23033
437051
552845
812266
416054
181109
683946
949156
610128
151687
4800
20161
937159
146342
13108
420053
869767
779254
275359
623159
911908
636217
89437
977857
50995
221538
359861
771188
896324
593352
450144
253624
658687
561910
282488
622336
713882
755039
158654
273868
362804
142446
911368
414984
238481
279292
459589
263634
80755
153051
437422
93529
757713
974671
72843
988641
108918
821532
532447
943138
651065
680827
718258
517456
837781
608102
368185
357686
83620
12563
357731
194620
846397
873213
252738
763207
653990
439517
773269
555327
813944
183416
742446
8492
597326
818770
224644
258554
820905
88640
394263
378331
870436
533211
74876
916619
950670
412112
765380
764591
666601
627541
38029
11927
64126
137206
156388
85922
474715
554317
424149
714561
315243
15504
343186
437716
844912
403012
313276
242672
241183
346576
975440
590466
933271
505068
344369
342925
920640
637688
415118
772367
753853
498793
702063
478081
597325
879262
18978
633283
750545
468476
628859
397984
967465
827790
881716
510602
862380
176358
423016
569963
861329
267646
902650
413353
895859
454918
388025
533501
944290
94537
64633
859442
600724
708222
863264
902396
653881
384558
153725
274099
421036
331452
725458
866026
903301
671766
437618
913392
463371
685815
427397
730659
303111
501526
729449
730603
483699
743086
41779
196890
548882
967723
849875
406814
932121
333486
824213
861921
944779
314877
122692
891774
693858
39882
150121
884639
386345
195806
897393
296183
862631
471010
370796
653913
777205
172682
102962
470388
783793
291807
786976
518251
824779
258599
147968
195093
265340
817906
490247
717262
473303
379140
968823
746936
366328
842778
696869
328402
224344
483867
592725
608050
560131
625372
801345
650530
812704
819664
668409
654869
511727
978187
766820
312517
842898
558769
367204
674602
379202
910655
737368
869784
237538
135861
390459
399350
947504
798239
746793
305814
344216
872511
917634
613814
732771
621977
90855
7570
18252
903323
374689
617060
353203
842150
28642
10234
917355
708349
757027
904241
804846
848777
712428
416403
671088
881350
736690
485707
943440
133838
88602
562817
993003
884160
885148
229334
262539
179917
724291
484029
630269
405471
601744
925044
971329
132197
742270
11742
962650
926207
20449
187263
826372
353859
643496
70099
532549
177706
862593
65675
120092
220443
748251
866789
784854
731601
361735
831271
308608
921387
353912
218999
630071
692432
466537
810778
673179
319164
76382
794631
567778
447788
704066
101479
641608
545058
351215
978284
332900
680149
386829
728971
525334
737785
20433
210967
590557
782758
499303
505148
361413
946856
785066
121172
916989
450722
180304
779881
510151
205343
16803
614408
365576
379639
427626
109758
744959
386394
399206
278962
526291
940092
420472
434206
37700
969821
738080
57835
305796
14963
230496
940841
422431
102839
824767
252584
566741
953033
420905
562486
906760
1601
228339
860341
341008
94227
211325
15895
404972
566750
141681
522041
755092
278609
763623
814425
543402
291834
129259
115510
912910
11245
896150
880835
280400
847629
382040
79239
400512
330938
887256
375892
239586
532567
603826
102625
761726
423222
322527
164294
462099
365091
377395
926548
374700
250122
24191
443343
869002
820038
395734
734858
323264
495174
615917
863069
749726
744222
561884
363140
868229
825064
385217
462871
493722
828053
144131
278369
949462
227540
605748
739744
704825
79196
868112
19353
450846
143770
204450
51925
80746
703858
944326
61627
323806
244212
660233
353035
488972
420381
560044
241333
758887
845767
866632
458132
803955
973358
590795
372682
542875
380319
783008
523576
984225
661631
816237
528026
167472
591349
726134
476734
186701
64373
758175
103647
944492
705130
598158
719522
494111
770367
871535
560812
28841
658443
843217
546782
622513
764055
905966
49262
764754
643020
400968
717219
455951
729918
984942
655213
576292
245647
955998
918366
270967
673537
35268
873161
126125
889820
413857
83253
41050
721912
430791
400446
620688
846632
41024
418249
771544
70595
472270
96226
115263
307280
650318
91316
626055
202189
162998
639844
789631
401820
588157
702730
834477
148747
836058
509644
325415
973182
464356
460121
655745
48635
32856
267007
334688
818002
815289
561258
56749
621863
238098
272378
69542
958814
799255
783999
909774
561761
592234
765268
129413
467153
43257
770645
698674
19014
96452
477758
773276
785861
405948
6241
278872
878525
718919
641732
723485
767998
649248
772501
412915
465847
451996
132234
685002
810858
531911
522841
575911
74222
550381
556113
588601
112224
338868
448276
148490
757416
133542
680369
350225
329187
347405
746914
392676
666098
410167
488415
523018
457438
184410
620828
414382
234790
342480
604326
245680
192360
449923
365142
655126
568040
667620
422063
248800
917631
878612
233306
56441
554338
418598
261179
500553
315790
102652
87279
211560
376973
924237
242852
74028
578600
236681
994326
931875
283690
583187
195426
816284
252876
478957
345544
782880
938754
529330
39426
526654
185761
647100
861947
213316
285931
489957
224302
763594
248761
153899
839580
482024
783299
436205
763817
345159
484303
638290
733716
736021
986100
441801
784529
284242
593290
758506
256453
940872
445617
881724
179614
56279
633658
454416
71564
254446
608885
100490
325215
892822
879320
616127
352254
313640
226312
642298
249025
913951
440071
352985
217836
18312
903291
845141
75465
893206
309463
698271
786721
231250
215464
738149
275414
589807
963518
521011
447904
759867
668661
374135
647842
42994
882911
526493
351848
70317
620559
982617
596288
33080
657541
900675
649906
538625
725169
193435
835484
715499
896294
903342
178671
934850
957276
604626
368768
213833
85345
144843
652
884656
97566
844176
616523
159586
750274
36967
755951
292602
990669
952109
147897
138133
981755
735218
779512
690178
502795
992641
498144
66966
433898
102461
988675
634909
883969
409830
829038
649387
413464
708923
954403
163152
528165
951546
628718
272745
544117
997315
780710
262035
635318
85018
109122
538747
327007
284491
710933
609297
619964
170536
781095
958875
928537
272110
169842
755622
361226
848646
583606
638871
651670
672999
686201
490527
912894
941208
991775
26253
805357
23059
470305
47485
823741
994886
153709
485870
217507
427251
245274
202610
605433
374390
537350
394110
641319
83815
709199
937249
861677
717589
890026
678162
750350
3763
780387
631073
842652
636815
225713
307216
677789
692157
4661
160827
184855
55314
252559
807922
142013
214028
374365
800807
233270
919695
654161
863938
702470
416458
397678
22291
515291
180152
267679
639455
868598
170947
844468
871131
671604
744259
506554
783735
542073
455587
43573
210961
661624
619940
173052
184714
980576
541180
694002
148086
849382
589654
799836
976493
229739
420733
278500
263742
997835
122131
938281
837379
410178
353019
507713
394960
771770
935383
992012
870341
57461
709355
685558
232579
510867
948576
750600
761339
212545
519909
870828
83554
116990
700208
472891
900289
183307
615906
424580
177128
564591
855113
425884
469507
162596
855935
17245
576324
364897
976943
771389
339776
712837
351480
12171
398806
999133
188906
347207
465225
229394
733037
871967
9263
824754
983104
95362
455811
822937
375199
943395
163669
840379
426302
214796
951073
444625
806899
565916
189244
131294
705136
828639
493354
14429
114861
377864
539405
594953
933540
984141
761272
977864
252150
953951
82914
244661
832619
924805
956726
156361
574295
180052
162759
852965
858264
436173
205857
873278
897659
832147
919995
363237
914558
498823
559432
19314
65008
154498
428396
373517
479797
210670
430284
126168
673318
414401
164478
585276
108693
363288
313632
833295
661165
696876
755460
273695
347832
226995
302217
688286
984571
88021
732869
444393
772604
421385
872478
472886
579300
705036
909944
917722
566719
712318
916296
593205
684255
782873
454791
798523
598049
150478
207555
769055
307271
483902
584719
319774
460356
85009
45275
146981
287255
133815
766110
292063
468431
601273
574575
906591
621932
393659
859060
366247
331174
557072
213553
117203
748167
159994
51586
194405
933619
19133
173156
279214
447368
364126
324717
543637
381216
928765
914268
960327
829555
735372
369035
125435
969114
352427
999425
823264
49454
308706
915172
88806
806607
213818
256971
121958
351745
479416
33970
311151
492080
685623
235335
74670
31508
276833
614113
153145
482799
539145
472400
832056
544499
953320
767439
327472
559426
963571
931606
195565
146573
440277
501452
893964
608157
274126
754138
269667
853488
532520
980699
560589
44027
237457
357423
989781
551183
592154
211375
186174
595926
385867
89146
522604
654268
877024
321134
920243
939754
180965
777267
248251
225261
701481
747825
864140
95029
299106
298786
631484
896186
236061
565953
227058
735097
437599
89953
381590
343069
369118
408347
895895
498616
188309
233184
565208
681456
348488
442477
813752
525879
348052
28316
455420
872370
789873
634326
853980
268283
16776
664166
126439
288898
277035
105257
659795
721614
974837
900194
98597
634209
226688
567786
277881
723770
377660
397892
925039
735348
607346
139726
635506
437708
460182
990868
337958
907712
957954
489087
968749
662226
611797
992363
127126
231084
582247
113494
335204
817053
467431
734963
87926
815745
478420
304671
938712
937023
358804
793707
859557
815021
213236
123287
268182
206222
876221
552480
959596
376187
623855
772081
222454
3935
783965
163509
751999
810011
485221
845772
145304
727627
543625
362331
121085
137952
592687
20414
106407
215276
673521
25881
238254
649085
699938
634892
968024
973152
945246
82820
706818
799431
342029
213486
855849
768261
964468
995527
906197
774901
783223
915792
556068
265979
126383
299421
707183
953954
687588
884619
367899
477157
381671
571793
547262
839689
794319
290608
773099
88743
675662
791364
349148
363400
163183
205117
23483
50025
300910
270951
845453
264221
73395
249892
377467
670354
860397
584508
608383
352043
96711
235147
711847
134285
409098
407192
255241
59510
399759
646790
492292
718599
901151
382052
317870
45346
772457
30111
369567
331694
349151
881687
233817
260663
913581
216718
83283
934579
645206
716989
961056
16543
257005
974785
651329
476232
597166
137651
544004
683814
726135
296213
304278
201443
619878
132263
748780
578617
213072
927450
521930
117304
886746
997084
77295
450215
647800
92562
160861
178115
277888
794468
515528
477283
249258
804465
749979
374395
202662
475171
335009
828351
569818
170782
649814
997727
601591
170642
808779
775089
642935
412976
729520
880109
531317
219130
20481
743505
350760
735026
977936
575973
463485
883124
95979
293273
758801
2144
195305
588746
648392
187311
66134
404067
387405
407143
217656
938208
749734
728297
721086
848942
807538
984296
65156
392815
578626
793652
846149
397465
142674
977908
646686
361406
607971
101555
113531
435686
8950
38225
291808
877144
142374
940505
411478
28600
806883
869811
60272
965258
796871
621552
139705
967252
62166
500419
837243
953314
383959
423119
141614
701155
721225
299803
52028
290353
626116
937891
685037
572334
729134
703944
935860
354697
194902
968743
169685
569056
128752
786246
934001
239552
755117
740779
673456
867335
561334
108807
984969
829483
224838
939216
37233
614739
427362
246636
779037
760419
630005
796745
517622
322517
63052
625353
526745
41219
775274
767259
644359
345345
264585
490405
252656
739494
569070
156317
177495
668204
481191
199991
133409
279341
92580
675128
373312
201549
684848
611562
655543
358903
403530
164968
719049
707711
544228
741209
506626
691431
562615
578873
643937
128317
436609
827283
716512
160610
105500
230475
488738
297829
441852
876887
181176
724877
416133
246670
873744
980598
267975
787033
357371
614418
953751
138054
988314
343697
946187
166459
689508
231515
287313
839943
39061
282106
543660
633236
169206
405781
443661
575545
52678
598167
60810
164268
129730
435823
329213
405
68182
392304
459388
5053
916192
530392
782832
565349
666653
410285
749076
117747
637362
674627
617484
66119
357657
86811
804511
877292
966502
310054
338835
207211
706677
947879
477348
536697
314418
916150
771616
772496
449861
831840
192674
684187
904472
2028
720489
941450
652422
493304
513620
577350
537825
962882
685116
50558
486560
852548
322286
878240
703780
923574
568259
223844
936421
209975
171550
735682
458941
316870
199234
412676
251153
795690
961165
82997
653848
15154
477013
498169
790857
458903
289758
117238
580005
288317
157237
534640
927198
83032
187884
248115
873635
127212
417585
164841
994505
99052
237965
937995
549783
67908
611895
684340
454766
79474
613394
772818
372627
950543
756810
559029
480539
847276
899910
396170
151986
536535
881354
256545
608775
44989
406381
813353
947608
289961
82417
862142
270165
971563
953860
664153
697587
470868
157202
282598
37136
572637
685829
704371
943870
29863
641562
512580
918255
298717
969505
431363
216315
980405
624977
439636
255504
321686
747973
778695
904374
160916
243095
487143
939389
872150
253080
619823
622278
59929
568553
777500
800300
522637
465657
642782
720717
703581
468507
695400
847992
466380
635906
412391
507189
645499
971164
109647
442155
739591
134473
934160
985842
803023
456439
541735
251702
166547
10844
211986
674180
374583
728206
707932
17716
108583
878274
810902
806067
115094
560095
214054
628204
477727
4606
806009
291155
572748
660993
949780
974734
893620
368589
555720
710400
506686
786149
659204
777202
365124
815908
965316
191456
114964
966423
84327
668574
288144
137525
802911
460325
637621
285243
225794
770495
849976
414632
683069
531274
622028
641106
853799
122988
431041
751588
381747
368787
418118
733813
251136
224871
983951
390149
195083
66511
29137
583766
107460
936989
19306
769701
189886
928087
872862
684547
838079
182115
503293
804053
42039
163854
172960
107236
115150
210745
999377
239970
701398
875232
827402
892218
480544
90312
210966
547562
812229
830165
109472
616182
397797
271771
818534
461045
974653
336887
328971
205218
592461
195280
15512
550828
582418
366635
220107
797707
861865
403914
974171
649588
101211
204015
513738
564647
554633
511551
855008
829670
869877
877825
135817
882048
820074
929541
554765
591563
194314
26017
611687
890991
454450
53207
103749
285215
946827
309971
817308
258915
832944
978255
182756
450385
564471
695833
572087
18331
147358
71917
369986
575297
416852
661180
52069
231015
755361
450446
719533
527809
224690
153603
535019
428394
644357
527541
164913
787477
117869
820985
764840
338202
305411
164485
622161
30514
18921
571819
968086
31038
176828
632835
124300
31681
317973
274727
321736
266735
325372
835096
821403
717405
602027
381247
250667
530903
152890
24973
102447
736080
900651
522243
370054
566964
927892
273678
359221
32218
46949
644554
130683
464213
342869
324711
4883
431530
576622
146345
561286
117147
81841
516297
65322
73058
457127
90105
127739
697081
574725
799237
365715
353814
913467
606037
917897
305461
219865
423311
23844
581773
421790
407513
663867
465828
215071
213116
48938
5310
92945
660708
842034
700913
196659
8835
237102
562964
564826
212054
90414
303190
491162
586816
337778
361578
314510
365970
686789
705056
274629
269484
437171
588175
54089
864765
650472
509231
893325
362021
664038
861059
274738
132604
597282
500787
305910
414316
187132
587831
554234
617273
483418
154544
233006
663969
950624
866833
88667
400287
702285
146426
725452
785225
775285
313829
192154
559065
223894
278009
886803
254664
979290
735164
955398
159382
334377
454950
938926
686375
302311
147984
54265
479943
690769
943115
634675
387022
564015
699597
224852
163359
937655
52167
625506
931722
344594
591940
96145
443867
877063
404133
84936
781978
865389
295361
290582
82842
740813
346511
299992
708036
698978
967243
814820
831400
294701
874207
350186
620854
68645
486125
123511
186837
77258
140028
375635
468771
413594
686012
194443
407434
406045
731191
406409
167035
414747
278039
593055
869450
225838
848782
230242
778534
215538
194149
377459
142643
238680
631525
379481
402630
861466
972252
752650
933372
739337
923340
968521
52983
173442
9654
420328
213047
342655
438334
299055
608465
501257
901819
533269
641934
843531
902301
753387
860898
172930
455227
349784
407878
522065
169081
758655
790325
100913
954898
154941
957120
943174
987976
403150
194063
207756
658661
612303
578101
837360
838764
762782
423470
164091
868449
304157
735992
54697
13874
8342
85451
89496
627649
323896
784629
607772
181711
323904
412822
143727
727302
43635
322486
461318
291363
664647
500670
572863
586046
474338
309594
203509
243639
112314
593128
99126
902079
338331
111069
331980
79296
27655
513717
404856
662186
5815
382484
935421
699675
45312
382526
584792
20906
324241
104432
178125
134737
495001
492313
578780
865012
309125
9976
416979
853842
180647
844947
167357
728199
429362
292945
147896
183227
398050
118005
115492
886123
831928
437687
317303
179154
287779
516608
707054
272947
509498
626818
871710
475846
266854
577331
518633
339901
985885
603428
909323
62961
523849
255490
803540
552430
424967
986983
502512
373079
488586
614942
131554
81400
821728
721202
113231
711335
911501
432881
284343
428309
806099
889474
406462
439414
452435
148192
251816
694347
982669
580978
592484
364232
852676
114889
164991
715559
528253
496309
536377
377673
792037
901700
391029
432644
179730
928984
122313
320845
986530
843876
478902
239491
451456
827715
169137
708694
207429
52277
637472
874706
728634
630
340512
701388
530940
246013
566147
881127
752633
228878
552279
169091
154006
575100
211489
505156
329907
952895
188201
415482
477702
78381
411951
486386
336676
989529
111739
761944
426078
369285
887122
94215
439048
853508
866373
776303
300693
3761
849507
464674
952094
460421
671310
83771
442305
987993
882859
838059
52134
3001
906803
423393
478237
382945
25191
726870
265123
45207
103392
826482
100548
793060
767620
479838
348378
86896
212372
996775
525107
408889
395171
399307
456081
898864
995874
368548
358794
388528
79510
116462
600208
224988
825450
450743
413707
934483
484512
418146
980834
485715
594659
292119
864089
803687
141497
914315
338005
509646
864596
348391
756282
445610
615815
339160
828789
275681
308886
122418
724181
14932
898918
148097
470932
70842
999251
192238
761972
600152
325601
699723
963333
866079
917898
809467
740355
862242
972085
102657
27420
838130
997320
710307
657230
264792
90260
133754
716719
320494
181807
695961
487046
822234
752351
196952
573015
779112
104306
378492
390653
891971
403371
449028
959599
237520
736535
298579
462053
977575
84285
121269
260051
173615
628851
840399
895956
779861
666125
158504
271586
311657
364145
551886
173122
811669
947526
121382
145149
961274
6219
861780
214344
799529
772612
933250
184325
928378
130382
256913
355490
713997
873748
838682
536223
103835
685338
189856
910062
168311
782839
79636
308659
428327
901919
583235
509739
763097
57886
123936
910376
363076
238305
467562
567482
686620
568687
380985
740970
710001
829877
297771
369312
152741
869822
818917
291684
170568
779777
354440
479937
602386
83860
279026
909638
743932
570303
310958
523238
668219
983851
18233
692223
862810
506
222770
962359
33267
237680
117405
940035
795081
151758
667923
414402
163525
246911
63754
188677
510475
448044
486013
786930
532537
412778
458744
760958
53820
584275
637250
360599
632206
833394
107558
899280
133400
964320
850212
437887
250251
488417
641907
573782
567326
446655
331627
375169
509724
721276
317991
960057
616478
660850
796451
167360
582268
127512
969343
664443
525344
863795
2274
796263
10934
515099
279163
332921
31167
422504
29091
719574
328453
28218
431519
862188
357673
109538
105345
711019
290456
182385
184621
686692
75548
855386
93369
891836
494223
979462
194542
696588
742506
396597
764652
506585
543803
576844
582505
638507
464245
37439
440346
476748
378273
285019
562858
757727
548659
969840
704743
656154
803511
45466
349692
734753
86954
846060
42329
78272
901925
89400
579439
833797
674932
617596
595607
726264
617030
751532
3794
531000
537148
799447
513771
680500
196772
955577
22713
72322
416511
788446
785409
285599
895806
599854
241528
392132
480460
618457
884005
737441
334085
869535
160869
486713
394180
991932
872264
791705
574617
175023
983193
53814
425178
338854
515836
175266
721424
194248
462383
372523
142354
908574
855218
795408
721904
112031
590275
144801
47686
347734
123587
947954
366576
169778
496052
17083
551772
792938
664804
542799
769402
535499
277731
903991
697233
7007
479279
697835
86763
583676
248625
499244
168177
977254
849504
409217
80145
81570
646148
98955
327515
790232
535061
354759
121451
296099
802434
214176
801025
611833
829517
601391
141037
756594
31763
801552
31973
755767
4970
999906
837689
25288
284451
890714
152669
191593
850414
754948
275493
463338
439453
540248
557648
344466
196097
282357
342587
270567
280432
27069
500342
550557
371688
605260
93492
1369
596622
193877
3740
459168
292303
227355
302908
127904
112680
737866
177565
262619
888512
133360
708785
597804
791538
797083
246697
327096
851305
949839
822499
656626
433253
516644
563713
970378
154074
623098
453525
804339
201015
873434
196408
98959
427396
50219
641402
483450
658532
910222
939379
674992
182906
773078
541752
336540
432936
469927
330666
598142
691635
366058
216488
527927
184066
318186
239844
185268
522373
492302
473939
236917
17779
414195
419710
294201
383467
598437
598070
538888
320380
361403
322468
311452
783744
912076
990334
326765
872419
284817
851862
433880
978498
228505
44429
838891
375790
167075
103908
547535
47375
205235
102803
721637
717620
220786
727441
958890
514164
322559
117780
657957
375732
954900
718646
931046
759176
942036
373254
280174
320306
552762
665785
18672
596246
265858
584586
255203
781701
27280
380314
431670
42871
134080
254002
599345
661720
45771
263908
117289
367033
348498
834831
53215
670631
377226
606912
313207
522649
855621
131318
297680
81218
68889
735806
199236
155847
704687
348669
68733
82635
700458
577740
979698
544805
348081
464317
714365
130675
945883
595964
40155
613704
629878
57297
782591
677312
632820
97794
106963
194229
743667
593110
257420
914058
951335
598516
91368
932516
271655
710825
350919
734329
247120
186760
535523
39104
241434
409387
973870
615240
832117
59928
492039
710949
99359
335872
707672
293125
709893
489121
698639
78880
859987
942922
540854
506830
58202
721022
624945
925234
58909
594482
219220
624148
260152
668977
243614
371021
693934
209120
587990
943963
789326
413403
58241
275668
203968
145085
763517
134520
451889
490111
218878
911903
929945
311672
452386
743697
643813
385794
546866
527156
327814
173373
21943
511520
629590
650221
4791
54607
840418
298623
476299
424688
867096
271401
96030
470810
547150
550126
885572
334174
385772
779009
644660
297141
530424
154881
43492
416920
760764
966563
985919
448559
456854
911214
480006
410721
351900
25311
822784
498378
521641
916588
9887
196362
809609
921638
116337
547962
97789
603895
27199
166906
238635
221259
469574
933542
919717
156108
178959
170343
429460
12805
445349
294721
594984
921043
346330
636863
823210
557263
635522
121401
957324
219303
101551
260372
48245
749199
66425
217472
451963
205891
148114
459296
169921
298631
306487
640916
528442
416633
867202
506271
302860
189776
398748
882426
619983
798643
713745
701044
476276
825144
209916
695236
575427
334071
50401
85549
647868
100171
367065
320140
782239
385381
379240
813761
753672
815116
232874
706040
292402
31157
771244
770131
738332
191930
200536
933430
817544
402042
757640
793454
817184
406478
819515
936318
637748
271715
356261
368392
239710
723193
657248
382677
819015
993975
78337
51073
50818
671976
674758
553670
337429
531094
570411
936675
141721
341633
342299
813608
821943
236476
295747
293345
61714
249573
713667
236701
797187
491071
13694
620377
751615
402670
317841
506126
276182
56782
743200
192084
669140
435120
635660
521905
590602
123825
697473
210947
444391
83769
957419
181125
208895
208461
854920
138305
904750
947986
380505
781970
159062
762399
464498
401813
347267
650109
337649
942316
756720
898750
368779
274158
407971
222326
710978
643887
936243
935451
624050
767655
745066
97781
632459
158849
75141
899969
536153
873538
634840
947560
855551
224916
438478
850839
273411
289967
347662
526331
551682
974883
242170
363482
493380
751491
293393
524881
622954
442289
660980
367782
804420
384451
758662
306761
991423
232079
807852
647532
30268
867929
460084
996411
205947
810837
128529
502202
389942
871130
930180
949307
490506
560038
930263
315448
717392
482184
499460
306578
671371
46382
747826
857511
174457
388299
684703
857546
49420
64356
975001
775650
173235
831160
721766
521184
415761
663626
355715
989278
738127
400332
281673
621905
837197
76458
678892
912683
50803
658352
904158
991120
423526
308056
662993
452338
784023
271220
949721
846347
568117
103988
725679
53366
488642
915861
868370
213547
832451
458087
33607
862357
359697
34040
202114
863506
240653
867618
830941
810054
798641
486510
400581
86620
901697
756772
508084
396827
919072
749937
820184
662560
468030
625011
507603
370558
753455
22691
866396
444846
563479
769375
899970
776629
532354
828627
809425
381649
703824
507715
580045
100319
628045
261944
261083
953228
558943
69829
115967
378613
37080
847733
405760
881886
726252
460756
65640
637388
681724
919382
240744
21824
434064
357735
204952
556496
761572
148303
694875
660131
132057
310977
815329
734792
755020
127938
969222
756915
203332
734385
512023
653526
995973
354807
598517
261273
559937
851723
321717
984430
850146
231770
188722
829683
32242
831787
304059
878332
936930
114244
738075
201645
982800
925308
550998
443634
843454
424808
180838
743221
970073
966240
249297
129065
605160
820700
479395
866308
338894
615351
275085
161737
57147
967446
421402
197827
580661
133986
809930
944973
13759
211312
990989
708622
579683
597122
878045
879619
170273
165799
126648
266485
196212
665405
244409
744329
370365
741143
299090
981110
254991
853241
745705
540561
825046
203136
147724
885444
696548
590559
328337
783325
938714
695364
499022
884930
709103
607640
330737
519939
235872
28710
402302
137032
661492
139667
445668
338857
553515
800267
540730
275356
842946
991805
581915
208073
790438
723644
580058
86586
390707
243142
916196
860014
130535
649122
737329
547661
292903
60834
919782
333109
97518
244104
170891
778098
912590
858245
722660
303053
745316
252764
993902
135931
5021
396070
138999
92406
454238
731118
23130
707498
112469
951164
940247
695941
521754
659887
402699
764721
832257
166083
645072
286558
765758
454259
435
505528
130933
866936
224590
823672
384158
404399
107330
522839
581010
108248
925523
422940
377204
862523
875744
374614
708158
945253
148157
665638
433831
695568
660399
484404
72622
946400
241539
600834
847366
296714
772811
564189
890142
856399
286710
727535
745612
915558
649803
655602
740757
481336
985730
886847
512987
709317
460671
196485
540324
584228
136620
418901
956419
820263
912817
34201
202981
454877
859027
956517
680378
779184
513766
214373
461501
10607
153712
73142
699426
429735
116636
178194
69276
544682
825240
648867
355144
548465
744651
766712
574969
606557
540022
77845
128544
458521
537382
518116
36824
437404
640019
500682
252108
769419
114777
537685
311174
965947
941776
232017
230548
556180
623498
969466
53593
268497
850792
67339
672621
26595
173977
502581
629554
938230
877745
539883
42164
760779
80866
279450
47548
85380
387993
936886
863986
243710
106807
678448
178156
66840
417578
168900
80471
759251
29416
464814
942080
240210
640712
273468
961088
957376
531004
610239
458178
446032
540271
203291
296690
870303
37431
713022
614532
620215
944311
832941
612062
199405
162388
826
474787
568490
499602
80850
414237
216390
63498
459827
423750
174352
311178
446842
64500
719210
389897
901914
30238
476177
401221
602473
408591
258619
17659
495700
960101
451481
975874
12211
392326
875132
296773
550647
686241
783316
576411
13184
411548
902931
713541
719500
130975
670767
229571
921481
159676
184391
560595
239691
842490
658461
600903
662040
924797
576898
534018
813537
813523
814031
471311
646348
394653
955151
699293
400236
543512
592762
998171
154450
948935
227292
69292
840509
60287
35285
241863
602604
649487
797625
164719
413076
679305
430359
955785
729774
720113
477719
562847
974504
347650
364285
811440
464251
154263
244938
231089
428764
293501
484545
548644
977420
722386
474759
878548
369994
816601
283299
894250
534057
935390
636966
666991
61372
922688
571940
539487
712045
253152
567264
853606
534189
744485
739142
835706
178821
902505
298193
200212
371147
160835
308109
894220
935217
428337
638134
205072
471736
612002
9600
521664
907266
941982
591408
87658
448068
506707
264487
373341
118938
202493
197055
530988
159924
647856
237582
130049
997230
599045
449672
155931
335166
4895
784449
111525
192774
868761
638735
217588
70858
316878
833550
330525
220859
95748
684413
105009
508978
323573
127237
837527
597368
28668
902490
797124
269506
146905
686906
696281
316282
426913
348499
25816
168888
521413
505217
741124
978831
696380
999669
498837
127684
651152
834417
544597
849114
350575
887962
588873
143323
555810
610016
890253
203793
295380
541122
728474
581266
144238
522773
599404
517999
930006
337442
649149
770088
300658
756285
522320
18576
294988
583814
422827
846109
209230
799804
695649
141646
890924
818745
935501
599609
195360
842446
349083
661360
505169
48699
740224
655055
815373
824075
340618
43301
338997
102986
102097
697725
580472
221348
609293
92360
600183
567132
955073
158888
502536
216613
837718
118491
397719
880225
12930
270850
362598
510963
774439
331917
623220
586435
121720
594566
129020
279950
759190
291540
919270
361145
987384
559862
799757
207881
74264
202204
874154
883213
112294
444228
270438
321146
524957
374227
64166
892397
729387
766038
291429
457077
735389
630371
53420
928647
131113
642846
41457
581268
55575
388184
312458
640632
419404
942161
951692
99337
408926
970436
498896
816203
359270
208785
782356
292937
373062
280605
109649
620584
815380
158646
318024
822803
360257
89293
47920
756524
72216
540233
552202
695418
414755
69257
197842
9390
937580
497717
871441
998800
970977
947519
776144
850763
250897
429948
286439
195281
715027
418969
632499
808044
588869
673467
929125
358307
494962
184247
884919
123909
150733
646571
970426
533397
529178
459959
8844
239825
353004
322971
623653
120161
635721
530671
984592
231193
455721
179513
90422
398315
710173
393966
65941
581484
160845
346760
214352
1537
47386
245440
691041
139302
195234
728809
599210
180634
468577
480681
134568
454187
887092
512788
616392
914521
928058
799462
395732
130602
390547
502749
459078
566666
639242
212401
196413
832604
652687
625841
220877
930273
908637
263484
567729
427523
888122
996120
920092
949311
158749
405682
682477
508206
110889
596146
213824
175406
932568
428410
987488
939121
420147
285884
53083
203746
139197
737333
740911
875375
676656
637642
316192
745207
234975
788157
856107
874450
731450
95436
894996
638839
278512
358886
360348
420110
555631
704203
705359
236371
884231
189503
274489
179171
849452
69610
755256
806183
701978
276943
755373
103514
954067
5287
971340
784184
194116
85977
843347
412677
914565
220697
586392
105014
357247
260890
207419
310720
584169
418417
937018
275708
662379
876680
71266
855156
520355
631355
585507
806277
485202
509565
4944
908125
225180
773975
333014
773104
106980
567214
177936
689984
861779
573546
804913
114735
213410
950348
989688
787835
370233
821508
963485
224040
73961
61024
979415
500219
627203
733726
640584
129826
54547
308642
849927
300273
960892
223747
180359
560007
133361
453695
679976
646479
582093
37519
412186
79458
324624
889366
668074
683274
210231
141811
232363
358754
312823
617461
114370
858649
617045
870702
191949
714837
753061
912032
187120
939315
603229
143060
101886
652589
237332
921994
344193
170261
952221
413323
538919
285694
488314
572762
800713
483770
747071
684425
37912
382781
491461
497575
221734
85024
600327
773207
837647
828418
671900
349948
242242
368649
877905
935568
172143
828230
355426
437076
231247
58102
414101
292578
527883
249061
473076
903454
734794
654190
906853
862347
46490
703837
395879
271161
749946
143349
516779
776156
805569
906957
882637
239097
444783
757077
203053
910969
522063
102454
270127
947808
963909
514775
464779
893335
736890
151677
128849
1189
775648
925962
993085
922428
992484
259814
770290
621296
257584
37051
192343
891779
721946
999258
788491
274011
857324
636923
610694
424853
891472
417889
175245
805362
380952
237020
705297
231343
508008
174952
838117
693043
254977
259187
119898
256930
315946
860732
489338
995983
209596
592855
184669
821262
398027
260941
918186
923238
831020
329376
385326
764709
659944
656428
83218
132622
529084
816424
111036
472942
79817
558348
535365
497933
852766
781133
560338
397567
18656
921028
57617
418202
760468
754604
171922
149762
528841
241930
380991
366559
498277
798887
201082
138416
189002
428985
430610
608441
636644
359648
814369
825880
151825
871180
36612
370230
503406
893883
653432
884824
898683
611424
883981
261589
324650
63455
822922
884834
398665
414517
182622
316937
909832
227509
237630
957945
995497
57645
460127
604790
72517
296743
494290
291633
555445
526731
355447
551858
71843
685410
273503
983281
323501
753973
432194
282629
937714
680724
465305
759988
14909
108978
882202
919977
754316
403822
918542
323651
47036
400812
735440
967689
352210
504930
860132
308476
348200
796847
492657
405509
515826
411685
309212
788558
512428
398311
440707
422253
117346
80750
914899
299898
601563
755174
979271
472705
525987
897205
373693
254739
594228
452507
596022
954807
998336
555060
225898
321470
79902
395867
81542
585268
498062
118697
57668
82162
906666
912155
626340
445713
933292
286417
619468
683449
651862
400883
190905
416087
693186
46702
589537
87597
124998
72092
613991
398595
931907
338946
596922
243195
678283
852466
957771
155650
255532
564433
275433
577955
303389
302067
686010
999029
511748
807394
349208
368437
373218
150590
426181
48750
609308
669822
21773
71252
150055
651668
507319
58801
365198
270319
461607
808695
761315
901786
715731
949939
82240
117250
210016
47331
822713
179285
782360
242078
297760
990213
750666
546801
527859
848299
618047
481739
162854
233097
26708
294222
332425
913896
604089
36997
160023
284896
62788
370229
601690
378038
640371
909644
69117
85023
641085
