989219
851937
810975
860750
133019
559793
784825
464465
722770
590526
748792
297805
439398
389005
23859
655725
41970
892735
202983
752731
580268
472964
783471
557647
749678
378621
856466
642617
690578
870258
711798
35463
62326
154989
794803
709139
140511
222001
128131
740333
719225
212698
935957
117696
576444
556562
325696
887203
971435
795757
968469
90494
408310
891618
770829
226647
753664
568871
471521
354616
509947
918440
729081
101055
616686
44067
720828
466370
958104
252899
929094
275804
967535
375062
16056
817817
700417
555469
878312
541114
470588
605329
904249
552805
362505
267292
219334
63852
319698
192507
118200
227576
650596
564222
96439
800337
102192
541144
517757
139405
78572
330266
428870
676948
439319
741319
664164
299404
320729
575187
328047
917029
329032
806781
697113
526210
814855
885254
440031
805634
154761
424012
194971
726123
674035
815688
800694
260595
508320
728416
406908
344938
732094
517034
101960
550855
135957
44735
382942
774669
496936
812215
429079
18009
100852
507782
348919
542859
890709
995122
756314
244751
800904
250736
35341
551239
662731
471259
743802
256278
93729
458000
413371
433164
883186
150824
183247
955177
958798
446355
969066
695824
467026
410253
30246
192010
386083
538432
158104
142579
224536
218614
284862
704325
664052
440953
29652
621694
566800
248458
77381
156273
818583
281338
155199
520167
115371
914471
465311
557487
946470
584534
209483
966217
82555
791338
931103
627691
496506
936319
431871
449070
539762
976486
315596
59864
182704
590525
913010
626758
908326
76457
564829
661878
901288
569075
881355
14127
374351
796668
402173
180877
712320
665182
680135
109997
570439
603425
865415
348337
691612
329431
703602
110832
376264
127445
411146
920317
747553
179278
26604
22802
741745
810573
458117
364762
12533
817934
369445
501080
468097
651834
836139
412215
314369
694270
970720
691182
552538
477191
157664
256399
249838
507804
230003
570669
929343
273431
425467
520680
113835
640577
810565
182935
749845
790409
565697
742800
430244
762529
490447
157206
458149
428086
96495
374624
809036
529034
815707
854786
679320
46447
572401
28987
789844
991137
91591
85466
748921
858625
372771
322701
793521
506026
721155
794311
981366
401714
638870
877773
60761
510655
698638
586078
807839
765507
819405
850045
106566
875221
814908
921116
750245
130605
385659
63975
198129
301500
958450
689001
33884
771302
764678
98207
227671
399837
961256
539288
175160
736603
145479
192709
191991
130683
606757
567971
938067
295221
394375
533313
190098
4917
27590
200240
931877
729814
34755
440583
2921
650240
524728
323280
106762
739418
666857
400403
4034
853614
602489
573308
824064
904665
329368
329323
276323
746091
68122
266841
540005
923233
393571
414306
87381
132988
541695
375987
331900
247549
153678
734352
158177
395392
543004
429250
228841
843506
772943
34140
952918
807281
873465
155817
210864
475135
460942
77812
510913
402209
794927
382068
779001
102490
496869
997265
591666
997759
596457
44695
736270
846007
506975
395638
470077
429649
76451
771443
915739
757890
263356
750639
575734
381369
68590
176018
314797
988193
569708
512148
669747
701747
999849
757864
222707
416756
334351
197253
898766
936786
265
921618
800384
257879
923707
80621
851872
757064
383569
591192
658822
625565
517877
588352
97095
564380
8538
766252
108379
630036
400630
530558
445664
565363
606540
421097
209463
792964
20775
753648
862476
715913
200035
587606
207156
632817
646244
29480
123119
65719
438954
542819
