999225
998789
998771
998172
996906
996061
995723
994661
992231
991915
991000
990188
989002
986363
985992
985843
985463
984620
980644
978328
976490
974232
973631
973454
972783
972586
972301
969860
969364
967761
966621
964247
963820
963202
961548
959395
959279
958803
958773
958479
958432
956952
955245
954565
952810
952258
951997
951948
951874
950836
950352
949692
948158
947492
946626
945814
944608
943559
941703
941677
941196
941182
940686
940444
940013
939836
939492
939270
937785
936686
935227
935030
934630
933730
933041
930670
930044
929939
926623
923037
912990
912039
911337
911292
910050
907254
904680
904234
904189
904054
903839
903492
903432
901338
899181
898995
897870
894160
893689
893389
893297
892260
891525
890494
889007
888126
888097
887242
886978
886558
884254
882891
882238
882060
881424
880897
880747
880202
879882
879590
877966
877763
877459
877193
876847
876437
875858
875513
875503
873956
873431
872991
870975
869800
865622
863353
862933
862769
860366
858006
857288
856285
855362
855287
854557
852182
852168
852002
851395
850648
848959
848522
846589
846585
846503
844857
844499
843394
843337
843162
838960
838408
838362
837842
837829
837720
836880
836779
836623
835966
835928
835159
833889
830631
830418
828750
828572
827305
826929
826809
826699
825526
824353
824081
824066
823215
821953
820712
820375
820203
817990
817974
817496
815465
814775
813438
811447
809388
805719
805589
803595
803260
801807
801675
801183
800864
798283
798021
797206
797091
796895
796740
796138
792741
790928
789513
788133
787050
787042
786707
784376
783717
783669
783456
781899
780416
780306
778033
775118
774053
773814
771680
770639
770245
769002
768941
768853
767101
765400
765243
765154
764066
762986
762903
761703
759483
758653
758431
758242
758091
755277
754829
753771
752842
750024
749571
749563
749326
748436
745970
745961
745869
745086
744930
744263
744192
743732
742993
742174
742085
740226
739051
738668
733633
732574
731623
731142
731028
729134
728319
728143
726684
726136
726006
723590
723091
720493
718406
717527
716014
714413
714331
713099
712721
712364
711662
710815
710220
709407
709114
708957
708815
705552
705293
703246
700755
700165
699448
698569
698196
697128
695952
695008
694904
692044
691336
690360
689317
688669
685624
684828
680898
680522
678631
677908
677780
677189
676349
676160
673196
672818
672511
670005
669322
667785
667486
666493
666282
665537
663612
663421
663081
662674
659926
659242
659198
656008
654149
651484
651336
649392
648876
647147
646445
646371
645448
645291
644933
644544
642801
641723
640127
638486
638120
636422
635326
633890
632102
630244
628901
628590
627305
626858
626381
626015
624687
623614
623464
622349
620474
620215
619662
619620
618908
618864
618460
615367
615157
614159
614059
613783
610144
609953
608425
607151
606790
606672
605027
604792
603986
602294
601343
600690
597307
596394
593299
593176
592663
592191
591588
590254
588532
587844
586816
585479
584939
583929
583319
582719
581918
580987
579998
579501
577914
577529
577058
576597
576221
573957
573499
573429
570690
570124
569803
568381
567079
566789
566422
566248
566183
564429
559770
558397
558050
556700
556303
555324
555231
553532
549866
547755
547619
546962
546807
546434
546276
546142
545987
545513
544496
544288
543596
543380
543258
542320
542158
540616
540527
538997
536747
536670
535892
531770
530415
529588
528691
527841
526443
524004
521440
520602
520355
519729
517357
516060
515941
513262
512467
510119
509201
506743
506544
505185
502970
501848
501548
500922
498417
497366
497217
496773
495717
492060
489794
488013
485770
485492
482839
481531
480140
479038
478801
472436
470628
470422
469553
469498
469290
468201
467759
466480
466082
464928
464925
463529
463378
462415
461104
460711
460266
459964
459368
458047
457034
455516
452873
452225
451727
450876
448210
447318
446391
445976
444006
443088
441193
441151
440723
438537
437941
437619
436868
435340
432713
429720
429050
427241
426030
425284
425122
423285
422347
421306
421145
419795
418820
417523
417490
416824
416649
416021
415687
415262
412629
410531
409995
406424
405833
404793
404117
403327
402939
402337
402126
401914
401812
401768
400360
400144
398921
398195
397996
397939
396871
396681
396304
395530
395345
392514
391744
390445
389557
388873
388192
388045
385693
384444
383702
380328
379507
377709
377675
376798
375590
372868
372789
372734
372309
369604
368948
368915
368872
364472
363280
362829
361846
361699
360942
359976
359890
358680
358183
357846
355644
355339
355183
354430
353952
353270
353063
351197
350916
350024
349838
349748
349007
345065
344989
344837
342940
341465
341281
341198
340064
340029
338721
338542
337397
337041
332472
331322
330913
330702
329101
328090
327436
323075
322392
320387
319893
318493
315214
313557
313509
313105
311593
311249
310220
309699
309195
309110
305198
304603
302847
302791
301430
301077
300783
297604
296689
296057
295416
295230
293796
293416
291807
291681
290773
288200
288003
287087
286918
285219
280586
279054
277224
275973
275901
274655
274642
274009
273111
271855
270620
267744
267399
266774
263845
263122
262892
262854
261142
260697
258659
258283
257915
257702
256739
256658
255395
254685
253212
252794
250885
250780
249443
249412
247387
246443
246334
245450
245092
244189
241057
239570
239533
238704
237070
236511
236413
234997
234310
233389
233082
231026
227356
224703
222394
221175
220210
218969
218776
218706
218695
217732
217580
216684
216253
216058
215846
215624
215614
215584
215087
215067
214370
213829
213689
213676
213610
212347
211552
211526
211320
210630
210607
207126
205683
205198
204383
200797
199228
197903
197192
192346
192284
191762
190809
189407
188389
188218
187859
187642
185633
184251
184035
183445
183222
182726
182541
182341
181135
180809
179549
176945
176330
175952
175164
174986
174935
174786
174194
174096
173899
170626
170348
168762
168621
167716
166887
165704
165453
162441
160223
158777
156597
155870
155028
154656
152020
151711
151662
150235
150114
150002
149619
148035
147085
146827
145625
144587
141612
140783
140404
140278
137692
136884
136827
135526
135123
134187
132888
132785
131946
130686
129467
128134
126835
126579
126149
124551
124255
123026
122812
122074
119778
119563
117756
117113
114675
114155
112827
109747
108886
108687
107450
107413
105597
105503
104743
104330
102299
101104
100143
99812
99530
98719
95630
93218
92845
92374
91277
90631
90427
89605
89401
88637
88001
86513
85740
85682
85440
85365
85219
85176
84441
81762
81592
80341
80008
78614
75479
74656
73567
71738
71465
67171
66472
65140
64630
63507
61781
60672
60205
60014
59414
59249
58702
58423
57806
55758
55674
54873
53739
53439
51715
50916
45835
45118
44391
43603
43276
42449
41344
40016
39207
38647
37797
37561
35964
34099
34080
33958
33571
32834
32587
31570
30380
30089
29875
29569
28995
27475
27306
26083
24639
23585
20111
19976
19329
18066
16863
16100
14583
13470
12412
10703
10544
8928
8763
8568
6798
4178
4134
2668
2537
1022
480
