999985
999910
999798
999567
999373
999047
998970
998948
998939
998726
998617
998578
998431
998346
998182
998099
997886
997871
997743
997721
997562
997520
997256
997147
997136
997134
997099
997054
996805
996678
996603
996564
996357
996312
996285
996060
996051
995921
995907
995637
995445
995323
995303
995055
994871
994843
994462
994445
994224
994185
994070
993967
993936
993886
993816
993792
993737
993647
993488
993306
993197
992963
992835
992819
992613
992454
991880
991835
991750
991545
991416
991365
991360
991259
991236
990706
990602
990578
990514
990467
990385
990383
990077
989903
989874
989819
989783
989548
989484
989332
989300
989199
989072
989008
988981
988939
988920
988863
988714
988632
988577
988526
988293
988247
988240
988117
988088
987946
987837
987615
987334
987224
987126
987086
986960
986508
986304
986272
985893
985844
985836
985719
985645
985189
985169
985145
985127
985125
985074
984943
984885
984880
984784
984712
984679
984326
984276
984264
984058
983897
983806
983520
983105
982854
982840
982786
982519
982456
982451
982422
982398
982378
982365
982363
982284
982266
982095
981936
981903
981841
981798
981783
981654
981586
981530
981450
981407
981366
981272
981270
981180
981101
980874
980616
980420
980367
980172
979943
979697
979629
979607
979273
979225
979110
979075
978951
978943
978680
978639
978619
978597
978551
978263
978188
978106
978098
978053
977970
977844
977792
977732
977717
977703
977634
977524
977469
976944
976879
976738
976493
976441
976440
976320
976235
976160
976142
976135
976102
976042
976012
975955
975788
975690
975644
975437
975266
975229
975170
975150
975113
974966
974870
974668
974662
974650
974616
974592
974495
974257
974214
974199
974137
974104
974083
973774
973405
973155
973080
973056
973004
972924
972919
972782
972763
972737
972596
972550
972528
972421
972187
972150
972019
971991
971939
971786
971771
971610
971527
971505
971476
971452
971422
971357
971319
971282
971100
971098
971088
971081
970965
970956
970800
970741
970672
970653
970483
970341
969954
969907
969900
969855
969792
969743
969733
969485
969167
969166
969116
969046
968878
968815
968701
968627
968485
968300
968193
968080
968019
967758
967689
967492
967458
967279
967250
967135
967118
967019
966851
966734
966728
966663
966652
966360
966268
966252
966200
966197
966056
965930
965921
965866
965808
965776
965641
965621
965620
965556
965476
965453
965420
965336
965277
965275
965174
964754
964520
964474
964097
963668
963592
963487
963260
963175
963036
962965
962900
962867
962750
962466
962456
962442
962321
962230
962043
961801
961761
961568
961556
961320
961107
961012
961002
960885
960872
960826
960811
960617
960595
960551
960536
960496
960416
960328
960285
960113
960004
959860
959754
959640
959485
959191
959049
959001
958991
958969
958881
958878
958875
958845
958790
958677
958487
958354
958262
958107
958098
958047
958042
957992
957928
957897
957894
957728
957689
957540
957506
957473
957438
957236
957127
956989
956781
956780
956675
956458
956445
956404
956366
956332
956224
956173
956141
956121
955985
955961
955823
955769
955517
955444
955422
955345
955023
954903
954747
954453
954437
954356
954142
954083
953971
953962
953918
953907
953887
953710
953416
953258
952989
952941
952895
952874
952768
952389
952295
952241
952171
952170
952133
952107
952030
952007
951979
951824
951797
951780
951771
951695
951513
951493
951430
951345
951313
951275
951017
950809
950770
950722
950509
950469
950390
949645
949546
949370
949272
949238
948908
948808
948758
948740
948650
948427
948191
948101
948089
948015
947997
947891
947677
947629
947556
947538
947537
947485
947305
947152
947134
947107
946938
946907
946903
946808
946584
946566
946523
946504
946459
946350
946334
946319
946255
946194
946135
946010
946005
945993
945848
945806
945774
945694
945539
945391
945366
945213
945122
945084
944939
944850
944731
944702
944623
944596
944456
944398
944237
943931
943641
943607
943422
943357
943291
943171
943077
943073
942918
942866
942856
942625
942440
942276
942118
942114
942074
942049
942025
941987
941363
941352
941297
941289
941068
941065
941049
941005
940950
940940
940897
940714
940696
940566
940291
940200
940071
939838
939833
939727
939722
939623
939590
939496
939465
939366
939353
939331
939320
939208
939109
939072
939056
939017
938926
938762
938691
938564
938423
938370
937944
937912
937899
937687
937668
937664
937302
937270
937238
937234
937219
936947
936908
936728
936687
936452
936402
936162
936126
935916
935895
935875
935664
935550
935418
935235
935229
935224
935128
935125
935021
935002
934942
934810
934783
934715
934644
934626
934339
934318
934164
933952
933911
933749
933720
933626
933489
933477
933471
933382
933329
933280
933158
933119
933063
932996
932928
932866
932857
932814
932791
932528
932452
932274
932124
932045
931814
931614
931400
931358
931237
931234
931072
931028
930634
930551
930495
930447
930319
930258
930227
930186
930160
929878
929849
929732
929603
929524
929509
929476
929450
929428
929272
929212
929135
928895
928856
928667
928644
928542
928533
928472
928303
928081
927903
927835
927820
927818
927732
927511
927440
927418
927397
927386
927277
927132
927099
927045
926968
926930
926773
926653
926619
926515
926466
926095
925988
925962
925945
925701
925688
925609
925589
925370
925303
925105
924983
924814
924792
924711
924430
924403
924213
924135
924132
924085
924065
924035
924011
923871
923719
923701
923613
923387
923352
923242
923235
923220
923195
923045
922996
922970
922900
922860
922652
922541
922521
922457
922383
922203
922177
921976
921901
921892
921864
921861
921789
921759
921481
921420
921413
920974
920610
920319
920271
920248
920211
920094
920000
919953
919896
919885
919840
919749
919424
919400
919348
919310
919207
919157
919108
918960
918956
918888
918760
918671
918626
918595
918362
918223
918145
918083
917960
917798
917793
917725
917463
917403
917228
917148
917120
917091
916998
916930
916787
916712
916640
916624
916616
916592
916551
916417
916391
916022
915877
915680
915433
915402
915359
915236
915042
914522
914354
914139
914079
914066
913986
913977
913796
913728
913564
913302
913270
913090
913057
913043
913011
912856
912655
912596
912495
912393
912379
912315
912204
912165
912045
911789
911766
911528
911526
911525
911466
911381
911346
911209
911172
910982
910861
910743
910697
910664
910627
910382
910347
910265
910244
910161
910128
910092
910091
910061
909948
909868
909863
909849
909768
909631
909217
909164
909076
908953
908931
908909
908884
908762
908748
908683
908627
908590
908477
908461
908431
908388
908221
908144
908138
908025
907960
907849
907800
907693
907684
907530
907511
907504
907265
907219
906945
906909
906793
906738
906667
906499
906379
906174
906162
906065
906013
905647
905641
905480
905383
905358
905300
905213
905210
904943
904914
904790
904757
904729
904618
904484
904427
904381
904303
904223
904100
904000
903924
903688
903487
903461
903403
903199
903175
902953
902719
902716
902527
902276
902274
902191
902097
902022
901916
901710
901621
901437
901389
901359
901350
901145
901014
900945
900917
900742
900739
900675
900664
899977
899543
899460
899339
899234
899220
899185
898940
898612
898474
898350
897994
897830
897617
897548
897536
897439
897410
897291
897189
897151
897133
897043
896794
896760
896482
896477
896431
896416
896317
896287
896271
896179
895939
895863
895662
895471
895465
895271
895230
895003
894895
894812
894728
894597
894560
894245
893880
893792
893761
893680
893612
893594
893205
893202
893187
893052
892850
892842
892760
892554
892552
892449
892441
892374
892244
892234
892164
891824
891807
891574
891556
891321
891290
891179
891007
890908
890832
890664
890515
890514
890462
890269
890206
890117
890080
889958
889778
889662
889598
889415
889277
888949
888891
888735
888689
888660
888636
888623
888609
888397
888341
888235
888162
888078
888021
887957
887924
887562
887498
887387
887271
886897
886858
886742
886731
886663
886660
886504
886434
886234
886224
886165
886131
886038
885897
885791
885767
885622
885587
885559
885331
885058
884896
884677
884492
884368
884169
884015
884011
883979
883968
883844
883791
883735
883734
883407
883324
883282
883029
882995
882853
882851
882849
882742
882668
882279
882070
882010
881875
881711
881485
881387
881327
881292
881109
880931
880578
880520
880370
880356
880335
880140
880057
879944
879564
879491
879459
879364
879308
879257
879111
879107
878721
878420
878364
878165
878159
878112
878108
878084
877985
877966
877902
877882
877694
877607
877518
877291
877232
877161
877121
877108
877071
877062
877025
876948
876721
876709
876520
876484
876195
876053
875922
875860
875711
875671
875539
875405
875265
875251
875245
875205
874957
874942
874753
874676
874645
874569
874544
874533
874509
874347
874125
873849
873771
873679
873632
873559
873506
873464
873131
872827
872738
872700
872639
872121
871976
871910
871716
871705
871623
871533
871311
871084
870942
870875
870761
870483
870349
870309
870291
870243
870157
870096
869976
869693
869674
869596
869250
869116
869095
869086
868973
868950
868832
868710
868697
868608
868471
868431
868295
868205
868073
868042
867871
867722
867687
867484
867429
867342
867336
867310
867270
867228
866808
866750
866647
866632
866565
866522
866450
866393
866212
866205
866199
866186
865990
865960
865940
865854
865836
865818
865799
865715
865618
865590
865276
865192
865144
865119
865057
864925
864899
864745
864580
864484
864316
864167
864133
864127
863835
863807
863788
863562
863492
863455
863393
863126
862996
862864
862832
862688
862670
862641
862625
862434
862302
862224
862219
862136
861963
861953
861908
861751
861743
861690
861572
861321
861099
861069
860787
860691
860622
860534
860464
860306
859790
859606
859400
859359
859190
858938
858882
858816
858713
858633
858423
858404
858341
858275
858115
857928
857899
857505
857499
857213
857031
856951
856931
856888
856713
856675
856610
856457
856421
856418
856132
855997
855784
855762
855560
855525
855503
855407
855392
855381
855363
855275
855018
854978
854918
854865
854795
854667
854300
854258
854051
854032
853934
853933
853926
853856
853722
853592
853511
853276
853254
853205
853133
853089
852978
852871
852727
852682
852637
852598
852589
852446
852338
851858
851806
851562
851530
851521
851472
851060
851037
851028
850887
850870
850828
850614
850472
850459
850408
850379
850112
850110
850071
850035
849802
849610
849441
849367
849167
849064
849040
848836
848819
848798
848793
848766
848712
848567
848463
848252
848049
847970
847944
847749
847578
847487
847464
847413
847407
847298
847060
847015
846911
846898
846815
846810
846691
846520
846436
846328
846111
845991
845949
845905
845782
845776
845675
845639
845620
845603
845570
845434
845276
845233
845183
845035
844996
844867
844432
844152
844096
844069
844057
843912
843904
843903
843637
843626
843585
843563
843467
843105
843061
842939
842717
842711
842673
842659
842133
841765
841656
841435
841434
841393
841257
841214
841192
841186
841144
841089
840954
840905
840878
840744
840670
840650
840640
840586
840489
840042
840030
839870
839841
839762
839670
839241
839181
839161
839082
839056
838830
838764
838728
838703
838402
838303
838283
838246
838181
838106
838039
837855
837810
837792
837774
837544
837436
837010
836888
836714
836673
836595
836488
836429
836387
836383
836360
836305
836249
836216
836070
836057
835975
835898
835637
835512
835506
835495
835449
835438
835375
835287
835213
835184
835167
835152
835134
835069
835009
834951
834936
834863
834790
834685
834590
834574
834572
834404
834379
834183
833819
833764
833710
833645
833616
833335
833239
833059
832968
832886
832603
832601
832403
832168
832086
831909
831466
831359
831334
831139
831065
831050
830995
830939
830728
830676
830653
830505
830385
830166
830112
830008
829994
829902
829837
829800
829715
829682
829550
829462
829294
829140
829072
828588
828495
828428
828416
828095
827960
827925
827875
827759
827518
827302
827291
827275
827245
827201
827174
827158
827057
826887
826868
826808
826567
826551
826545
826436
826316
826194
826192
826131
825769
825761
825702
825587
825526
825181
825174
824960
824855
824770
824684
824666
824617
824550
824542
824432
824130
824094
824019
823989
823986
823817
823750
823697
823693
823544
823349
823043
822980
822939
822851
822706
822678
822594
822583
822535
822309
822169
822035
821879
821651
821631
821603
821555
821394
821368
821363
821226
821118
820744
820741
820728
820638
820585
820401
820275
820267
820196
819996
819959
819769
819690
819611
819501
819192
819177
819114
819038
818994
818992
818928
818505
818480
818366
818159
818143
818132
818120
818099
818000
817846
817660
817520
817484
817465
817410
817357
817235
817131
817101
816684
816648
816423
816281
816254
816241
816203
816149
816110
816089
815996
815861
815637
815049
815032
814678
814635
814506
814382
814293
814229
814183
814036
814009
813913
813891
813825
813784
813783
813769
813641
813629
813337
813266
813170
813018
812854
812771
812734
812691
812678
812536
812481
812386
812385
812233
812106
812058
812024
811975
811850
811817
811795
811773
811667
811598
811370
811261
811018
810991
810951
810949
810938
810934
810917
810794
810767
810665
810582
810360
810342
810322
810125
810021
809931
809840
809765
809742
809637
809493
809484
809381
809268
809123
808892
808824
808803
808677
808606
808522
808423
808132
808079
807999
807980
807947
807838
807785
807768
807734
807657
807227
807213
807177
807121
807008
806955
806713
806708
806490
806424
806405
806288
806265
806251
806165
806045
805796
805792
805789
805459
805442
805422
805339
805286
805116
805059
805020
804984
804546
804361
804260
804168
804160
804133
804096
804081
804030
803804
803481
803457
803204
803187
802936
802785
802763
802739
802640
802522
802514
802377
802235
802228
802113
801955
801874
801819
801476
801365
801274
801125
801089
801085
801038
800979
800960
800879
800806
800513
800511
800292
800152
800128
800083
799880
799769
799663
799536
799528
799406
799305
799206
798986
798939
798856
798805
798782
798600
798575
798480
798422
798172
798124
797987
797713
797605
797551
797536
797305
797281
797124
797077
796818
796720
796623
796577
796572
796538
796463
796441
796415
796392
796360
796320
796291
796275
795931
795833
795749
795677
795630
795536
795443
795412
795392
795312
795298
795171
795056
794976
794886
794877
794648
794590
794535
794017
793959
793955
793932
793868
793814
793793
793741
793705
793703
793658
793646
793588
793445
793380
793266
793234
793101
792982
792757
792622
792545
792511
792432
792414
792291
792245
791762
791760
791751
791722
791379
791353
791008
790825
790718
790628
790588
790534
790381
790193
790088
790067
790025
790018
789926
789863
789847
789687
789625
789346
789299
789265
789262
789182
789124
788902
788875
788506
788476
788462
788206
787953
787929
787822
787808
787796
787775
787761
787744
787573
787504
787383
787169
786822
786775
786762
786715
786453
786328
786204
786195
786098
785816
785802
785724
785651
785618
785185
785139
785135
784964
784895
784534
784513
784392
784303
784299
784278
784228
784203
784033
783428
783381
783373
783326
783230
782922
782869
782687
782320
782244
782104
782078
782044
781947
781876
781787
781636
781582
781580
781519
781502
781487
781431
781364
781332
780965
780955
780868
780806
780716
780673
780559
780273
779670
779345
779305
779189
779188
779138
778971
778861
778825
778707
778610
778571
778522
778069
778062
778027
777957
777914
777894
777880
777444
777409
777356
777309
777295
777102
776970
776961
776815
776809
776758
776573
776558
776442
776327
776284
776246
776226
776211
776118
776067
775995
775909
775740
775706
775644
775561
775539
775537
775511
775099
774917
774898
774751
774739
774586
774561
774259
773999
773660
773474
773469
773384
773352
773290
773234
773225
773103
773074
772886
772783
772772
772608
772379
772171
772043
771878
771874
771858
771591
771109
771080
771028
771013
770931
770808
770806
770750
770547
770487
770464
770358
770157
770014
769997
769979
769966
769921
769920
769767
769765
769673
769414
769302
769274
769145
768942
768914
768830
768807
768791
768620
768551
768425
768337
768297
768101
767874
767848
767614
767474
767451
767380
767362
767339
767198
767104
767041
766996
766798
766483
766478
766339
766244
766243
766186
766177
766130
766110
766016
765746
765703
765661
765627
765524
765459
765367
765328
765054
764983
764863
764763
764758
764730
764500
764430
764281
764248
764240
764184
764086
763902
763833
763788
763697
763621
763587
763312
763271
763212
763195
763162
763161
763152
763097
762777
762701
762657
762649
762587
762369
762232
762208
762203
762157
762104
761760
761732
761678
761673
761604
761362
761336
761332
761308
761283
761257
761256
761193
761000
760788
760631
760567
759955
759847
759746
759723
759635
759519
759403
759336
759285
759160
759152
759145
759129
759021
758767
758641
758564
758354
758334
758274
758241
758233
758070
757682
757680
757663
757443
757364
757268
757247
757211
757080
756983
756948
756879
756855
756787
756772
756726
756694
756584
756400
756144
756089
755889
755692
755689
755645
755521
755520
755516
755344
755259
755246
755173
755155
755137
755042
754983
754974
754937
754909
754898
754877
754714
754660
754523
754317
754232
753881
753845
753843
753657
753617
753518
753493
753282
753118
753031
753015
752891
752863
752821
752806
752654
752541
752483
752365
752332
752312
752298
752240
752198
752155
752093
751969
751630
751401
751283
751191
751188
751098
750982
750959
750918
750815
750714
750668
750488
750469
750425
750374
750352
750255
750041
750020
750002
749990
749940
749769
749745
749739
749659
749573
749558
749530
749292
749222
749133
748912
748828
748766
748618
748590
748386
748341
748162
748076
747997
747988
747731
747688
747627
747391
747355
747337
747189
747107
747086
746884
746831
746804
746762
746761
746507
746123
745971
745796
745592
745385
745315
745228
745192
745190
745164
744750
744649
744556
744310
744283
744277
744246
744241
744204
744027
743959
743938
743862
743790
743697
743576
743494
743468
743372
743137
743067
742892
742836
742564
742454
742237
742176
742083
741963
741757
741735
741693
741576
741575
741531
741325
741222
741195
741054
740935
740759
740704
740698
740683
740592
740275
740268
740226
739935
739914
739891
739792
739451
739444
739283
739196
739136
739075
739071
738976
738833
738761
738691
738584
738508
738444
738411
738408
738277
738252
738168
738122
738114
738057
738055
738038
737997
737874
737860
737848
737794
737779
737766
737754
737726
737330
737306
737279
737269
737190
737086
737051
737046
736976
736931
736927
736684
736542
736490
736409
736209
736148
736090
736070
736026
735962
735905
735902
735830
735821
735709
735620
735336
735333
735244
735150
735049
735026
734970
734926
734917
734680
734613
734535
734375
734314
734206
734121
734093
733803
733741
733610
733602
733560
733289
732994
732982
732953
732871
732869
732850
732801
732534
732425
732347
732332
732121
732116
732089
731998
731790
731680
731662
731661
731586
731560
731521
731455
731424
731140
731090
731057
731029
731016
730974
730674
730653
730032
729937
729858
729775
729759
729743
729733
729700
729658
729628
729532
729469
729395
729381
729314
729259
729077
729034
728997
728975
728468
728418
728349
728255
728050
727842
727678
727551
727359
727239
727191
727092
726798
726624
726553
726424
726051
725755
725459
725441
725364
725327
724503
724498
724465
724386
724385
724366
724344
724333
724232
724132
724076
724040
724022
724002
723928
723765
723655
723413
723322
722582
722568
722481
722158
722140
722076
721860
721762
721751
721748
721678
721670
721648
721589
721564
721437
721339
721308
720998
720902
720808
720677
720584
720559
720379
720359
720280
720253
720119
720078
720011
719762
719683
719520
719516
719439
719397
719345
719248
719113
719036
718870
718740
718681
718674
718639
718502
718484
718296
718280
718236
718158
718070
717942
717885
717812
717811
717798
717654
717608
717458
717322
717174
717083
717073
717070
717017
716941
716823
716658
716652
716574
716306
716053
715968
715965
715941
715816
715812
715710
715636
715216
715199
715176
714942
714919
714857
714805
714786
714602
714420
714350
714328
714304
714208
714024
713954
713880
713874
713865
713617
713608
713506
713347
713242
713176
713163
713161
712985
712984
712896
712784
712736
712730
712533
712426
712355
712265
712164
712132
712111
711995
711982
711913
711824
711736
711551
711276
710960
710817
710644
710634
710583
710268
710113
710027
710018
709758
709741
709730
709646
709556
709440
709378
709352
709296
709238
709122
709112
709107
709001
708971
708941
708530
708505
708403
708055
707777
707761
707526
707479
707461
707450
707332
707216
707194
707123
706977
706725
706623
706616
706595
706498
706495
706372
706323
706291
706286
706006
705849
705804
705730
705718
705569
705536
705458
705432
705233
705152
705001
704982
704746
704712
704616
704601
704512
704443
704230
704224
704098
704080
704067
704003
703774
703627
703582
703478
703409
703205
703204
703038
702876
702660
702513
702461
702318
702151
702060
701936
701905
701860
701766
701653
701491
701406
701365
701201
701014
700961
700844
700822
700654
700624
700408
700329
700261
700206
700137
700129
700033
700028
700000
699874
699785
699771
699708
699693
699560
699531
699510
699475
699430
699361
699350
699209
699178
699165
699153
699057
699003
698937
698659
698566
698496
698468
698461
698269
698025
697904
697831
697504
697389
697163
697157
697140
696876
696804
696750
696630
696582
696576
696549
696535
696447
696446
696327
696166
696092
696049
696024
696007
695969
695955
695706
695508
695384
695368
695257
695254
695219
695205
695114
694964
694712
694610
694568
694551
694490
694294
694255
694228
694148
694063
693956
693890
693873
693867
693848
693644
693453
693433
693302
693270
693225
693128
692886
692775
692695
692639
692622
692515
692444
692436
692413
692129
692128
692119
691944
691927
691894
691882
691867
691736
691557
691488
691467
691395
691170
691091
690984
690823
690803
690756
690717
690704
690631
690630
690418
690231
690225
690100
690073
690059
689912
689866
689784
689640
689595
689541
689383
689296
689262
689251
689106
689007
688980
688932
688848
688815
688599
688598
688515
688494
688432
688413
688334
688306
688272
688095
687796
687464
687436
687088
687081
686980
686972
686933
686774
686618
686608
686482
686359
686119
686117
686093
686027
686003
685983
685936
685902
685711
685697
685187
685182
685067
684841
684778
684711
684593
684396
684309
684238
684053
684038
683913
683402
683215
683089
683035
682825
682699
682647
682642
682594
682561
682520
682513
682376
682359
682013
681995
681921
681892
681771
681671
681543
681495
681469
681355
681313
681312
681291
680966
680913
680602
680580
680546
680402
680352
680283
680202
680094
680093
680055
680052
680040
679983
679954
679858
679845
679607
679599
679479
679477
679469
679366
679173
679169
679089
678876
678646
678481
678463
678353
678339
678302
678252
678234
678111
678092
678016
677781
677777
677759
677752
677734
677648
677611
677562
677543
677259
677255
677217
677098
677075
677019
676957
676897
676875
676849
676844
676835
676798
676679
676571
676478
676355
676307
676234
676107
676048
675909
675795
675792
675791
675717
675630
675623
675615
675567
675259
675108
675021
674970
674955
674942
674922
674653
674544
674497
674379
674367
674193
674130
674044
674024
673882
673649
673285
673273
673251
673102
672751
672717
672663
672646
672627
672566
672441
672269
672263
672175
672071
671994
671980
671953
671771
671749
671499
671451
671421
671380
671358
671335
671333
671227
671006
670928
670798
670754
670623
670584
670488
670290
670278
670049
670030
670011
669998
669974
669941
669878
669795
669731
669730
669726
669593
669401
669259
669141
669102
668844
668755
668691
668670
668631
668612
668571
668142
668074
667923
667844
667819
667771
667638
667576
667525
667443
666779
666750
666726
666542
666378
666275
666122
666104
666007
665862
665719
665681
665457
665200
665179
665122
664961
664956
664863
664821
664817
664763
664689
664030
663706
663635
663522
663183
663119
662976
662797
662626
662297
662152
662117
662079
661978
661972
661966
661856
661768
661701
661699
661682
661610
661417
661249
661150
661002
660970
660907
660681
660560
660509
660389
660274
660200
660012
659734
659474
659166
658938
658886
658814
658811
658791
658778
658734
658720
658459
658276
658237
658151
658010
657881
657866
657840
657742
657738
657615
657288
657187
657098
656990
656905
656826
656698
656662
656620
656573
656533
656366
656350
656334
656253
656252
656154
656096
655954
655676
655381
655308
655249
655235
655225
655188
655113
654766
654761
654750
654741
654715
654566
654462
654455
654382
654246
654043
653914
653906
653779
653569
653548
653475
653354
653330
653259
653099
653016
652888
652803
652592
652525
652510
652383
652218
652173
651839
651767
651697
651605
651433
651382
651241
651060
651045
650902
650768
650627
650556
650529
650528
650501
650491
650383
650104
650065
649912
649839
649830
649723
649610
649480
649297
648950
648896
648870
648841
648579
648453
648398
648383
648301
648284
648271
648203
648070
647944
647943
647759
647711
647631
647548
647442
647213
647042
646795
646717
646692
646684
646523
646491
646345
646242
646166
646066
646054
645779
645728
645540
645486
645477
644977
644897
644804
644516
644493
644419
643837
643590
643378
643244
642872
642840
642813
642771
642738
642680
642649
642610
642607
642517
642461
642433
642399
642279
642166
642157
641978
641715
641697
641647
641624
641617
641610
641597
641388
641146
640591
640544
640510
640380
640142
639961
639909
639888
639829
639672
639664
639487
639426
639420
639233
638615
638598
638533
638476
638454
638308
638036
637986
637981
637860
637791
637698
637682
637676
637634
637581
637533
637528
637448
637426
637288
637240
637183
636858
636672
636671
636633
636602
636585
636503
636407
636333
636310
636257
636234
636215
636202
636196
636069
635985
635746
635672
635628
635613
635565
635514
635449
635209
635092
635033
634929
634826
634796
634778
634758
634754
634583
634439
634430
634326
634203
634197
634182
634163
634145
634048
633943
633861
633647
633524
633335
633256
633228
633092
632902
632868
632707
632622
632596
632562
632391
632260
632022
631982
631977
631950
631717
631559
631505
631466
631389
631374
631151
630929
630845
630747
630736
630452
630423
630319
630240
630099
630062
629928
629839
629679
629582
629313
629102
629092
628976
628811
628776
628671
628650
628624
628559
628548
628529
628335
628308
628286
628207
628197
628113
627973
627898
627600
627471
627369
627295
627220
627053
627047
626782
626639
626635
626326
625853
625819
625774
625760
625469
625417
625379
625284
625200
625113
625001
624582
624480
624445
624072
624049
623875
623836
623768
623670
623667
623516
623465
623331
623223
623099
622992
622976
622866
622840
622629
622510
622315
621972
621915
621883
621707
621668
621376
621339
621318
621171
621140
621036
620976
620775
620750
620691
620672
620542
620379
620377
620354
620162
619933
619924
619845
619809
619775
619708
619482
619460
619451
619293
618801
618659
618441
618426
618209
618151
618111
617836
617812
617547
617532
617518
617361
617285
617217
617013
616935
616927
616859
616481
616061
616043
616022
615979
615948
615930
615929
615915
615772
615379
615375
615309
614832
614774
614734
614577
614556
614304
614035
613919
613918
613839
613686
613590
613395
613382
613036
612924
612818
612777
612745
612666
612569
612083
612064
611948
611789
611671
611514
611257
611236
611161
611023
610959
610809
610644
610549
610378
610278
609828
609827
609772
609666
609517
609391
609358
609295
609071
609065
609046
608616
608459
608361
608351
608330
608150
608057
607391
607387
607332
607267
607213
607201
607175
607139
606850
606641
606447
606410
606339
606242
606086
606042
605779
605685
605446
605249
605209
604834
604820
604788
604707
604590
604378
604285
604165
604151
603985
603979
603785
603534
603498
603467
603204
602881
602853
602810
602732
602729
602703
602693
602647
602539
602467
602271
602198
602119
601991
601934
601767
601719
601712
601655
601516
601392
601243
601225
601084
601076
601047
600936
600927
600544
600383
600370
600211
600207
600091
600069
600031
599890
599483
599439
599381
599335
599106
599073
598830
598430
598357
598308
598258
598257
598253
598180
598127
597947
597915
597844
597826
597769
597685
597637
597567
597532
597477
597103
596782
596685
596479
596437
596377
596362
596347
596337
596168
595937
595913
595840
595689
595645
595414
595035
594757
594710
594689
594558
594517
594485
594419
594145
594061
594042
594030
593981
593781
593602
593581
593119
593078
593025
593003
593002
592944
592923
592825
592645
592575
592451
592221
591952
591916
591714
591522
591493
591487
591446
591430
591275
591228
591104
591020
590939
590809
590759
590688
590659
590456
590313
590034
589953
589780
589774
589704
589657
589599
589596
589577
589526
589512
589363
589120
589115
589075
589041
589033
588945
588906
588854
588601
588542
588442
588379
587967
587918
587898
587793
587693
587687
587668
587631
587608
587594
587340
587269
587243
587210
587202
587184
586855
586777
586517
586407
586359
586319
586247
586160
586108
586047
585966
585953
585844
585754
585695
585631
585628
585234
585144
584904
584902
584815
584730
584450
584431
584367
584339
584285
584237
584222
584088
584013
583884
583881
583773
583501
583490
583125
582991
582974
582792
582633
582594
582530
582508
582467
581999
581952
581751
581490
581467
581444
581255
581221
581076
581044
580943
580846
580734
580690
580560
580229
580196
580193
580073
579970
579896
579805
579788
579757
579743
579603
579301
579213
579208
579051
579017
578940
578821
578818
578709
578615
578565
578287
578283
578181
578151
578147
578098
578006
577939
577810
577808
577803
577623
577588
577476
577299
577275
576917
576832
576650
576522
576428
576381
576376
576352
576272
576053
575846
575811
575713
575598
575592
575563
575537
575427
575344
575336
575332
575184
575026
574843
574760
574441
574424
574390
574368
574361
574244
574163
573975
573953
573750
573671
573608
573536
573407
573377
573306
573249
572944
572881
572682
572412
572216
572101
571953
571804
571731
571598
571562
571516
571375
571253
570991
570967
570770
570767
570485
570466
570458
570213
569930
569914
569860
569819
569745
569593
569553
569469
569421
569405
569378
569294
569143
569080
568970
568967
568850
568718
568653
568629
568395
568222
568209
568109
567978
567973
567931
567877
567617
567594
567511
567394
567267
567119
567073
566955
566905
566675
566647
566623
566463
566425
566388
566192
566083
566080
566051
565952
565816
565812
565659
565587
565389
565311
565297
565277
565098
565069
565066
565064
565053
564933
564863
564754
564636
564247
564047
563954
563927
563880
563872
563845
563619
563480
563238
563233
563202
562969
562858
562705
562650
562497
562437
562335
562320
562287
562058
561956
561928
561919
561912
561853
561750
561613
561553
561500
561441
561420
561357
561322
561209
561201
561172
560997
560987
560950
560604
560439
560365
560104
560086
559971
559937
559923
559872
559663
559660
559566
559564
559513
559477
559259
559239
559234
559106
558828
558705
558663
558655
558439
558247
558246
558212
558101
557806
557716
557611
557562
557559
557307
556986
556905
556783
556694
556596
556244
556203
556190
556171
556069
556001
555751
555585
555551
555549
555480
555413
555271
555242
555228
555191
555184
555176
555167
555141
555122
554939
554649
554629
554589
554587
554516
554317
554002
553979
553608
553447
553298
553202
553194
553129
553111
553088
552948
552898
552676
552612
552375
552254
552247
552204
552133
552071
551947
551674
551581
551243
550945
550910
550898
550707
550596
550224
550058
549905
549446
549409
549301
549213
549196
549175
548905
548469
548252
547962
547525
547517
547394
547359
547253
547191
547138
547096
547012
547010
546763
546721
546469
546245
546008
545991
545907
545866
545842
545828
545778
545765
545720
545603
545521
545445
545391
545110
545068
544942
544862
544789
544782
544570
544526
544250
544235
544005
543873
543662
543651
543626
543566
543399
543232
542895
542840
542734
542595
542418
542328
542142
542128
542026
541884
541850
541838
541759
541708
541675
541543
541538
541375
541339
541236
541168
541020
540752
540744
540716
540710
540568
540539
540422
540289
539880
539765
539663
539646
539632
539360
539309
539287
539270
539222
539168
539117
538985
538896
538655
538534
538479
538474
538307
538080
538062
538048
538035
537978
537976
537944
537935
537882
537640
537557
537252
537152
537077
536870
536735
536650
536568
536403
536175
536117
536053
536023
535959
535831
535704
535527
535281
534828
534621
534549
534440
534283
534253
534065
533978
533921
533851
533810
533479
533471
533177
532951
532747
532622
532617
532478
532439
532117
532028
531978
531923
531784
531732
531680
531615
531588
531401
531322
531308
531200
530837
530756
530743
530742
530673
530580
530557
530551
530510
530508
530331
530324
530065
530040
529986
529765
529708
529695
529440
529435
529389
529330
529098
528983
528940
528909
528856
528794
528580
528527
528507
528409
528397
528384
528190
528162
528120
527991
527978
527896
527638
527371
527071
526956
526876
526782
526326
526205
526144
526063
526029
525997
525825
525820
525807
525803
525567
525529
525423
525099
524982
524971
524929
524896
524657
524556
524553
524517
524467
524320
524021
523817
523807
523730
523711
523682
523618
523528
523500
523455
523313
523197
523181
522947
522807
522718
522601
522469
522450
522277
522230
522121
521921
521761
521720
521625
521578
521515
521475
521055
521041
521009
521006
520994
520967
520954
520937
520828
520768
520602
520580
520555
520550
520514
520350
520137
520004
519976
519837
519509
519443
519382
519276
518862
518801
518785
518712
518695
518606
518460
518442
518405
518365
518332
518323
518262
518180
518158
518144
517840
517651
517508
517444
517073
516931
516772
516714
516535
516345
516241
516016
515803
515630
515574
515542
515517
515511
515363
515352
515252
515228
515208
514729
514661
514534
514502
514438
514328
514259
514134
513996
513980
513965
513808
513759
513680
513504
513374
513353
513223
513165
512567
512336
512333
512149
512103
511916
511885
511785
511699
511698
511364
511363
511342
511318
510807
510654
510534
510443
510353
510333
510318
510304
510238
510110
510064
509795
509750
509636
509540
509428
509408
509227
509027
508938
508885
508872
508748
508563
508362
508242
508062
507877
507802
507770
507755
507739
507609
507607
507370
507336
507211
506923
506858
506833
506682
506668
506596
506045
506024
505768
505749
505677
505658
505526
505313
505233
505167
505071
504922
504901
504898
504844
504721
504552
504505
504406
504284
504248
504180
504167
504142
504096
504089
504039
503837
503810
503798
503552
503551
503453
503376
503124
503019
502821
502758
502606
502324
502037
502030
501892
501880
501850
501834
501806
501780
501758
501705
501251
501246
500672
500507
500487
500464
500443
500389
499810
499179
499022
498697
498607
498544
498532
498472
498399
498315
498295
498193
497948
497938
497933
497842
497818
497805
497768
497645
497638
497600
497294
497288
497094
496953
496692
496679
496520
496416
496248
496220
496095
496000
495995
495830
495822
495816
495749
495719
495694
495404
495272
495190
495022
494975
494765
494468
494244
494225
494145
494036
494026
494012
493797
493682
493575
493225
493171
493119
493058
492984
492960
492954
492793
492695
492616
492303
492291
492254
492243
492210
492138
492127
492016
491993
491970
491935
491850
491671
491397
491359
491306
491257
490965
490810
490796
490731
490612
490435
490325
490312
490205
490193
490184
490064
490027
489756
489724
489619
489607
489575
489558
489491
489176
488947
488888
488821
488803
488788
488725
488613
488575
488518
488511
488392
488312
488165
488163
487966
487723
487720
487537
487401
486831
486767
486668
486584
486578
486551
486536
486408
486297
486151
486077
485990
485912
485881
485837
485786
485784
485702
485275
485209
485126
485124
485120
485053
485007
484977
484948
484936
484764
484710
484647
484465
484350
484334
484064
484061
484034
484028
483985
483982
483963
483873
483818
483805
483615
483613
483590
483246
483127
483079
482991
482862
482596
482506
482452
482412
482339
482303
482286
482265
482247
482175
481970
481943
481812
481723
481717
481622
481613
481587
481393
481250
481144
480930
480865
480847
480821
480768
480577
480523
480423
480376
480359
480319
480253
480238
480202
479875
479771
479753
479469
479357
479245
479180
479014
478997
478698
478625
478381
478162
478099
477882
477643
477632
477552
477528
477440
477379
477237
477176
477143
477140
477135
476816
476712
476585
476506
476331
476152
475987
475938
475757
475720
475653
475627
475539
475023
474992
474917
474731
474710
474555
474433
474261
474086
473912
473898
473698
473589
473482
473456
473386
473366
473145
473112
472985
472894
472478
472434
472376
472356
472321
472159
472024
471982
471856
471839
471778
471554
471392
471335
471274
471257
471239
471218
471181
470940
470916
470581
470381
470310
470249
470154
470031
469972
469960
469790
469458
469293
469278
469194
469182
469173
469131
469063
468941
468901
468875
468868
468747
468675
468674
468440
468198
468092
468060
467976
467943
467843
467784
467778
467754
467550
467501
467450
467318
467060
466885
466757
466485
466193
466189
465993
465911
465750
465645
465594
465497
465451
465174
465004
464994
464901
464761
464695
464690
464618
464559
464324
464227
464122
463834
463833
463733
463695
463601
463503
463460
463149
463143
462986
462919
462856
462596
462516
462428
462341
462275
462155
461968
461932
461846
461541
461521
461466
461359
461049
460980
460626
460573
460546
460538
460179
460042
459979
459875
459853
459616
459593
459465
459336
459287
459108
459006
458978
458925
458849
458736
458489
458391
458296
458238
458130
458100
457801
457606
457533
457473
457418
457342
457155
456993
456925
456659
456524
456468
456288
456212
456208
456041
456006
455956
455937
455881
455816
455714
455575
455296
455275
455227
454995
454921
454853
454763
454408
454250
454083
454019
453598
453540
453421
453411
453376
453281
453206
452776
452711
452700
452679
452616
452554
452549
452535
452376
452312
452230
452211
452187
452150
452112
452103
451908
451876
451777
451691
451642
451640
451316
451148
451136
451046
450751
450644
450417
450289
450219
450189
450141
449965
449962
449932
449849
449830
449808
449800
449761
449611
449439
449419
449390
449369
449110
449103
448903
448865
448531
448526
448433
448144
447784
447770
447576
447567
447533
447503
447461
447381
447360
447198
447082
446995
446603
446371
446122
446068
446025
446006
445891
445835
445667
445625
445608
445545
445502
445476
445448
445347
445344
445136
444996
444988
444854
444759
444690
444620
444574
444371
444345
444340
444062
444040
443914
443895
443697
443687
443273
443209
443207
443198
443171
443112
442884
442826
442757
442617
442472
442203
442100
442069
441839
441689
441486
441469
441384
441330
441251
441192
440934
440918
440908
440853
440787
440633
440527
440482
440340
440206
440205
440156
440132
439963
439739
439616
439604
439564
439544
439520
439398
439380
439273
439168
439089
439020
438983
438931
438900
438785
438523
438496
438439
438388
438335
438223
438201
437460
437401
437398
437278
437246
437119
436791
436703
436659
436510
436248
436042
436018
435951
435739
435564
435405
435320
435214
435193
435151
435135
435129
435067
435055
435025
434917
434700
434624
434446
434408
434403
434396
434375
434232
434203
434160
434146
433963
433958
433742
433722
433711
433618
433499
433290
433169
433132
433041
433006
432971
432936
432876
432660
432223
432114
431974
431889
431867
431822
431795
431626
431573
431549
431373
431236
431100
431021
430908
430877
430808
430805
430782
430756
430378
430261
430247
430106
430098
430051
430039
430022
429963
429930
429727
429710
429655
429644
429638
429627
429526
429017
428859
428759
428727
428537
428509
428435
428272
428236
428228
427999
427856
427780
427666
427534
427522
427399
427390
427212
427016
426851
426775
426674
426491
426353
426124
426112
425918
425889
425817
425755
425535
425515
425261
425155
424966
424906
424722
424698
424683
424652
424629
424553
424322
424312
424155
424084
423957
423794
423772
423698
423650
423608
423399
423288
423234
423173
422951
422857
422799
422736
422556
422400
422243
421799
421624
421594
421352
420903
420831
420765
420635
420489
420468
420362
420328
420231
419882
419880
419808
419673
419670
419595
419485
419248
419231
419061
418866
418782
418764
418757
418671
418668
418397
418337
418268
418215
418208
418128
418118
417939
417897
417819
417770
417751
417547
417371
417364
417362
417345
416919
416861
416832
416732
416688
416659
416642
416549
416273
416231
416128
416068
415843
415788
415760
415651
415621
415415
415352
415237
415119
415107
415059
414912
414807
414657
414511
414279
414258
414153
414086
414029
413749
413660
413381
413334
413316
413260
413252
413213
413200
413105
413043
412996
412918
412902
412589
412364
412306
412289
412128
412115
412071
411979
411958
411957
411932
411865
411417
411301
411155
410831
410756
410717
410679
410527
410355
410041
410035
410015
409963
409955
409918
409883
409850
409800
409753
409716
409373
409371
409347
409310
409267
409161
409109
408966
408663
408648
408552
408523
408424
408404
408262
408250
408199
408177
408167
408149
408142
408089
407941
407912
407796
407681
407645
407604
407352
407209
407149
407104
407093
407000
406785
406590
406510
406417
406157
406139
406094
406082
405717
405588
405573
405470
405390
405267
405226
404950
404775
404748
404747
404571
404510
404449
404387
403640
403624
403601
403591
403518
403444
403424
403339
403333
403316
403290
403026
402849
402764
402659
402637
402417
402365
402343
402295
402260
402256
402238
402144
402142
402107
401967
401916
401859
401809
401746
401741
401468
401352
401298
401264
401186
401090
401084
400513
400453
400340
400329
400267
400103
399724
399641
399632
399453
399409
399181
399024
398953
398771
398604
398529
398464
398382
398366
398249
398226
398122
398011
397739
397491
397463
397422
397302
397282
396664
396401
396271
396093
396087
395733
395618
395503
395431
395274
395151
395141
394977
394946
394798
394631
394480
394439
394089
393956
393715
393637
393628
393523
393447
393442
393398
393132
392964
392909
392900
392844
392720
392692
392676
392506
392406
392142
392012
391996
391946
391753
391649
391447
391440
391424
391418
391406
391394
391384
391120
390736
390513
390303
390159
390127
390115
390083
389975
389748
389676
389660
389361
389339
389032
388997
388926
388897
388876
388759
388739
388604
388582
388289
388204
387917
387908
387862
387802
387745
387634
387545
387495
387325
387143
387124
386940
386814
386765
386641
386495
386468
386413
386408
386288
386259
386241
386225
385983
385813
385811
385720
385673
385650
385647
385586
385403
385353
385313
385169
384886
384805
384526
384256
384107
384093
383951
383905
383731
383689
383224
383149
383144
383025
382956
382888
382844
382828
382787
382784
382782
382727
382639
382577
382534
382311
382309
382303
382193
382097
381924
381915
381864
381705
381619
381593
381588
381585
381470
380878
380677
380407
380329
380316
380300
379832
379828
379776
379773
379768
379661
379656
379643
379309
379260
379187
379058
379051
378986
378906
378900
378868
378851
378644
378637
378620
378462
378238
378173
378128
377944
377857
377847
377733
377645
377598
377561
377492
377340
377195
377065
376966
376897
376734
376605
376396
376372
376262
376058
376042
375906
375612
374948
374893
374890
374879
374798
374535
374497
374495
374151
374100
374040
373723
373596
373309
372972
372938
372909
372716
372567
372514
372438
372366
372348
372137
371819
371726
371353
371209
371195
371128
371125
370799
370673
370615
370599
370561
370484
370411
370329
370260
370196
370190
370068
370039
369899
369764
369760
369645
369632
369523
369475
369240
369094
369078
369006
368778
368674
368450
368328
368167
368119
368082
368028
367988
367861
367640
367631
367619
367573
367495
367432
367409
367314
367206
367004
366952
366883
366821
366612
366607
366524
366472
366382
366338
366268
366239
366094
365906
365403
365368
365313
365312
365258
365178
365085
365057
364816
364794
364535
364380
364244
364097
363892
363865
363516
363434
363407
363343
363202
363090
363059
362854
362792
362701
362642
362626
362247
362090
362073
361995
361974
361880
361810
361672
361524
361116
361111
361063
361030
360949
360929
360923
360910
360730
360599
360556
360455
360222
360138
360134
360128
359912
359903
359866
359719
359714
359503
359281
359261
359246
359157
359103
359028
358817
358622
358452
358443
358442
358417
358372
358086
358052
357884
357815
357760
357657
357528
357526
357263
357179
356907
356772
356421
356304
356190
356154
356118
356002
355979
355752
355144
355098
354961
354833
354343
354173
354158
354076
353843
353510
353505
353134
353101
353004
352926
352816
352729
352394
352292
352269
352008
351983
351975
351907
351906
351850
351688
351576
351568
351398
351397
351199
351171
351157
351088
351000
350992
350870
350851
350472
350471
350385
350247
350080
350066
349949
349787
349782
349737
349735
349559
349371
349365
349310
349099
349008
348882
348756
348715
348332
348167
348124
347949
347941
347700
347689
347672
347548
347459
347349
347313
347312
347228
347207
347039
346927
346832
346827
346707
346500
346326
346050
346013
345873
345740
345503
345479
345408
345331
345154
345075
345036
344835
344551
344467
344429
344350
344249
344059
344056
343908
343798
343722
343683
343644
343521
343325
343280
343201
342917
342851
342849
342478
342469
342435
342359
342149
342117
342061
342017
341951
341946
341796
341776
341605
341371
341366
341107
340923
340802
340762
340407
340176
340118
339967
339957
339697
339558
339408
339323
339320
339178
339004
338941
338905
338854
338799
338521
338256
338107
338027
337897
337767
337759
337729
337528
337510
337446
337380
337295
337290
337208
336975
336903
336480
336472
336409
336242
336125
336112
336074
336073
336040
335772
335747
335656
335576
335520
335155
335125
334828
334619
334491
334409
334369
334323
334166
334163
334155
334010
333919
333864
333474
333454
333416
333312
333276
333253
333229
333164
333122
332985
332617
332376
332204
332195
332145
332114
332023
331931
331782
331703
331608
331586
331533
331365
331344
331238
331188
330922
330611
330571
330402
330365
330105
329900
329811
329682
329648
329244
329237
329211
329197
329108
329061
328997
328798
328760
328684
328669
328658
328651
328592
328445
328431
327982
327962
327940
327876
327851
327764
327513
327401
327394
327196
327164
327134
327009
326911
326879
326839
326834
326744
326334
326323
326259
326194
325945
325816
325667
325645
325623
325546
325526
325478
325466
325397
325352
325108
325032
325030
324995
324828
324825
324824
324482
324465
324341
324252
324228
324225
324173
324132
323960
323952
323768
323716
323591
323520
323350
323339
323328
323282
323198
323094
322979
322954
322872
322839
322692
322586
322534
322497
322345
322320
322070
321925
321910
321905
321886
321823
321724
321594
321410
321339
321242
321178
321053
320744
320733
320620
320427
320340
320268
320089
320059
320045
320002
319979
319943
319845
319784
319759
319751
319662
319551
319536
319495
319455
319450
319415
319382
319281
319265
319208
319126
319067
318961
318871
318822
318799
318699
318696
318695
318593
318387
318212
318196
318110
318039
318018
317853
317803
317765
317719
317498
317447
317397
317347
317276
317148
317095
316465
316430
316419
316404
316349
316348
316341
316180
316163
316117
316082
316072
316027
316011
315549
315066
314861
314806
314668
314652
314393
314329
314322
314299
314183
314153
314114
313994
313969
313944
313701
313629
313581
313410
313407
313375
313117
312999
312891
312784
312775
312752
312369
312304
312260
312036
311924
311816
311542
311528
311492
311418
311416
311400
311329
311296
311277
311265
311232
311209
310831
310665
310589
310559
310454
310351
310270
310205
310126
310051
310042
310017
309789
309719
309656
309649
309615
309588
309576
309498
309489
309251
309197
309103
309033
309027
309001
308993
308968
308936
308809
308664
308380
308174
308066
307883
307723
307517
307439
307207
307062
307009
306722
306579
306536
306531
306419
306375
306295
306286
306285
306282
306152
305968
305937
305707
305674
305605
305574
305234
304990
304985
304728
304719
304337
304071
304022
303708
303706
303669
303637
303453
303424
303414
303327
303325
303268
303165
303100
302987
302968
302854
302755
302602
302339
302150
301923
301766
301622
301620
301532
301511
301467
301455
301214
301145
300747
300646
300488
300482
300248
300093
300035
299970
299808
299673
299466
299379
299303
299293
299282
299238
299144
299066
299010
298981
298822
298750
298489
298476
298376
298322
298160
298153
298012
297971
297880
297878
297859
297572
297548
297472
297422
297317
297304
297279
297235
297030
296980
296954
296841
296809
296804
296488
296354
296121
296072
295659
295215
295192
295091
294720
294681
294623
294454
294189
294183
294149
294014
293965
293900
293717
293366
293261
293204
293195
293145
293102
293004
292867
292677
292658
292650
292607
292505
292210
292188
292125
292020
291980
291978
291904
291899
291773
291680
291665
291305
291240
291206
291089
290993
290929
290864
290716
290653
290651
290597
290587
290575
290495
290479
290340
290288
290049
290016
290003
289755
289706
289663
289628
289330
289251
289217
289150
289087
288960
288942
288916
288839
288814
288538
288272
288130
288092
288063
288009
287690
287666
287661
287464
287398
287353
287322
287310
287295
287211
286973
286956
286953
286855
286770
286667
285770
285592
285579
285448
285256
285248
284991
284897
284890
284824
284785
284718
284522
284384
284319
284210
284178
284128
284113
283944
283863
283685
283664
283577
283516
283495
283476
283460
283425
283298
283030
282970
282962
282875
282817
282503
282482
282362
282318
282200
282158
281979
281733
281682
281387
281355
281292
281198
281147
280515
280493
280479
280235
280215
280201
280166
280089
280012
279974
279629
279623
279438
279400
279368
279282
279072
279007
278887
278854
278769
278724
278673
278633
278232
277996
277947
277915
277878
277407
277383
277327
277295
277118
277044
277025
276996
276979
276978
276568
276508
276477
276210
276177
275965
275879
275728
275712
275711
275606
275544
275345
275273
275062
274819
274358
274201
274148
274077
274033
274020
273963
273922
273916
273830
273827
273727
273586
273212
273102
272776
272428
272370
272363
272311
272159
271832
271598
271566
271487
271447
271425
271371
271225
271149
271079
271035
270946
270844
270832
270771
270676
270654
270618
270590
270586
270377
270235
270215
270108
269981
269964
269917
269860
269785
269682
269638
269591
269577
269475
269448
269335
269046
269025
268901
268805
268747
268745
268741
268620
268600
268470
268368
268319
268302
268235
268194
268068
268061
267704
267562
267499
267498
267450
267405
267318
267211
267105
266757
266713
266554
266481
266428
266355
266349
266115
266090
265967
265811
265788
265773
265508
265459
265432
265415
265220
265204
265027
264932
264892
264868
264841
264296
264220
264204
264059
264005
263941
263822
263804
263475
263466
263379
263378
263361
263336
263205
262979
262922
262814
262721
262603
262589
262456
262432
262363
262320
262240
262090
261973
261765
261733
261710
261605
261473
261330
261270
261201
261157
260945
260934
260899
260871
260805
260801
260791
260775
260772
260733
260653
260446
260414
260410
260380
260117
259977
259862
259753
259530
259041
259026
258758
258755
258704
258608
258521
258498
258396
258061
258050
257956
257933
257498
257096
256987
256983
256958
256922
256912
256860
256834
256724
256669
256629
256499
256498
256478
256380
256247
256195
256143
256083
255871
255775
255665
255581
255553
255452
255434
255310
255225
255212
255200
255111
254896
254879
254849
254798
254787
254761
254713
254670
254394
254384
254258
254026
253963
253874
253610
253525
253471
253009
252961
252959
252705
252625
252352
252251
252004
251970
251967
251870
251440
251402
251124
250967
250807
250791
250374
249975
249948
249924
249841
249650
249332
248897
248746
248346
248279
248248
248213
248111
247962
247827
247680
247676
247400
247220
247214
247203
247051
246991
246889
246882
246826
246605
246582
246446
246378
246278
246235
246041
245721
245703
245621
245562
245383
245249
245222
245190
245127
244946
244823
244814
244401
244165
244097
244069
244007
243982
243962
243938
243920
243916
243880
243840
243698
243635
243561
243106
243097
243076
242740
242583
242536
242530
242516
242263
242212
242065
241888
241784
241705
241662
241440
241387
241358
241269
240995
240952
240856
240524
240469
240450
240440
240274
240207
240142
240086
240023
239818
239526
239457
239445
239393
239380
239319
239226
239203
239146
239010
238901
238725
238542
238360
238302
238257
238250
238245
238195
238175
238027
237930
237925
237899
237879
237768
237712
237684
237616
237535
237490
237429
237252
237232
237210
237208
237193
236951
236899
236884
236794
236752
236734
236697
236692
236681
236309
236307
236266
236225
236164
236111
235904
235902
235824
235817
235797
235452
235304
235302
235189
235152
234920
234871
234869
234743
234701
234664
234597
234576
234424
234322
234309
234058
234015
233865
233827
233782
233551
233530
233460
233453
233266
233168
233138
233056
233041
233018
232921
232861
232855
232661
232543
232539
232404
232334
232333
232260
232157
232023
232021
231964
231935
231674
231661
231447
231356
231343
231324
231120
231018
230923
230866
230777
230651
230356
230335
230298
230231
230120
230013
230010
229891
229642
229480
229281
229246
228959
228597
228590
228455
228430
228414
228342
228266
228133
228114
228004
227531
227417
227375
227199
226920
226831
226718
226596
226522
226357
226346
226323
226301
226252
226145
225809
225734
225696
225646
225404
225377
225359
225345
225236
225166
224916
224902
224787
224777
224743
224738
224706
224637
224625
224530
224078
223977
223949
223945
223898
223778
223753
223663
223632
223542
223450
223409
223406
222857
222837
222614
222516
222440
222079
222009
221994
221929
221908
221310
221291
221200
221019
220922
220845
220802
220647
220603
220369
220329
220280
220088
219885
219861
219847
219773
219760
219408
219171
219152
219112
219009
218966
218943
218747
218694
218642
218518
218389
218385
218365
218293
218241
217986
217867
217859
217782
217781
217748
217730
217532
217368
217290
217182
217118
217106
217072
217018
217001
216988
216938
216647
216595
216413
216323
216018
216009
215971
215934
215908
215850
215845
215839
215816
215710
215685
215466
215414
215378
215174
215130
214940
214681
214668
214458
214409
214088
213940
213811
213714
213651
213590
213537
213490
213411
213300
213230
213141
213101
213086
213049
212915
212901
212892
212858
212746
212711
212651
212644
212612
212459
212370
212265
212150
212064
211945
211942
211860
211694
211676
211589
211572
211567
211480
211466
211278
211103
211083
211035
210998
210852
210765
210654
210591
210515
210433
210280
210270
210171
210061
210013
210003
209921
209920
209818
209740
209724
209704
209638
209542
209474
209471
209437
209405
209257
209254
209203
208970
208875
208664
208617
208585
208335
208137
207994
207823
207512
207421
207340
207334
207229
207206
207196
207079
207072
206819
206691
206658
206587
206460
206310
206290
206232
206158
206122
206114
206027
206014
205836
205479
205329
205217
205209
205094
204714
204651
204568
204423
204344
204253
204132
204026
203652
203502
203422
203345
203261
202933
202876
202835
202795
202586
202445
202309
202211
202187
202183
202083
202046
201820
201593
201558
201504
201386
201364
201317
201159
201029
200920
200822
200461
200244
199783
199763
199748
199714
199640
199529
199427
199393
199383
199200
198895
198581
198345
198182
198109
198062
198035
198011
197940
197615
197601
197418
197361
197359
197258
197246
197169
197161
197125
197036
196850
196817
196493
196400
196376
196356
196206
195982
195906
195782
195729
195683
195362
195327
195221
195085
195072
195066
194991
194958
194912
194656
194632
194606
194404
194380
194326
194322
194283
194076
194036
193959
193850
193847
193808
193650
193627
193505
193398
192996
192879
192737
192716
192597
192518
192498
192495
192414
192382
192369
192337
192126
192065
191976
191903
191835
191833
191811
191794
191584
191475
191359
191184
191105
191101
190968
190785
190778
190645
190525
190521
190296
190208
190153
190127
190113
190099
189881
189759
189686
189675
189557
189391
189380
189098
189090
188954
188683
188675
188546
188502
188428
188309
188277
188234
188156
188047
187811
187755
187718
187669
187666
187617
187416
187395
187366
187310
187267
187223
187216
187117
187074
186817
186815
186617
186462
186420
186367
186341
186293
186286
186281
186226
186184
186082
186054
186006
185781
185718
185713
185696
185487
185471
185414
185409
185394
185322
185148
184983
184829
184814
184636
184572
184478
184456
184415
184362
184175
183952
183850
183721
183703
183647
183573
183508
183490
183375
183346
183183
183119
182876
182841
182587
182538
182518
182479
182472
182416
182151
182140
181992
181774
181521
181012
180802
180791
180778
180754
180744
180689
180302
180072
180011
180006
179991
179985
179758
179757
179744
179624
179595
179556
179513
179493
179380
178991
178782
178502
178483
178261
178201
178175
177941
177679
177587
177526
177499
177474
177348
177307
177253
177054
176968
176901
176833
176527
176517
176427
176413
176400
176323
176125
176114
176045
175980
175921
175913
175617
175403
175388
175258
175146
174940
174929
174922
174649
174533
174531
174468
174409
174224
174187
174157
174121
173965
173902
173869
173748
173743
173659
173645
173560
173516
173476
173399
173331
173313
173078
173069
173031
172861
172800
172773
172727
172715
172509
172505
172440
172431
172291
172058
171926
171890
171875
171765
171697
171673
171592
171584
171481
171477
171123
170788
170629
170552
170398
170282
170225
170164
170158
169983
169945
169933
169851
169750
169443
169417
169091
168982
168817
168793
168789
168774
168526
168506
168441
168340
168335
168293
168247
168244
168215
168149
168142
168108
167869
167859
167835
167831
167628
167508
167458
167325
167285
167185
167107
167104
167057
166981
166940
166601
166584
166510
166460
166437
166391
166118
165761
165638
165519
165499
165485
165472
165465
165453
165445
165332
165286
165185
164764
164754
164649
164624
164589
164482
164414
164365
164052
163966
163930
163901
163702
163626
163552
163550
163469
163327
162937
162694
162611
162552
162546
162533
162525
162481
162472
162284
162145
162053
161946
161940
161824
161818
161734
161515
161398
161111
161077
161032
160990
160845
160778
160728
160541
160378
160332
160306
160143
160112
160092
159877
159799
159782
159729
159719
159660
159592
159585
159535
159496
159257
159206
159161
159050
158996
158861
158737
158730
158690
158652
158486
158379
158360
158159
158140
158019
157980
157767
157638
157510
157456
157447
157445
157369
157097
156946
156932
156898
156678
156637
156405
156376
156361
156218
156049
156018
155838
155675
155646
155605
155505
155397
155327
155304
155285
155194
155057
154964
154847
154781
154613
154587
154555
154462
154331
154272
154232
154187
154156
153941
153825
153350
153249
153184
153140
153138
153128
152989
152624
152604
152536
152431
152380
152369
152346
152302
152251
152146
152049
152032
152010
151908
151681
151662
151584
151550
151445
151441
151217
151003
150960
150872
150847
150845
150555
150213
150187
150174
149978
149848
149820
149431
149225
149164
149094
149080
149012
148948
148920
148585
148555
148493
148310
148226
147994
147990
147884
147853
147632
147621
147530
147381
147360
147343
147320
147118
147111
147071
146999
146677
146567
146535
146497
146413
146390
146379
146357
146276
146065
145838
145577
145454
145431
145381
145369
144972
144692
144565
144205
144095
144059
143946
143870
143778
143660
143605
143377
143329
143302
143165
143057
143032
142991
142907
142451
142399
142257
141977
141972
141938
141935
141824
141764
141740
141695
141501
141260
141154
141129
140954
140911
140792
140789
140683
140417
140278
139948
139835
139594
139545
139491
139467
139445
139310
139199
139155
139023
138940
138816
138544
138538
138529
138417
138359
138139
138057
138036
137971
137895
137555
137542
137490
137298
137291
137281
137226
137223
137183
136854
136835
136817
136806
136779
136777
136756
136628
136479
136406
136341
136318
136240
136027
136000
135989
135914
135861
135813
135716
135706
135704
135676
135665
135535
135430
135289
135013
134941
134773
134696
134679
134574
134439
134414
134309
134124
134016
133904
133719
133583
133571
133411
133245
133213
133166
133070
132567
132490
132476
132397
132368
132365
131790
131748
131434
131216
131117
131102
131099
131078
130914
130868
130776
130504
130484
130359
130153
130013
129936
129891
129818
129806
129300
129295
129239
129229
129180
129173
128998
128986
128899
128888
128870
128838
128686
128650
128632
128631
128489
128255
128238
128225
128217
128170
128159
127989
127957
127841
127816
127603
127579
127569
127508
127470
127380
127318
127164
127160
127087
127068
126985
126720
126461
126408
126241
126212
126155
125993
125882
125722
125516
125505
125296
124955
124637
124611
124586
124363
124217
124160
124159
123385
123379
123111
123106
123104
122932
122881
122832
122720
122587
122573
122569
122530
122499
122477
122216
122187
122152
122120
121992
121816
121712
121701
121563
121491
121351
121286
121282
121156
120944
120848
120827
120816
120797
120734
120733
120727
120686
120638
120584
120575
120538
120516
120471
120456
120264
120259
120138
120126
120104
120070
119902
119887
119769
119723
119720
119675
119594
119507
119449
119448
119396
119311
119305
119203
119057
119024
118997
118956
118948
118902
118842
118777
118635
118488
118404
118220
117901
117776
117724
117700
117691
117664
117652
117525
117498
117377
117034
116927
116821
116804
116721
116643
116196
116194
116066
116014
115910
115775
115659
115620
115484
115330
115260
115223
115150
115055
114963
114907
114906
114628
114605
114554
114443
114331
114239
114198
114172
114110
114053
113554
113486
113438
113077
113067
113043
112967
112954
112921
112916
112805
112623
112420
112409
112337
112311
112292
112209
111960
111933
111768
111760
111628
111488
111418
111178
111025
111009
110974
110945
110819
110695
110663
110346
110299
110230
110166
110155
110122
110085
110034
109755
109749
109552
109465
109450
109411
109136
108963
108506
108469
108444
108421
108417
108368
108361
108321
108317
108303
108230
108049
107998
107666
107619
107340
107272
107143
107089
107067
106953
106905
106847
106795
106764
106658
106465
106398
106393
106352
106276
106266
105999
105796
105663
105647
105362
105338
105257
105229
105185
105041
105005
104860
104705
104695
104685
104605
104590
104450
104378
104324
104001
103977
103837
103822
103807
103625
103432
103319
103316
103149
103101
103100
103088
102937
102905
102855
102754
102685
102627
102618
102479
101964
101963
101800
101747
101625
101606
101576
101537
101531
101438
101379
101231
101163
101102
100905
100833
100827
100617
100613
100509
100458
100390
100274
100213
100105
99662
99490
99377
99296
99244
98746
98724
98697
98600
98557
98519
98499
98307
98263
98148
97947
97889
97736
97677
97655
97631
97576
97453
97245
97047
97033
96644
96636
96634
96603
95949
95923
95891
95705
95506
95435
95417
95201
95090
94980
94763
94743
94424
94111
94088
94062
93978
93785
93779
93585
93419
93319
93282
93265
93213
93061
92809
92646
92586
92463
92446
92384
92311
92233
92176
91927
91914
91544
91541
91260
91249
91235
91182
91116
91110
91043
91001
90814
90743
90658
90553
90476
90388
90315
90016
90011
89994
89989
89841
89816
89743
89655
89446
89416
89371
89217
89025
89015
88956
88838
88779
88561
88455
88379
88265
88064
88025
87971
87952
87708
87376
87248
87129
87116
87092
87006
86950
86790
86718
86547
86514
86415
86384
86272
86156
86151
86030
86011
86002
85966
85896
85779
85750
85742
85720
85642
85558
85481
85302
85261
85208
85205
85161
85034
84729
84668
84618
84547
84464
84448
84438
84405
84308
84300
84149
84133
84076
83722
83717
83408
83316
83299
83190
82921
82896
82737
82709
82661
82538
82343
82053
81924
81844
81311
81287
81162
81145
81016
80934
80848
80736
80536
80449
80386
80273
80250
80181
80145
79962
79884
79868
79820
79785
79655
79644
79551
79493
79426
79417
78952
78920
78735
78517
78414
78368
78333
78276
78095
78018
77943
77933
77852
77824
77759
77729
77411
77278
77165
77140
77085
76999
76966
76903
76850
76791
76675
76475
76444
76146
76121
76093
75919
75804
75734
75628
75387
75290
75188
75187
75067
75060
75029
75002
74859
74854
74711
74688
74662
74529
74450
74448
74382
74071
74034
74018
73649
73630
73591
73545
73380
73275
73241
73180
73118
73080
72973
72870
72858
72758
72686
72614
72367
72354
72352
72175
72157
71935
71910
71871
71822
71811
71689
71611
71610
71531
71485
71450
71394
71310
71242
71070
71062
71036
70974
70925
70850
70839
70688
70654
70566
70495
70471
70453
70429
70357
70349
70341
70033
69922
69916
69913
69858
69678
69334
69018
68726
68667
68321
68198
68143
68111
67948
67946
67773
67621
67449
67443
67246
67216
67214
66998
66845
66820
66811
66746
66683
66370
66291
66049
66003
65843
65834
65726
65698
65639
65619
65513
65338
65241
65124
64933
64917
64873
64840
64545
64543
64326
64209
64073
64018
63958
63909
63867
63819
63600
63579
63529
63435
63343
63094
62971
62966
62934
62815
62813
62711
62518
62437
62347
62329
62092
61899
61584
61434
61393
61165
61116
61055
60913
60628
60553
60530
60449
60286
60269
60244
60204
59997
59945
59850
59762
59754
59726
59709
59557
59548
59483
59358
59264
58816
58769
58638
58568
58521
58334
58276
58257
58204
57993
57862
57845
57803
57755
57666
57623
57485
57475
57422
57415
57349
57322
57309
57126
57030
57020
56774
56736
56691
56683
56559
56371
56250
56200
56089
56080
55933
55904
55868
55865
55856
55617
55499
55366
55234
55110
55108
55083
55069
54963
54936
54904
54869
54849
54701
54496
54428
54379
54355
54169
54083
54077
53905
53897
53763
53390
53320
53187
53169
53049
52999
52992
52948
52559
52511
52369
52119
52041
51695
51535
51483
51459
51362
51219
51193
50965
50777
50666
50606
50316
50144
50027
49742
49694
49521
49505
49265
49248
49217
49166
49140
49117
48661
48543
48429
48419
48408
48251
48184
48094
47911
47641
47444
47268
47242
46756
46601
46507
46386
46313
46133
46039
46030
45584
45512
45488
45335
45317
45037
45014
44967
44494
44491
44465
44360
44344
44252
44056
44000
43985
43973
43949
43899
43872
43861
43645
43461
43349
43321
43104
43100
43095
42775
42763
42627
42491
42405
42363
42213
42196
42158
42139
42058
41989
41925
41831
41827
41810
41582
41436
41421
41049
40916
40729
40721
40514
40327
40262
40200
39975
39969
39833
39829
39645
39630
39563
39301
38986
38875
38860
38857
38779
38740
38644
38572
38539
38432
38363
38275
38243
38189
38178
38098
37874
37860
37843
37740
37667
37588
37556
37411
37402
37397
37382
37222
37054
37044
36972
36735
36720
36697
36682
36582
36321
36193
35979
35848
35845
35787
35743
35721
35233
35140
35015
35010
35008
34988
34947
34882
34848
34738
34648
34590
34493
34399
34244
33968
33847
33812
33579
33298
33295
33147
33075
32934
32908
32767
32652
32634
32631
32449
32203
32041
31824
31811
31792
31463
31304
31268
31253
30941
30921
30917
30849
30796
30788
30559
30534
30432
30410
30325
30142
30122
30114
30101
29960
29942
29880
29868
29757
29751
29696
29674
29498
29426
29385
29309
29166
28800
28786
28315
28134
28122
28090
27842
27754
27699
27529
27444
27318
27308
27276
27265
27257
27092
27030
27020
26998
26964
26962
26950
26826
26804
26681
26610
26465
26326
26266
26220
25831
25827
25750
25715
25675
25635
25563
25506
25497
25090
25008
24934
24910
24725
24682
24577
24462
24286
24196
24167
24158
24157
24153
24034
24001
23831
23653
23468
23135
23107
22930
22812
22768
22703
22667
22551
22492
22433
22421
22263
22235
22094
21752
21695
21374
21275
21274
21182
21150
20965
20940
20934
20858
20773
20730
20649
20641
20444
20414
20214
20155
20060
19841
19779
19744
19679
19662
19638
19632
19407
19351
19348
19008
18788
18565
18503
18188
18138
18106
18072
18046
17881
17798
17759
17499
17410
17268
17262
16841
16801
16591
16533
16523
16423
16373
16345
16210
16071
16006
15701
15420
15231
15134
15063
14955
14732
14709
14432
14422
14401
13946
13931
13813
13392
13391
13260
13194
13186
13130
13034
13030
13012
13002
12963
12775
12514
12477
12346
12296
12220
12171
12157
12107
11808
11728
11694
11617
11553
11476
11449
11414
11369
11261
11033
11017
10960
10891
10819
10776
10746
10712
10693
10550
10529
10374
10319
10299
10266
10141
9923
9899
9897
9752
9491
9425
9358
9257
9104
9010
8949
8782
8472
8445
8438
8396
8103
7748
7742
7739
7666
7574
7552
7538
7535
7426
7357
7003
6826
6779
6316
6102
6020
6011
5969
5920
5874
5824
5779
5684
5472
5198
5138
5084
5039
4716
4280
4198
3945
3840
3813
3750
3635
3601
3419
3371
3312
3301
3114
3085
2918
2810
2774
2772
2674
2665
2509
2498
2285
2157
2139
2121
2054
1937
1927
1898
1721
1706
1619
1267
1233
1200
1074
1046
1005
992
990
879
853
738
612
526
500
495
445
319
245
188
19
