971019
970882
970855
970731
970630
970537
970409
970345
970150
970009
969911
969806
969689
969538
969468
969335
969209
969157
969098
968969
968966
968836
968772
968667
968606
968530
968429
968364
968282
968155
967998
967853
967826
967749
967680
967648
967469
967319
967235
967096
966965
966888
966719
966615
966599
966502
966442
966298
966274
966231
966171
966109
966075
965953
965856
965733
965643
965555
965478
965419
965297
965153
965043
965037
964882
964839
964714
964693
964550
964520
964441
964329
964141
964000
963904
963819
963672
963575
963437
963333
963314
963297
963213
963120
963017
962930
962834
962801
962703
962593
962511
962497
962417
962294
962175
962118
962092
961971
961835
961707
961613
961507
961451
961399
961272
961160
961053
960934
960830
960810
960723
960604
960429
960312
960237
960133
959991
959901
959802
959668
959630
959541
959406
959310
959195
959150
959071
959014
958853
958720
958660
958502
958390
958288
958158
958137
957983
957842
957742
957725
957667
957656
957568
957422
957287
957210
957108
957040
956940
956908
956777
956687
956599
956597
956484
956337
956302
956197
956062
955905
955791
955576
955505
955449
955312
955243
955201
955138
955079
955047
954918
954807
954666
954659
954562
954533
954456
954425
954322
954310
954192
954038
953830
953825
953726
953655
953581
953464
953423
953370
953272
953182
953044
952928
952735
952688
952588
952484
952381
952315
952153
952013
951902
951802
951679
951489
951403
951237
951118
951000
950933
950829
950782
950645
950535
950485
950444
950406
950337
950195
950097
950053
949983
949851
949725
949561
949422
949322
949280
949170
949130
949037
948988
948938
948799
948703
948570
948532
948442
948314
948253
948206
948123
947890
947781
947723
947526
947447
947365
947297
947227
947125
947026
946963
946797
946697
946611
946581
946497
946332
946228
946165
946142
946054
945907
945779
945623
945510
945426
945324
945172
945081
944920
944869
944731
944602
944520
944463
944349
944273
944117
944055
943862
943712
943565
943410
943349
943329
943190
943100
943049
942987
942919
942798
942774
942632
942492
942360
942253
942159
942073
942060
942018
941889
941808
941692
941569
941463
941357
941304
941204
941163
941035
941004
940882
940825
940722
940652
940544
940443
940360
940191
940154
940087
940011
939940
939782
939658
939454
939383
939305
939221
939156
939079
939029
938928
938779
938711
938630
938429
938346
938266
938208
938196
938110
938019
937933
937752
937669
937617
937519
937438
937333
937247
937122
937012
936818
936663
936509
936450
936405
936318
936243
936158
936054
935946
935896
935781
935744
935614
935514
935392
935218
935216
935116
935025
934891
934803
934694
934535
934436
934419
934344
934234
934051
933939
933893
933861
933700
933626
933578
933454
933352
933298
933157
933021
932949
932869
932777
932689
932549
932439
932227
932190
932123
932036
931973
931925
931785
931631
931493
931436
931372
931191
931099
930970
930828
930710
930574
930380
930257
930170
930104
929949
929856
929710
929683
929537
929503
929433
929355
929308
929249
929148
929061
928932
928846
928788
928677
928635
928481
928409
928288
928147
928042
927923
927856
927738
927612
927464
927433
927319
927260
927185
927028
926978
926870
926736
926591
926483
926411
926314
926149
926108
925972
925914
925911
925821
925690
925619
925577
925510
925407
925368
925246
925129
925127
925029
924927
924895
924799
924683
924574
924506
924502
924399
924309
924175
924126
924013
923904
923804
923643
923607
923490
923452
923310
923141
923008
922899
922757
922657
922588
922425
922326
922157
921965
921862
921777
921750
921644
921513
921405
921251
921147
921069
920951
920906
920813
920679
920583
920537
920437
920301
920225
920174
920064
919989
919911
919808
919721
919707
919523
919476
919402
919385
919289
919213
919150
919083
918984
918905
918787
918682
918609
918494
918346
918332
918216
918161
918077
918004
917940
917847
917720
917641
917504
917375
917338
917237
917081
917009
916858
916764
916627
916534
916434
916316
916198
916141
916079
915886
915752
915652
915621
915520
915409
915320
915249
915091
915058
914931
914785
914732
914605
914562
914439
914315
914231
914125
914035
913918
913756
913569
913495
913390
913368
913242
913214
913155
913059
912894
912784
912694
912595
912509
912393
912359
912250
912093
912048
911976
911885
911777
911708
911664
911530
911437
911221
911150
911076
911013
910926
910844
910701
910594
910479
910329
910265
910144
910002
909829
909628
909559
909386
909329
909212
909081
908995
908850
908746
908671
908593
908457
908388
908253
908217
908115
908046
907959
907918
907881
907775
907666
907525
907402
907386
907287
907174
907012
906866
906762
906575
906470
906396
906257
906205
906183
906146
906037
905987
905953
905799
905648
905608
905574
905421
905277
905119
905077
904999
904884
904763
904751
904672
904650
904611
904484
904399
904318
904167
904106
903974
903910
903892
903875
903841
903720
903597
903384
903251
903158
903052
902917
902814
902722
902595
902543
902495
902352
902234
902090
902048
901987
901896
901739
901624
901580
901471
901365
901269
901192
901058
900982
900927
900803
900708
900586
900570
900429
900304
900196
900107
899995
899896
899721
899565
899506
899355
899332
899227
899138
899039
898954
898812
898712
898555
898467
898366
898269
898217
898030
897873
897714
897592
897486
897330
897249
897137
897002
896946
896814
896729
896654
896583
896445
896418
896322
896278
896168
895993
895837
895690
895592
895503
895473
895388
895313
895279
895165
895154
895112
894966
894809
894687
894646
894605
894578
894444
894374
894208
894094
894011
893922
893768
893614
893502
893473
893338
893187
893035
892882
892713
892519
892449
892370
892254
892129
892111
891975
891917
891863
891743
891589
891527
891430
891344
891158
891065
890935
890850
890767
890723
890681
890558
890486
890453
890312
890140
890049
889892
889762
889743
889652
889566
889523
889386
889310
889272
889156
889074
888961
888898
888764
888710
888533
888468
888357
888279
888258
888200
888144
887970
887844
887721
887678
887652
887608
887478
887443
887420
887335
887273
887144
887012
886905
886779
886726
886617
886479
886343
886278
886188
886108
886043
885921
885888
885837
885724
885595
885441
885250
885119
885029
884977
884867
884737
884593
884523
884465
884379
884292
884142
884078
883989
883790
883779
883665
883588
883504
883396
883340
883308
883216
883145
882964
882879
882792
882658
882647
882506
882362
882321
882236
882078
882025
881942
881875
881806
881699
881551
881330
881305
881203
881150
881093
881067
880986
880858
880690
880577
880499
880495
880419
880338
880180
880060
879940
879804
879741
879623
879585
879506
879410
879282
879271
879202
879103
879008
878966
878883
878851
878739
878650
878508
878348
878214
878055
877978
877813
877726
877629
877530
877420
877247
877202
877116
876959
876880
876776
876742
876656
876556
876425
876320
876215
876147
876068
875969
875756
875671
875616
875461
875403
875333
875205
875168
875039
874870
874791
874664
874540
874499
874395
874390
874240
874102
874023
873917
873822
873697
873562
873442
873299
873164
873077
872992
872954
872887
872847
872643
872486
872387
872272
872201
872119
872043
871918
871859
871826
871731
871605
871416
871297
871262
871077
871031
870927
870825
870748
870648
870503
870446
870392
870238
870131
870013
869861
869812
869683
869568
869467
869358
869255
869173
869049
868931
868808
868608
868595
868464
868316
868124
868042
867934
867804
867623
867508
867390
867280
867113
866987
866842
866728
866621
866484
866337
866269
866236
866056
866029
865883
865835
865748
865621
865493
865368
865223
865200
865038
865003
864956
864905
864836
864762
864713
864637
864519
864405
864310
864273
864129
864087
863965
863902
863761
863584
863489
863464
863402
863350
863306
863212
863163
863052
862956
862852
862736
862698
862548
862444
862370
862286
862185
862088
861972
861895
861839
861682
861613
861553
861441
861368
861355
861265
861231
861129
860955
860839
860802
860711
860536
860454
860346
860167
860086
859979
859937
859864
859855
859686
859588
859415
859355
859209
859186
859073
859013
858849
858790
858707
858640
858467
858319
858176
858061
857981
857876
857837
857818
857754
857671
857565
857458
857304
857168
857078
856950
856938
856765
856627
856562
856473
856401
856356
856297
856186
856066
855887
855730
855611
855522
855477
855341
855249
855156
855007
854883
854758
854709
854561
854522
854416
854267
854164
854126
854026
853931
853865
853715
853649
853575
853402
853361
853302
853215
853133
853060
853034
852999
852924
852739
852662
852640
852524
852421
852293
852134
852096
851998
851860
851671
851611
851515
851331
851181
851105
851028
850943
850882
850732
850634
850502
850433
850347
850198
850092
849966
849871
849814
849700
849683
849510
849449
849316
849155
849107
848923
848872
848813
848688
848606
848467
848435
848315
848267
848096
848035
847901
847720
847584
847497
847439
847387
847344
847231
847158
847037
847010
846899
846872
846768
846644
846525
846428
846349
846207
846005
845841
845767
845741
845625
845546
845433
845354
845253
845175
845111
844921
844871
844752
844571
844526
844409
844303
844178
844090
843922
843820
843692
843532
843404
843232
843086
843053
842967
842931
842883
842780
842646
842532
842403
842341
842233
842127
842025
842001
841896
841748
841627
841498
841410
841354
841268
841249
841128
840958
840870
840747
840660
840479
840403
840305
840273
840105
840074
839944
839885
839758
839638
839579
839571
839394
839338
839242
839216
839045
838871
838734
838659
838644
838601
838435
838412
838309
838255
838201
838149
838037
837991
837899
837777
837724
837692
837601
837547
837475
837428
837260
837147
837040
836963
836823
836707
836660
836637
836550
836482
836364
836260
836083
836018
835861
835787
835621
835447
835359
835199
835023
834922
834737
834647
834568
834443
834386
834337
834202
834044
833910
833846
833683
833534
833481
833346
833239
833116
833068
832956
832862
832756
832670
832603
832521
832345
832265
832225
832096
831980
831893
831822
831717
831625
831615
831567
831469
831382
831330
831266
831178
831030
830978
830823
830648
830621
830551
830477
830453
830410
830258
830127
830022
829935
829779
829717
829634
829559
829444
829252
829156
828967
828856
828775
828632
828548
828419
828356
828322
828245
828083
827961
827849
827734
827726
827580
827518
827455
827389
827285
827153
827109
827045
827015
826976
826901
826760
826661
826619
826529
826448
826401
826353
826116
825938
825825
825734
825664
825584
825456
825381
825275
825195
825042
824930
824864
824805
824645
824494
824437
824325
824194
824081
823999
823888
823785
823667
823516
823435
823365
823293
823224
823157
823037
822975
822865
822696
822615
822445
822304
822161
822104
822029
822017
821893
821729
821680
821604
821505
821443
821308
821155
821078
820949
820872
820809
820690
820554
820492
820388
820240
820199
820195
820123
819971
819755
819672
819516
819449
819282
819110
819061
818974
818859
818768
818616
818594
818406
818296
818228
818178
818107
818040
817969
817941
817735
817725
817625
817519
817459
817392
817315
817239
817113
817052
816967
816875
816801
816687
816664
816483
816361
816237
816172
816074
815996
815878
815775
815708
815610
815567
815448
815333
815237
815073
814956
814780
814696
814564
814454
814401
814335
814233
814091
814033
813964
813842
813780
813751
813643
813578
813540
813384
813221
813123
812934
812884
812769
812645
812564
812475
812391
812293
812120
812040
811968
811819
811785
811564
811460
811380
811300
811150
811103
810926
810875
810736
810608
810537
810403
810272
810213
810110
810039
809954
809828
809782
809744
809681
809600
809533
809419
809319
809192
809111
809030
808912
808734
808668
808650
808563
808533
808511
808439
808373
808318
808251
808152
807998
807976
807849
807789
807746
807636
807529
807440
807326
807134
807021
806968
806846
806819
806765
806645
806518
806340
806145
806126
806070
805931
805881
805686
805626
805534
805398
805290
805222
805115
804920
804710
804608
804531
804468
804359
804256
804116
804084
803962
803852
803798
803716
803607
803514
803461
803359
803328
803303
803144
802978
802948
802810
802779
802650
802608
802562
802476
802382
802317
802214
802103
802081
801956
801904
801739
801633
801521
801451
801403
801356
801276
801184
801111
800924
800830
800705
800580
800458
800313
800257
800210
800104
800036
799950
799758
799632
799549
799533
799353
799229
799183
799077
798979
798851
798770
798692
798606
798515
798472
798405
798342
798314
798250
798096
797989
797935
797834
797726
797526
797496
797393
797268
797218
797111
797023
796893
796802
796786
796666
796561
796455
796365
796200
796112
796066
795940
795827
795704
795565
795507
795449
795331
795186
795112
795055
795003
794765
794696
794472
794412
794324
794216
794104
794061
793998
793983
793921
793792
793724
793695
793534
793468
793376
793227
793053
792962
792934
792850
792810
792756
792671
792584
792497
792456
792417
792305
792206
792113
791958
791949
791785
791721
791649
791489
791394
791382
791293
791209
791069
790917
790887
790782
790580
790488
790416
790317
790133
790015
789796
789707
789643
789557
789436
789355
789209
789167
789103
789020
788916
788874
788765
788657
788554
788384
788338
788223
788035
787888
787775
787637
787577
787574
787535
787370
787207
787178
787125
787080
786938
786874
786794
786642
786498
786388
786335
786179
786033
785889
785764
785672
785554
785469
785365
785253
785055
785013
784908
784833
784822
784738
784705
784645
784612
784567
784531
784398
784279
784253
784138
784082
784043
783934
783790
783598
783519
783382
783330
783270
783226
783177
783068
782970
782932
782922
782803
782768
782604
782375
782281
782103
781974
781835
781753
781655
781600
781427
781395
781312
781130
781091
780969
780903
780883
780849
780722
780554
780545
780470
780352
780221
780120
780055
779967
779871
779831
779782
779677
779581
779482
779319
779176
779061
778860
778764
778677
778466
778298
778261
778127
777958
777911
777821
777727
777604
777531
777463
777343
777237
777192
777115
777021
776794
776715
776557
776424
776420
776285
776223
776209
776066
775939
775881
775856
775761
775640
775519
775464
775350
775251
775215
775050
775009
774943
774850
774740
774684
774542
774523
774343
774231
774101
773964
773886
773791
773661
773558
773420
773284
773235
773203
773108
773025
772860
772821
772607
772496
772386
772322
772156
772066
771991
771881
771830
771670
771539
771439
771233
771079
771038
770906
770783
770646
770579
770484
770346
770219
770067
770005
769864
769822
769738
769574
769457
769390
769355
769346
769256
769060
768940
768824
768705
768646
768561
768487
768396
768336
768246
768121
768070
767956
767802
767720
767583
767488
767378
767273
767190
767056
766910
766770
766701
766489
766377
766213
766126
766027
765944
765842
765801
765680
765501
765379
765282
765116
764954
764780
764585
764422
764366
764283
764103
764018
763945
763875
763833
763620
763519
763402
763259
763224
763180
763157
763093
762996
762852
762839
762693
762603
762456
762335
762255
762228
762086
761907
761818
761694
761667
761486
761385
761290
761201
761107
760979
760919
760843
760750
760721
760678
760520
760410
760253
760207
760139
759999
759885
759812
759691
759597
759481
759452
759310
759148
759018
758872
758652
758625
758617
758424
758272
758168
758032
757894
757754
757595
757434
757329
757262
757056
756947
756876
756714
756593
756479
756389
756293
756153
756062
755907
755879
755745
755677
755599
755437
755347
755245
755085
754928
754887
754845
754753
754681
754603
754483
754448
754346
754280
754183
754173
754140
754103
754027
753907
753879
753699
753556
753417
753410
753375
753256
753163
753121
753067
752913
752830
752658
752547
752391
752212
752028
751953
751935
751830
751782
751747
751650
751547
751460
751330
751247
751136
751081
751022
750923
750827
750708
750629
750504
750402
750285
750265
750099
750082
750062
750000
749910
749769
749688
749540
749413
749281
749242
749165
749118
748974
748872
748816
748644
748539
748491
748369
748284
748158
748050
748042
747965
747836
747782
747711
747613
747490
747414
747281
747129
747044
747016
746983
746920
746854
746780
746651
746608
746529
746431
746362
746336
746087
745925
745911
745774
745697
745555
745500
745442
745354
745205
745174
745145
745070
745048
744918
744776
744707
744552
744398
744252
744139
744013
743871
743725
743642
743542
743461
743298
743231
743133
743027
742908
742727
742619
742590
742481
742408
742299
742179
742068
741925
741812
741708
741595
741525
741423
741290
741246
741180
741077
740900
740742
740596
740476
740323
740300
740230
740120
740069
740015
739989
739821
739763
739712
739612
739583
739436
739327
739274
739097
739043
738870
738773
738717
738670
738619
738495
738357
738277
738167
738063
737974
737923
737832
737723
737619
737586
737440
737276
737233
737107
737048
736906
736698
736599
736473
736389
736283
736229
736165
736020
735870
735796
735631
735528
735407
735339
735311
735145
735094
735005
734925
734832
734770
734637
734526
734476
734355
734227
734182
734072
733970
733831
733752
733608
733527
733367
733332
733252
733120
733049
732970
732945
732838
732772
732667
732644
732598
732467
732373
732279
732198
732109
731975
731919
731767
731701
731614
731513
731434
731380
731259
731094
730979
730930
730905
730816
730744
730536
730494
730441
730292
730184
730087
730022
729952
729852
729756
729686
729625
729559
729474
729426
729287
729182
729056
728887
728746
728610
728524
728456
728382
728294
728203
728162
727985
727886
727829
727754
727672
727617
727561
727539
727424
727371
727296
727285
727197
727057
726909
726834
726719
726557
726401
726317
726190
726060
725963
725930
725784
725657
725566
725495
725494
725483
725369
725331
725283
725164
725031
724944
724790
724707
724626
724565
724461
724348
724270
724180
724093
724061
723982
723920
723810
723802
723674
723624
723545
723502
723402
723375
723276
723211
723073
723009
722878
722740
722644
722545
722362
722231
722204
722094
721988
721877
721733
721625
721594
721539
721471
721456
721361
721153
720998
720900
720769
720745
720624
720457
720311
720133
720063
719956
719897
719778
719693
719650
719552
719518
719354
719242
719137
718990
718844
718682
718633
718589
718447
718368
718259
718170
718098
717969
717926
717878
717812
717675
717512
717410
717368
717295
717166
717035
716896
716844
716711
716605
716442
716348
716235
716148
716094
716042
715986
715851
715737
715668
715666
715565
715444
715358
715317
715273
715166
715086
714956
714897
714871
714829
714741
714629
714531
714496
714452
714318
714160
714064
713927
713792
713702
713567
713440
713308
713180
713039
712985
712880
712788
712698
712633
712502
712443
712442
712287
712214
712200
712147
712128
712028
711885
711763
711643
711484
711448
711280
711218
711097
711066
711032
710896
710716
710645
710551
710469
710423
710305
710193
710036
710032
709968
709873
709732
709596
709518
709425
709366
709287
709161
709043
708962
708905
708749
708739
708730
708604
708506
708426
708375
708230
708160
708132
707971
707915
707846
707721
707532
707363
707262
707209
707120
706938
706850
706735
706609
706535
706458
706316
706177
706037
705956
705860
705725
705541
705366
705234
705141
705041
704992
704893
704783
704637
704491
704435
704305
704148
704087
703961
703915
703842
703706
703581
703531
703454
703327
703166
703091
702974
702921
702894
702800
702741
702608
702503
702432
702298
702252
702217
702073
701999
701968
701825
701724
701549
701416
701374
701218
701134
701105
700975
700910
700831
700675
700532
700365
700296
700216
700171
700085
699989
699953
699840
699764
699663
699599
699489
699457
699270
699125
699032
698940
698913
698792
698592
698483
698377
698318
698219
698148
698034
698007
697976
697895
697790
697617
697434
697360
697210
697112
697064
696985
696954
696901
696859
696696
696587
696513
696354
696223
696152
696092
695965
695885
695835
695754
695678
695600
695476
695400
695260
695169
695044
694950
694890
694801
694721
694618
694501
694426
694305
694280
694170
694009
693988
693823
693768
693679
693599
693440
693354
693218
693099
692976
692865
692862
692741
692665
692596
692501
692413
692409
692331
692234
692149
692053
691941
691873
691835
691724
691621
691568
691537
691457
691436
691350
691206
691139
691034
690910
690749
690701
690693
690571
690490
690349
690237
690126
690110
690067
689920
689767
689673
689646
689507
689444
689378
689257
689139
688974
688811
688757
688636
688510
688420
688300
688190
688052
688020
687928
687748
687655
687560
687524
687415
687327
687298
687269
687261
687133
686978
686950
686878
686772
686659
686487
686387
686331
686287
686214
686077
686063
685959
685856
685760
685738
685657
685625
685565
685430
685382
685320
685199
685040
685029
684944
684822
684735
684697
684497
684446
684381
684268
684128
684107
684024
683936
683860
683729
683665
683638
683516
683413
683325
683223
682998
682962
682860
682798
682754
682636
682450
682361
682302
682159
681986
681882
681793
681768
681655
681587
681503
681425
681350
681251
681194
681051
680936
680853
680800
680679
680594
680462
680355
680309
680142
680064
679991
679882
679756
679601
679531
679457
679425
679283
679165
679033
678919
678777
678645
678566
678450
678387
678206
678012
677899
677825
677766
677616
677495
677373
677290
677271
677112
676989
676957
676851
676731
676682
676499
676393
676304
676227
676140
676063
675976
675864
675781
675628
675542
675453
675350
675227
675154
675054
674945
674865
674745
674658
674592
674426
674301
674217
674082
673979
673932
673867
673697
673569
673515
673458
673407
673382
673290
673168
673046
672908
672811
672685
672635
672554
672380
672326
672259
672115
672008
671882
671799
671789
671719
671617
671520
671378
671357
671245
671144
671027
670907
670793
670641
670489
670323
670251
670076
670019
669927
669825
669776
669716
669614
669525
669423
669286
669158
669094
669021
668950
668883
668780
668656
668524
668481
668392
668365
668279
668176
668104
668032
667924
667800
667728
667606
667579
667376
667372
667276
667092
667033
666817
666747
666725
666699
666617
666509
666444
666282
666231
666213
666148
666113
666038
665936
665828
665724
665639
665573
665480
665371
665255
665220
665140
664998
664929
664901
664829
664721
664608
664431
664215
664132
664075
663975
663841
663685
663619
663535
663393
663326
663223
663126
663069
662988
662889
662854
662754
662620
662601
662487
662438
662299
662182
662179
662029
661845
661785
661653
661516
661464
661417
661267
661191
661182
661071
660930
660812
660682
660566
660402
660323
660234
660164
660070
659950
659846
659654
659586
659432
659319
659234
659149
659015
658946
658810
658746
658702
658587
658529
658464
658399
658276
658140
657961
657874
657723
657616
657505
657480
657409
657349
657209
657085
656973
656870
656741
656629
656609
656521
656373
656244
656030
655917
655870
655740
655639
655557
655419
655297
655248
655071
654987
654882
654789
654648
654508
654298
654231
654131
654039
653916
653783
653688
653525
653434
653285
653186
653139
653072
653023
652912
652760
652667
652628
652518
652493
652303
652258
652180
652118
652003
651912
651848
651756
651671
651631
651479
651387
651257
651139
651072
650972
650769
650559
650513
650422
650263
650213
650072
649935
649811
649675
649583
649475
649370
649297
649166
649098
648966
648858
648752
648617
648587
648497
648449
648344
648228
648070
647977
647856
647798
647710
647577
647464
647369
647214
647050
646870
646750
646739
646710
646631
646483
646380
646229
646172
646069
645928
645796
645747
645643
645565
645434
645385
645272
645089
645041
644951
644892
644827
644720
644595
644566
644497
644483
644410
644319
644215
644107
643953
643808
643737
643615
643547
643459
643323
643224
643110
643086
643036
642895
642741
642566
642475
642310
642237
642049
641980
641868
641775
641684
641574
641571
641453
641376
641293
641226
641098
641037
640892
640806
640683
640591
640564
640501
640322
640227
640132
640072
639868
639713
639606
639465
639323
639148
639009
638854
638734
638648
638551
638450
638315
638237
638122
637986
637928
637800
637631
637551
637470
637279
637247
637138
637054
636984
636769
636627
636516
636481
636422
636337
636287
636262
636208
636093
636034
635944
635785
635751
635684
635619
635451
635355
635262
635214
635125
635037
634940
634877
634798
634712
634657
634587
634500
634352
634318
634290
634174
634095
633980
633856
633761
633683
633657
633529
633475
633462
633411
633333
633222
633139
633093
633004
632920
632800
632728
632631
632595
632525
632447
632440
632300
632246
632119
631990
631894
631825
631703
631503
631327
631220
631199
631033
630928
630885
630827
630767
630712
630675
630653
630648
630569
630497
630445
630358
630288
630181
630076
630023
629906
629879
629853
629797
629742
629631
629538
629447
629312
629175
629104
629071
629045
628940
628892
628765
628661
628559
628421
628377
628265
628198
628135
628067
627967
627895
627814
627776
627659
627491
627384
627350
627291
627171
627142
627102
627013
626818
626633
626583
626476
626422
626254
626166
626059
625913
625812
625696
625651
625515
625436
625374
625220
625147
625041
624856
624783
624647
624610
624550
624473
624442
624317
624294
624139
623996
623850
623768
623552
623452
623374
623198
623099
622975
622876
622763
622699
622608
622498
622368
622252
622168
622106
621955
621845
621722
621619
621517
621397
621273
621210
621154
620976
620949
620790
620710
620606
620567
620433
620358
620221
620130
619978
619928
619876
619844
619708
619642
619509
619507
619405
619291
619210
619167
619040
618951
618815
618705
618591
618442
618357
618249
618082
617890
617796
617670
617602
617526
617427
617311
617203
617182
617087
616974
616880
616816
616675
616619
616536
616492
616311
616207
616118
616009
615969
615854
615768
615639
615587
615428
615284
615248
615183
615115
615002
614864
614750
614595
614508
614386
614229
614115
614032
613919
613772
613672
613598
613544
613440
613365
613269
613069
612955
612882
612838
612707
612648
612549
612423
612378
612328
612260
612206
612177
612081
611986
611952
611849
611754
611680
611618
611610
611430
611383
611234
611081
610982
610839
610819
610757
610538
610424
610319
610134
610132
610016
609973
609848
609759
609670
609650
609596
609530
609365
609269
609154
609092
608954
608816
608720
608669
608608
608588
608440
608304
608086
608026
607954
607902
607846
607793
607698
607689
607577
607510
607371
607259
607214
607079
606900
606819
606705
606639
606555
606448
606364
606226
606100
606069
605909
605826
605814
605764
605655
605590
605469
605299
605206
605180
605043
604943
604765
604555
604511
604417
604263
604139
603989
603909
603844
603824
603720
603589
603529
603430
603359
603283
603231
603136
602972
602932
602727
602667
602522
602343
602173
602049
601981
601865
601806
601747
601616
601484
601340
601227
601135
601059
600944
600867
600755
600691
600582
600459
600411
600245
600179
600015
599879
599767
599647
599610
599568
599514
599404
599343
599293
599152
599081
598989
598910
598769
598621
598524
598381
598233
598220
598182
598100
597970
597833
597796
597701
597589
597571
597434
597286
597238
597175
597051
596877
596812
596737
596628
596577
596496
596440
596316
596246
596194
596124
596007
595984
595890
595767
595750
595560
595469
595401
595258
595159
595007
594924
594895
594800
594666
594543
594397
594255
594115
594095
593976
593851
593698
593521
593447
593329
593224
593100
592975
592868
592706
592596
592493
592359
592301
592285
592178
592061
591934
591854
591804
591788
591725
591714
591579
591430
591328
591215
591089
591007
590882
590766
590654
590579
590459
590300
590195
590052
589896
589852
589774
589636
589587
589447
589322
589244
589183
589143
589118
588943
588877
588825
588725
588501
588391
588339
588249
588105
588081
588037
587912
587742
587587
587457
587347
587234
587203
587111
587034
586972
586866
586770
586686
586546
586470
586400
586230
586145
586067
585985
585832
585808
585717
585690
585619
585551
585443
585292
585218
585114
585103
584993
584863
584805
584778
584683
584589
584488
584398
584361
584286
584185
584038
583991
583951
583831
583692
583571
583442
583371
583280
583249
583210
583079
583061
583032
582980
582803
582708
582607
582537
582477
582350
582216
582163
582058
581976
581928
581772
581603
581501
581394
581313
581145
580973
580827
580672
580609
580534
580420
580353
580226
580120
580015
579912
579754
579641
579526
579349
579231
579115
579021
578877
578695
578599
578468
578365
578335
578204
578092
577983
577887
577804
577672
577599
577565
577424
577293
577263
577199
577125
577037
576966
576938
576877
576712
576592
576468
576420
576286
576217
576161
576051
575940
575813
575769
575609
575569
575439
575308
575210
575061
574897
574833
574752
574688
574576
574466
574422
574347
574236
574091
573987
573857
573759
573654
573550
573426
573296
573232
573087
572974
572761
572632
572566
572545
572424
572312
572199
572114
572076
572014
571834
571669
571525
571468
571393
571336
571224
571141
571044
570907
570702
570682
570551
570433
570358
570241
570129
570024
569859
569720
569627
569597
569460
569327
569209
569111
568975
568854
568764
568674
568552
568420
568302
568237
568196
568171
568098
567982
567817
567748
567643
567525
567460
567369
567326
567173
567082
566987
566856
566752
566659
566561
566434
566361
566139
566082
565910
565842
565734
565563
565447
565428
565228
565141
565045
564953
564894
564732
564626
564538
564471
564365
564279
564079
563937
563799
563770
563699
563687
563570
563485
563428
563331
563259
563139
563020
562903
562824
562678
562637
562517
562462
562399
562369
562319
562215
562190
562077
561996
561927
561841
561829
561779
561657
561595
561496
561455
561378
561260
561200
561100
560945
560819
560717
560550
560479
560355
560224
560075
559969
559904
559726
559663
559591
559491
559413
559251
559129
559004
558881
558802
558702
558624
558503
558421
558332
558136
558076
557971
557833
557789
557695
557591
557560
557474
557364
557231
557165
557089
556938
556775
556632
556575
556505
556412
556348
556245
556079
555985
555941
555812
555647
555482
555413
555370
555264
555181
555098
554998
554885
554780
554683
554542
554346
554279
554152
554026
553975
553914
553802
553676
553583
553515
553344
553219
553084
552959
552848
552814
552735
552634
552492
552380
552259
552127
551926
551918
551859
551776
551655
551521
551415
551283
551179
551091
550967
550962
550834
550763
550680
550551
550439
550363
550244
550064
550008
549938
549825
549742
549606
549539
549518
549336
549246
549089
548983
548949
548920
548833
548702
548637
548582
548479
548382
548211
548065
548017
547918
547835
547741
547612
547484
547468
547394
547235
547032
546913
546817
546730
546634
546446
546317
546177
546064
545953
545909
545865
545735
545632
545439
545236
545095
545007
544837
544697
544619
544548
544403
544296
544177
544158
544051
543950
543849
543769
543640
543530
543419
543323
543270
543182
543064
542994
542891
542789
542676
542558
542413
542372
542258
542218
542072
541968
541854
541822
541667
541488
541383
541261
541208
541189
541069
540950
540855
540854
540698
540614
540526
540466
540371
540262
540192
540086
539961
539789
539618
539474
539359
539203
539140
539065
538923
538783
538640
538604
538512
538426
538372
538300
538196
538023
537988
537972
537891
537777
537651
537594
537479
537416
537312
537191
537098
536994
536919
536794
536726
536588
536407
536258
536147
536072
535993
535917
535858
535701
535686
535655
535594
535524
535496
535377
535241
535161
535068
535023
534854
534757
534628
534485
534396
534387
534305
534187
534121
534035
533950
533772
533685
533545
533516
533344
533302
533139
532969
532845
532705
532549
532500
532372
532211
532072
532002
531896
531791
531670
531630
531521
531387
531292
531242
531114
531020
530956
530863
530825
530698
530648
530523
530478
530385
530235
530199
530097
529969
529848
529805
529779
529637
529582
529432
529295
529161
529063
528941
528805
528691
528563
528425
528289
528143
528059
527917
527847
527783
527631
527500
527428
527358
527234
527127
527089
526951
526839
526767
526708
526573
526482
526421
526330
526329
526235
526100
526096
526056
525942
525844
525774
525582
525374
525331
525291
525229
525131
525025
524985
524881
524734
524677
524653
524573
524510
524392
524363
524240
524099
523924
523835
523736
523594
523506
523425
523295
523256
523122
523076
522941
522748
522656
522631
522528
522420
522313
522170
522104
522003
521931
521891
521767
521652
521522
521379
521261
521222
521094
520896
520867
520760
520617
520410
520368
520345
520209
520123
520015
519942
519862
519797
519727
519631
519499
519381
519368
519301
519268
519169
519086
519055
518967
518923
518853
518801
518715
518601
518562
518406
518286
518167
518107
517962
517903
517853
517729
517614
517497
517366
517327
517244
517075
516997
516906
516750
516686
516655
516546
516470
516362
516289
516189
516105
516051
515990
515866
515672
515544
515479
515347
515283
515207
515156
515054
514997
514900
514770
514648
514575
514483
514381
514194
514055
513923
513759
513646
513558
513447
513390
513217
513165
513035
512897
512751
512635
512518
512431
512278
512144
512024
511903
511847
511666
511542
511492
511397
511332
511188
511142
511112
511019
510930
510760
510717
510523
510401
510284
510145
510008
509916
509797
509752
509554
509465
509404
509363
509339
509202
509099
509035
508962
508927
508768
508625
508465
508411
508327
508211
508136
508033
507991
507898
507836
507800
507668
507493
507412
507245
507091
506900
506808
506691
506537
506414
506273
506149
506013
505872
505811
505732
505638
505527
505445
505396
505319
505231
505111
505076
505017
504960
504922
504913
504807
504712
504602
504477
504437
504295
504207
504120
504097
504006
503838
503758
503744
503650
503589
503481
503399
503364
503280
503278
503197
503147
503078
502851
502820
502778
502653
502542
502492
502388
502313
502275
502199
502189
502104
501966
501857
501769
501623
501563
501524
501464
501315
501290
501155
501006
500959
500932
500747
500675
500485
500395
500244
500220
500098
500030
499898
499787
499746
499602
499548
499427
499317
499251
499167
499094
498954
498902
498800
498750
498697
498460
498418
498342
498168
498102
498061
498020
497985
497852
497748
497566
497484
497344
497290
497185
497011
496839
496771
496688
496666
496500
496471
496372
496310
496255
496224
496128
496057
495972
495870
495836
495765
495668
495555
495516
495398
495271
495164
495083
495048
494956
494889
494828
494773
494655
494619
494476
494295
494175
494088
494039
493989
493845
493794
493705
493635
493582
493500
493415
493345
493228
493201
493093
493011
492943
492813
492643
492520
492311
492221
492048
492007
491893
491788
491764
491672
491603
491595
491434
491289
491170
491118
491074
490951
490894
490785
490746
490654
490641
490504
490486
490358
490192
490055
489930
489761
489716
489610
489551
489444
489322
489260
489147
489038
488878
488843
488779
488620
488534
488320
488264
488150
487988
487924
487850
487705
487523
487356
487250
487202
487103
487031
486974
486862
486802
486726
486670
486648
486547
486372
486324
486227
486089
486036
485975
485846
485724
485557
485490
485372
485307
485285
485123
485009
484899
484815
484743
484693
484560
484386
484330
484220
484152
484034
484003
483841
483801
483759
483610
483454
483325
483266
483184
483143
483057
483010
482871
482767
482680
482651
482634
482579
482471
482295
482239
482149
482007
482000
481893
481863
481729
481609
481545
481470
481357
481247
481175
481089
480965
480882
480699
480644
480566
480438
480353
480214
480160
480062
479988
479902
479766
479634
479558
479517
479442
479421
479268
479181
479049
479017
478834
478743
478624
478534
478434
478325
478301
478243
478155
478093
478083
478029
477918
477865
477839
477794
477704
477659
477634
477474
477423
477289
477133
477024
476980
476898
476795
476711
476555
476503
476381
476360
476282
476164
476081
476006
475966
475851
475802
475662
475588
475534
475448
475322
475267
475119
475028
474931
474811
474740
474715
474581
474458
474251
474175
474125
473993
473956
473899
473811
473760
473591
473467
473454
473391
473336
473271
473168
473105
473044
473005
472987
472830
472747
472673
472541
472514
472399
472281
472143
472033
471950
471891
471730
471547
471468
471398
471327
471277
471177
471079
471027
470853
470780
470743
470613
470480
470409
470268
470150
469979
469949
469866
469746
469700
469617
469508
469472
469385
469273
469172
469160
469136
469031
468978
468867
468743
468715
468524
468462
468421
468404
468298
468119
467958
467909
467887
467784
467719
467521
467447
467398
467307
467254
467194
467093
467033
466872
466765
466715
466629
466502
466423
466399
466306
466195
466103
465957
465884
465706
465629
465560
465471
465326
465196
465065
465017
464945
464904
464876
464765
464684
464648
464605
464503
464433
464408
464280
464193
464113
464029
463948
463789
463761
463695
463558
463482
463395
463333
463267
463133
463019
462964
462916
462882
462776
462729
462682
462582
462524
462397
462298
462255
462077
461988
461926
461836
461681
461591
461402
461295
461168
461133
460939
460805
460621
460514
460466
460342
460122
460107
460045
459944
459938
459838
459730
459619
459561
459449
459319
459283
459278
459153
459046
458895
458809
458724
458665
458569
458500
458444
458292
458228
458074
457991
457889
457786
457727
457617
457518
457366
457275
457125
456961
456881
456777
456707
456603
456500
456366
456334
456316
456153
456078
456044
455943
455834
455776
455734
455673
455601
455490
455325
455203
455189
455090
454926
454773
454635
454526
454459
454424
454301
454175
454026
453933
453847
453768
453715
453601
453527
453351
453272
453119
452985
452838
452723
452700
452554
452377
452202
452123
452023
451867
451796
451743
451596
451494
451349
451244
451106
450998
450853
450780
450737
450601
450575
450464
450333
450192
449988
449907
449810
449589
449478
449435
449327
449164
449050
448943
448851
448807
448739
448634
448510
448359
448340
448216
448109
448004
447884
447807
447632
447561
447551
447402
447284
447241
447202
447139
447047
446921
446830
446790
446627
446583
446461
446412
446294
446158
446057
445899
445873
445791
445659
445647
445550
445466
445385
445283
445172
445131
445014
444885
444791
444673
444513
444408
444405
444343
444263
444115
444095
444057
443990
443902
443871
443857
443841
443737
443646
443499
443344
443270
443083
442984
442880
442866
442782
442707
442624
442481
442410
442267
442197
442105
441971
441803
441734
441568
441412
441269
441228
441183
441002
440845
440763
440649
440511
440361
440266
440169
440055
439998
439945
439880
439788
439783
439740
439661
439607
439601
439561
439422
439362
439295
439186
439049
438893
438820
438816
438746
438637
438629
438435
438269
438123
438002
437861
437784
437627
437565
437495
437488
437367
437302
437250
437212
437115
437032
436934
436930
436826
436811
436753
436672
436558
436501
436346
436257
436119
436053
435917
435757
435656
435592
435544
435407
435276
435180
435003
434913
434865
434792
434707
434573
434455
434298
434269
434125
434034
433890
433707
433563
433519
433403
433357
433202
433083
433047
432900
432858
432827
432769
432714
432566
432487
432314
432248
432193
432060
432002
431921
431822
431770
431630
431572
431466
431311
431162
431129
431072
430959
430856
430753
430638
430594
430534
430417
430231
430102
429952
429856
429812
429745
429669
429558
429492
429400
429279
429158
429071
429027
428873
428776
428646
428526
428417
428261
428202
428030
427960
427875
427815
427720
427631
427532
427420
427365
427335
427235
427134
427116
427024
426968
426921
426811
426782
426659
426612
426502
426397
426282
426222
426133
425998
425874
425744
425586
425530
425378
425254
425175
425139
425026
424969
424923
424814
424725
424668
424642
424592
424414
424346
424314
424162
424052
423913
423839
423725
423680
423618
423493
423385
423214
423104
423030
422885
422860
422737
422658
422643
422590
422495
422483
422334
422321
422208
422175
422131
422031
421899
421732
421622
421556
421459
421380
421239
421082
420984
420845
420720
420611
420498
420397
420369
420262
420109
420011
419933
419807
419716
419640
419535
419404
419295
419224
419085
419081
418952
418835
418766
418647
418492
418441
418421
418366
418305
418209
418017
417958
417899
417864
417752
417729
417619
417517
417401
417314
417214
417111
416969
416831
416801
416710
416609
416523
416438
416406
416305
416244
416141
416118
416042
415865
415742
415610
415539
415378
415298
415178
415109
415050
414925
414900
414807
414698
414584
414505
414398
414283
414138
414075
413942
413929
413836
413679
413622
413568
413511
413353
413273
413199
413093
413032
412893
412790
412704
412661
412532
412438
412316
412243
412161
412026
411861
411718
411623
411574
411502
411450
411296
411153
411008
410852
410824
410700
410594
410483
410267
410195
410061
410008
409954
409676
409519
409311
409206
409198
409113
409078
408984
408869
408812
408796
408749
408698
408636
408535
408481
408366
408296
408171
408027
407923
407814
407715
407496
407293
407159
407021
406882
406855
406750
406734
406650
406538
406443
406360
406267
406136
406060
405987
405937
405856
405757
405690
405620
405473
405374
405193
405085
405021
404969
404830
404653
404551
404386
404323
404094
403977
403849
403707
403531
403476
403417
403362
403272
403163
402997
402865
402692
402511
402462
402418
402363
402259
402189
402093
402034
401953
401827
401684
401453
401353
401300
401167
401046
400950
400803
400619
400560
400488
400385
400257
400202
400174
399998
399955
399773
399668
399545
399437
399421
399296
399295
399182
399122
399020
398964
398801
398723
398656
398637
398519
398440
398397
398303
398177
398093
398066
397945
397877
397790
397621
397547
397499
397398
397280
397224
397038
396921
396797
396675
396595
396490
396429
396282
396158
396103
396048
395959
395913
395795
395730
395647
395529
395476
395373
395371
395239
395210
395111
394932
394862
394750
394730
394605
394568
394517
394482
394363
394294
394209
394127
394064
393917
393837
393705
393624
393505
393398
393229
393179
393117
393041
392964
392851
392813
392663
392583
392521
392402
392324
392205
392060
391943
391876
391807
391614
391507
391396
391259
391164
391145
391018
390962
390943
390835
390734
390618
390551
390461
390350
390304
390275
390205
390069
389903
389809
389683
389636
389569
389509
389447
389395
389290
389147
389082
388912
388742
388704
388596
388532
388391
388301
388235
388182
388159
388134
388016
387897
387809
387614
387507
387372
387267
387162
387067
387014
386853
386661
386561
386500
386408
386353
386235
386119
386000
385816
385707
385628
385556
385455
385404
385271
385205
385094
385072
384931
384898
384832
384731
384623
384574
384538
384423
384418
384308
384200
384170
384017
383855
383744
383610
383534
383466
383385
383297
383240
383201
383159
383076
382991
382897
382846
382726
382650
382521
382488
382426
382350
382265
382168
382156
382046
381924
381890
381851
381743
381687
381628
381528
381413
381265
381196
381122
381045
380958
380811
380701
380549
380467
380344
380260
380154
379957
379906
379789
379746
379661
379528
379489
379372
379182
379088
379023
378914
378836
378688
378641
378558
378441
378272
378204
378135
378065
378037
377985
377829
377722
377695
377567
377457
377393
377374
377285
377213
377169
376999
376849
376630
376600
376456
376427
376309
376245
376171
376136
375966
375908
375901
375763
375701
375575
375447
375340
375196
375172
375052
374911
374744
374573
374468
374363
374197
374077
374019
373994
373962
373889
373726
373573
373473
373439
373318
373284
373192
373111
373016
372996
372900
372719
372645
372528
372410
372333
372215
372151
372073
371959
371938
371877
371728
371591
371432
371272
371111
371020
370932
370778
370716
370583
370402
370325
370270
370189
370025
370014
369958
369837
369788
369671
369559
369510
369430
369326
369236
369175
369083
368998
368857
368747
368696
368573
368426
368305
368238
368066
367937
367874
367752
367661
367547
367472
367435
367324
367161
367046
366991
366901
366743
366609
366486
366451
366321
366165
366141
365984
365882
365754
365591
365415
365403
365220
365181
365170
365151
365050
365038
364971
364872
364790
364725
364677
364557
364507
364479
364362
364279
364217
364093
363969
363868
363792
363717
363597
363420
363306
363203
363050
362919
362804
362662
362525
362383
362269
362217
362196
362066
361924
361824
361730
361611
361543
361495
361397
361232
361142
361053
360924
360853
360796
360717
360680
360654
360520
360425
360381
360266
360095
359895
359804
359686
359604
359472
359349
359268
359189
359104
359000
358942
358840
358793
358732
358682
358615
358578
358529
358476
358374
358237
358128
358056
357924
357852
357796
357609
357462
357286
357166
357097
357065
357021
356916
356903
356752
356580
356488
356395
356348
356306
356214
356133
356013
355953
355818
355778
355714
355557
355502
355471
355372
355299
355244
355094
355018
354908
354851
354766
354704
354645
354508
354467
354411
354275
354150
354045
353988
353859
353825
353769
353668
353582
353445
353343
353213
353119
353019
352814
352732
352620
352514
352429
352387
352254
352139
352017
352015
352005
351927
351902
351809
351682
351505
351490
351390
351251
351160
351104
350918
350866
350781
350676
350565
350461
350407
350359
350307
350197
350095
350000
349899
349848
349770
349686
349618
349540
349458
349387
349323
349125
349013
348955
348875
348737
348539
348525
348466
348416
348349
348227
348186
348041
348036
347914
347819
347632
347605
347499
347399
347233
347113
346912
346869
346736
346620
346572
346467
346342
346254
346188
346100
346029
345910
345736
345652
345552
345507
345410
345319
345283
345167
345073
344987
344879
344806
344715
344585
344542
344465
344365
344204
344116
344044
343975
343881
343826
343649
343527
343368
343212
343125
343063
343056
343024
342878
342783
342753
342697
342609
342511
342401
342388
342297
342175
342172
342157
342060
341941
341867
341781
341730
341535
341491
341412
341327
341158
341065
340881
340702
340559
340405
340334
340218
340166
340079
339904
339883
339632
339612
339469
339385
339261
339230
339146
339036
338949
338818
338778
338725
338636
338465
338392
338289
338170
338075
337943
337826
337711
337568
337546
337452
337341
337335
337183
337068
336966
336899
336817
336718
336649
336502
336391
336332
336143
336007
335990
335862
335772
335685
335565
335430
335312
335249
335176
335015
334979
334921
334846
334768
334618
334588
334542
334528
334444
334337
334295
334120
334009
333935
333858
333730
333556
333544
333432
333376
333274
333165
333061
332943
332853
332749
332740
332628
332556
332456
332387
332308
332228
332103
332017
331934
331870
331838
331716
331595
331530
331399
331321
331194
331127
330995
330926
330849
330760
330704
330647
330559
330530
330449
330341
330140
330004
329978
329937
329726
329559
329386
329304
329223
329156
329017
328941
328811
328700
328557
328484
328319
328281
328162
328141
328078
328000
327984
327859
327718
327614
327565
327545
327418
327258
327239
327118
327031
326857
326811
326733
326674
326578
326458
326369
326227
326212
326075
325980
325916
325843
325751
325604
325474
325399
325298
325222
325210
325156
325124
325083
324908
324839
324723
324691
324582
324527
324486
324396
324383
324243
324189
324129
323962
323907
323806
323717
323603
323437
323325
323250
323147
323065
322986
322948
322878
322845
322770
322736
322656
322642
322500
322440
322274
322144
321949
321855
321766
321724
321632
321532
321440
321373
321244
321083
320941
320796
320558
320504
320415
320390
320326
320211
320044
319944
319803
319666
319563
319472
319358
319306
319167
319139
319065
318927
318883
318791
318667
318619
318507
318392
318242
318183
318091
317993
317887
317689
317589
317486
317387
317298
317182
317079
317053
316950
316852
316733
316536
316463
316394
316381
316235
316199
316155
316049
315940
315902
315737
315626
315535
315474
315389
315357
315252
315118
315021
314850
314781
314669
314509
314421
314309
314242
314096
313958
313952
313818
313694
313638
313551
313480
313363
313195
313126
313033
312902
312668
312588
312480
312331
312201
312062
311986
311897
311794
311609
311417
311260
311148
311071
310950
310858
310701
310595
310506
310375
310266
310186
310092
310003
309853
309826
309696
309552
309446
309362
309276
309209
309137
309043
308932
308784
308698
308576
308488
308435
308280
308153
308024
307979
307916
307855
307846
307801
307682
307634
307534
307452
307335
307320
307219
307162
307070
306983
306961
306843
306670
306573
306381
306168
305967
305920
305830
305699
305632
305581
305477
305372
305286
305180
305087
305050
305025
304944
304819
304749
304668
304626
304566
304408
304357
304212
304050
303943
303885
303792
303689
303602
303522
303388
303251
303194
303104
303012
302873
302749
302622
302599
302445
302418
302316
302227
302119
301951
301922
301775
301742
301683
301603
301455
301358
301234
301223
301120
301056
300933
300835
300699
300571
300452
300328
300290
300184
300138
300035
299912
299791
299620
299558
299405
299245
299119
298944
298828
298667
298612
298555
298477
298374
298328
298281
298139
297953
297855
297737
297662
297600
297528
297526
297417
297324
297278
297192
297073
297020
297009
296938
296794
296600
296429
296238
296176
296039
295984
295935
295828
295682
295645
295605
295521
295467
295347
295200
295135
295031
295007
294947
294775
294669
294561
294473
294387
294299
294260
294206
294069
294006
293892
293800
293670
293605
293490
293396
293318
293197
293094
292993
292882
292766
292657
292553
292392
292296
292213
292061
291971
291827
291773
291678
291528
291472
291392
291319
291195
291175
291110
290976
290866
290740
290555
290434
290328
290223
290085
289974
289870
289723
289586
289529
289419
289295
289185
289035
288988
288880
288749
288632
288585
288548
288425
288305
288267
288126
288092
287977
287873
287734
287621
287477
287377
287200
287130
287062
287023
286810
286645
286419
286320
286120
286077
286007
285895
285787
285684
285588
285538
285407
285382
285231
285068
284964
284855
284736
284665
284542
284511
284415
284349
284234
284166
283930
283750
283651
283584
283461
283355
283273
283153
283050
283026
282901
282795
282703
282604
282473
282414
282338
282199
282108
281982
281860
281702
281606
281473
281327
281190
281139
281066
281036
280939
280866
280753
280720
280594
280521
280361
280285
280149
280076
280035
279884
279767
279669
279461
279400
279279
279211
279160
278944
278887
278829
278699
278599
278534
278424
278307
278204
278133
278044
277853
277851
277753
277650
277547
277457
277436
277257
277128
277088
276932
276805
276635
276563
276443
276341
276240
276164
276137
276107
275992
275907
275819
275811
275717
275568
275453
275379
275360
275246
275185
274985
274898
274790
274671
274542
274455
274298
274226
274058
273964
273908
273690
273578
273448
273381
273321
273206
273148
273038
272940
272868
272802
272704
272544
272495
272350
272242
272145
271997
271881
271817
271705
271646
271538
271347
271213
271173
271056
270960
270831
270669
270596
270518
270406
270313
270247
270150
270148
270009
269917
269812
269647
269595
269526
269395
269380
269245
269114
269030
268991
268865
268626
268504
268371
268263
268170
268048
267892
267771
267674
267500
267433
267343
267269
267171
267100
267019
266936
266778
266733
266663
266493
266388
266308
266182
266008
265991
265920
265831
265661
265555
265441
265356
265278
265169
265109
264959
264884
264812
264717
264667
264607
264500
264363
264257
264208
264150
264051
263990
263768
263652
263604
263450
263355
263212
263143
262957
262922
262908
262876
262789
262750
262664
262627
262590
262554
262404
262307
262178
261996
261955
261829
261688
261617
261472
261365
261314
261171
261039
260853
260741
260621
260492
260410
260240
260137
259961
259885
259704
259579
259516
259369
259311
259207
259170
259062
259014
258897
258808
258664
258532
258424
258376
258283
258209
258061
257929
257816
257711
257635
257525
257368
257229
257117
257077
256927
256806
256697
256554
256472
256424
256314
256203
256068
255982
255853
255703
255595
255479
255399
255310
255140
255033
254911
254903
254756
254642
254542
254420
254257
254156
254091
253975
253824
253769
253568
253460
253437
253336
253172
253033
252972
252940
252849
252808
252648
252486
252293
252144
252068
251987
251909
251881
251737
251702
251567
251454
251366
251290
251200
251106
251030
250944
250746
250643
250486
250426
250299
250192
250085
250062
249981
249876
249750
249692
249615
249573
249504
249441
249229
249082
249056
248990
248945
248817
248746
248654
248600
248515
248422
248287
248124
248008
247900
247864
247848
247789
247738
247615
247549
247439
247369
247269
247138
247047
247010
246955
246887
246740
246576
246487
246353
246307
246244
246133
246013
246009
245880
245845
245745
245637
245547
245415
245321
245248
245143
245102
245093
245087
244920
244767
244646
244479
244351
244328
244208
244096
244028
243942
243875
243726
243618
243588
243482
243339
243270
243194
243010
242909
242815
242755
242736
242599
242546
242508
242465
242382
242277
242141
241991
241792
241690
241537
241529
241470
241318
241229
241129
241024
240882
240796
240629
240495
240393
240308
240242
240108
239927
239865
239692
239604
239594
239502
239355
239181
239131
238933
238785
238736
238703
238570
238365
238272
238206
238118
237989
237931
237864
237779
237751
237689
237523
237404
237281
237154
237048
236934
236836
236713
236599
236429
236356
236273
236229
236175
236105
235948
235910
235897
235827
235702
235647
235489
235333
235242
235149
235006
234993
234910
234846
234712
234621
234547
234383
234259
234180
234087
233988
233885
233686
233554
233525
233442
233361
233354
233269
233146
233022
232935
232779
232690
232548
232488
232412
232395
232341
232218
232188
232125
232110
232043
231968
231813
231733
231634
231608
231508
231418
231382
231278
231199
231109
231054
230944
230816
230768
230684
230553
230371
230181
230131
230067
229986
229867
229746
229669
229572
229400
229285
229116
229058
228888
228767
228685
228646
228570
228432
228365
228316
228250
228064
227964
227860
227768
227676
227592
227493
227480
227413
227293
227158
227025
226973
226865
226737
226640
226509
226337
226288
226182
226156
226048
226036
226008
225934
225912
225846
225716
225566
225372
225231
225151
225065
224898
224691
224497
224321
224250
224181
224137
224016
223860
223714
223530
223517
223402
223379
223338
223282
223236
223198
223165
223130
223036
222890
222772
222537
222429
222272
222190
222113
222075
221986
221856
221692
221585
221470
221273
221241
221183
221090
221018
220973
220877
220791
220713
220614
220430
220384
220260
220182
220060
220028
219917
219857
219801
219787
219707
219538
219514
219406
219369
219298
219199
219113
219020
218953
218835
218799
218720
218616
218511
218421
218361
218202
218163
218033
217943
217819
217727
217614
217513
217357
217347
217283
217183
217060
217017
216947
216837
216688
216537
216471
216436
216339
216277
216148
216103
215920
215874
215840
215761
215725
215570
215478
215386
215318
215209
215128
215074
214937
214776
214613
214555
214414
214303
214199
214197
214084
213981
213885
213779
213700
213584
213575
213426
213312
213171
213076
213054
212961
212886
212798
212685
212539
212492
212334
212167
212056
211952
211824
211685
211544
211458
211430
211284
211082
210904
210777
210691
210600
210494
210437
210298
210212
210123
210084
209990
209899
209867
209843
209698
209569
209459
209379
209280
209123
209041
208893
208798
208726
208635
208503
208404
208323
208116
208030
207946
207865
207830
207710
207647
207631
207403
207361
207183
207179
207120
207056
206974
206969
206862
206753
206643
206571
206460
206368
206297
206197
206042
205973
205892
205804
205685
205584
205510
205419
205331
205306
205249
205167
204990
204845
204707
204622
204498
204424
204343
204226
204200
204004
203928
203877
203817
203693
203582
203458
203358
203216
203177
203158
203101
203089
202978
202890
202820
202699
202649
202533
202387
202258
202210
202102
202075
201865
201736
201624
201605
201574
201458
201345
201215
201091
201059
200883
200788
200678
200537
200406
200244
200069
199958
199845
199751
199669
199664
199623
199524
199481
199371
199256
199151
199014
198831
198686
198503
198384
198281
198155
198113
198041
197891
197788
197578
197441
197373
197265
197195
197028
197010
196834
196778
196666
196602
196440
196389
196276
196131
195960
195837
195728
195630
195509
195409
195376
195306
195191
195097
194993
194943
194878
194745
194674
194637
194563
194466
194325
194302
194170
194104
193898
193794
193711
193642
193584
193536
193386
193185
193136
193100
193006
192977
192893
192764
192655
192586
192419
192356
192272
192183
192166
192111
191949
191867
191727
191669
191602
191471
191453
191387
191262
191227
191062
190959
190825
190738
190674
190558
190397
190273
190169
190123
190092
190020
190012
189933
189804
189716
189589
189513
189472
189380
189309
189264
189252
189142
189070
189015
188971
188915
188839
188785
188727
188634
188583
188494
188470
188380
188227
188160
188022
187900
187780
187693
187607
187547
187421
187298
187178
187118
187040
186912
186857
186727
186705
186587
186510
186450
186414
186259
186140
186098
185998
185916
185675
185626
185620
185551
185507
185411
185388
185312
185244
185176
185069
184928
184863
184743
184718
184605
184446
184336
184227
184115
184003
183939
183827
183774
183675
183587
183498
183345
183199
183142
183021
182932
182899
182827
182700
182588
182432
182294
182196
182156
182053
181931
181871
181781
181676
181518
181496
181331
181238
181094
180953
180803
180670
180560
180494
180382
180293
180190
179999
179939
179890
179826
179749
179608
179451
179440
179357
179249
179080
178966
178941
178806
178708
178603
178547
178444
178365
178318
178271
178078
177976
177820
177629
177528
177452
177334
177242
177085
176975
176802
176715
176605
176557
176535
176475
176386
176239
176101
176029
175859
175744
175566
175411
175279
175106
175090
174935
174903
174842
174821
174810
174658
174478
174450
174430
174314
174277
174096
174058
173915
173810
173790
173676
173566
173490
173437
173357
173207
173115
173090
173048
172928
172846
172742
172556
172508
172415
172315
172275
172166
172139
172007
171877
171676
171567
171513
171361
171264
171181
171062
171003
170917
170912
170786
170715
170575
170488
170375
170283
170220
170140
170109
170050
169968
169860
169832
169728
169605
169519
169352
169198
169053
168961
168800
168731
168668
168634
168513
168380
168293
168220
168120
167909
167790
167683
167660
167527
167374
167345
167255
167149
167029
166929
166862
166837
166713
166563
166445
166374
166334
166172
166124
166054
165951
165943
165791
165695
165578
165508
165370
165238
165214
165100
165098
165072
164933
164887
164771
164708
164567
164421
164303
164181
164117
163993
163920
163839
163765
163673
163523
163431
163412
163263
163150
163092
163026
162923
162828
162773
162753
162562
162467
162342
162204
162111
161981
161854
161749
161706
161621
161475
161397
161273
161164
161089
161015
160964
160898
160796
160758
160640
160490
160420
160352
160248
160134
159957
159870
159814
159674
159567
159534
159470
159255
159124
159036
158906
158807
158777
158695
158564
158525
158481
158360
158272
158250
158161
158023
157996
157868
157749
157627
157457
157390
157258
157196
157132
157049
156949
156753
156583
156475
156296
156193
156134
155992
155874
155665
155621
155581
155477
155398
155285
155162
155042
154890
154778
154693
154556
154419
154321
154098
154002
153921
153841
153783
153678
153534
153414
153372
153261
153194
153151
153099
152934
152831
152733
152590
152442
152361
152278
152094
152014
151951
151865
151795
151724
151633
151538
151385
151336
151202
151107
150979
150812
150630
150557
150505
150418
150354
150286
150229
150145
150053
149935
149892
149815
149791
149656
149589
149518
149435
149384
149313
149257
149178
149101
149100
149036
148921
148835
148708
148620
148534
148389
148294
148206
148126
148076
148015
148002
147862
147763
147621
147554
147459
147386
147335
147234
147055
146977
146921
146866
146742
146659
146521
146475
146263
146123
145995
145837
145762
145677
145588
145420
145341
145203
145082
144990
144905
144785
144680
144625
144499
144384
144249
144145
144013
143876
143819
143742
143668
143624
143444
143352
143297
143162
143157
143123
143019
142970
142962
142907
142801
142667
142645
142526
142321
142164
142159
141996
141938
141867
141713
141596
141541
141495
141412
141312
141164
140984
140857
140795
140644
140570
140514
140462
140406
140265
140169
140057
139951
139829
139703
139632
139477
139426
139309
139166
139149
139081
139020
138926
138737
138638
138624
138556
138414
138253
138101
138011
137910
137794
137673
137643
137510
137353
137266
137177
137131
137021
136915
136904
136727
136673
136625
136528
136424
136377
136323
136225
136063
136009
135980
135882
135752
135651
135619
135491
135357
135237
135154
135062
134913
134860
134748
134585
134452
134347
134271
134186
134138
134046
133928
133895
133744
133635
133567
133525
133430
133318
133191
133031
132923
132811
132666
132570
132545
132305
132218
132145
131978
131893
131761
131745
131680
131575
131468
131445
131300
131131
131067
130951
130857
130716
130542
130460
130389
130326
130209
130194
130079
130005
129974
129855
129829
129693
129579
129458
129303
129233
129195
129167
129102
129012
128929
128806
128723
128594
128468
128342
128271
128232
128196
128064
127942
127900
127789
127729
127659
127531
127521
127348
127341
127257
127214
127053
126944
126921
126739
126598
126426
126205
126154
126044
126014
125992
125845
125748
125643
125517
125365
125220
125161
125102
125082
125023
124958
124828
124711
124643
124502
124413
124283
124203
124119
123957
123797
123723
123646
123542
123406
123338
123298
123209
123117
122955
122899
122806
122783
122693
122602
122583
122564
122403
122347
122274
122187
122071
121987
121943
121889
121767
121645
121628
121604
121461
121374
121290
121197
121153
121053
120969
120818
120782
120658
120616
120494
120439
120369
120225
120148
120010
119927
119814
119743
119662
119581
119492
119387
119326
119168
119002
118972
118785
118681
118597
118502
118364
118276
118141
118016
118013
117992
117907
117783
117720
117698
117600
117463
117344
117317
117194
117068
116903
116791
116540
116430
116316
116232
116180
116096
116008
115905
115813
115716
115589
115503
115438
115343
115209
115183
115105
115037
114927
114860
114734
114640
114497
114449
114337
114215
114106
114084
113983
113898
113767
113591
113543
113480
113412
113311
113268
113098
113037
112954
112779
112673
112566
112473
112387
112217
112128
111960
111850
111670
111568
111444
111360
111280
111221
111043
110871
110728
110632
110508
110449
110334
110216
110181
110073
109930
109922
109896
109769
109724
109641
109493
109395
109275
109180
109150
109021
108904
108747
108611
108486
108417
108314
108267
108153
108042
107909
107835
107740
107638
107504
107430
107266
107189
107014
106970
106925
106788
106707
106648
106573
106408
106188
106066
106000
105978
105875
105804
105772
105660
105543
105445
105320
105262
105227
105151
105079
104908
104835
104769
104592
104319
104267
104222
104152
104042
103954
103930
103908
103847
103702
103632
103488
103399
103251
103221
103120
103026
102902
102790
102645
102558
102496
102402
102342
102207
102134
102075
101906
101903
101873
101732
101727
101584
101528
101408
101246
101141
101083
100919
100884
100772
100673
100603
100519
100401
100318
100249
100186
100110
100012
99942
99870
99770
99646
99569
99374
99288
99194
98970
98843
98713
98563
98525
98363
98292
98141
97980
97940
97767
97631
97506
97420
97365
97198
97129
96998
96838
96741
96650
96524
96408
96254
96152
96071
95921
95788
95649
95567
95530
95416
95338
95230
95113
95065
94948
94867
94679
94536
94334
94185
94126
93999
93900
93828
93726
93555
93483
93350
93318
93263
93191
93076
92968
92839
92797
92749
92675
92577
92489
92362
92249
92212
92033
91892
91739
91679
91611
91524
91493
91363
91263
91154
91095
90951
90829
90682
90596
90531
90420
90195
90104
90094
90032
89923
89797
89707
89576
89413
89298
89194
89183
89050
88932
88801
88775
88670
88516
88479
88420
88278
88178
88164
88088
87919
87883
87727
87643
87438
87340
87295
87189
87009
86905
86735
86589
86549
86426
86315
86258
86029
85929
85883
85786
85735
85562
85421
85317
85156
85050
84948
84823
84671
84514
84460
84389
84270
84147
84110
84024
83899
83818
83767
83686
83625
83557
83459
83401
83333
83199
83078
82906
82819
82704
82611
82500
82477
82407
82349
82308
82224
82019
81897
81791
81706
81635
81452
81431
81325
81171
81001
80877
80723
80556
80446
80400
80311
80223
80131
79971
79857
79767
79716
79700
79544
79463
79353
79272
79202
79130
79042
78956
78813
78704
78620
78586
78512
78352
78251
78212
78087
77925
77843
77790
77691
77671
77552
77459
77359
77255
77144
77003
76927
76841
76730
76605
76500
76409
76348
76300
76163
76092
75946
75857
75803
75695
75619
75536
75422
75331
75198
75040
74915
74832
74716
74633
74520
74381
74282
74168
74061
73921
73780
73662
73561
73535
73484
73378
73248
73187
73121
73029
72949
72866
72756
72628
72492
72362
72244
72104
72078
71991
71791
71759
71590
71448
71362
71199
71105
71082
70995
70922
70879
70778
70665
70573
70434
70258
70070
69997
69964
69918
69804
69660
69550
69502
69382
69220
69111
68978
68728
68637
68551
68447
68268
68166
67999
67976
67889
67760
67588
67474
67391
67277
67138
67045
67001
66923
66804
66764
66721
66653
66599
66519
66464
66325
66265
66165
66076
65906
65740
65714
65628
65493
65446
65305
65164
65138
65085
65016
64962
64854
64757
64633
64512
64405
64299
64172
64081
64038
63999
63879
63776
63642
63393
63352
63218
63130
63066
62960
62876
62774
62677
62386
62346
62244
62104
61991
61908
61707
61626
61592
61534
61476
61385
61278
61206
60976
60889
60808
60794
60728
60701
60567
60495
60408
60285
60217
60069
59996
59984
59890
59836
59750
59699
59652
59570
59498
59444
59434
59396
59268
59195
59086
59037
59029
59004
58896
58885
58864
58787
58783
58636
58543
58464
58426
58364
58286
58260
58203
58172
58090
57943
57829
57743
57667
57577
57540
57417
57294
57221
57153
57102
57030
56900
56738
56683
56608
56523
56414
56386
56327
56256
56186
56074
55991
55809
55634
55600
55569
55355
55276
55212
55069
54873
54820
54706
54657
54402
54307
54204
54133
53967
53847
53684
53580
53447
53361
53290
53268
53136
53077
52930
52890
52837
52768
52649
52530
52460
52338
52271
52142
51965
51918
51822
51663
51621
51541
51478
51392
51330
51281
51146
50982
50871
50727
50631
50553
50395
50328
50248
50171
50052
50029
49993
49957
49799
49755
49641
49474
49348
49317
49194
49126
48958
48880
48740
48659
48537
48404
48312
48165
48094
48021
47879
47796
47734
47623
47522
47402
47388
47376
47310
47249
47081
46962
46953
46841
46698
46644
46466
46393
46232
46135
45982
45855
45768
45715
45688
45570
45450
45331
45233
45127
45075
45058
45014
44828
44707
44665
44510
44304
44220
44137
44107
44063
43974
43904
43862
43728
43627
43467
43321
43234
43091
43023
42894
42764
42714
42566
42514
42469
42374
42236
42192
42077
41912
41815
41637
41588
41431
41310
41232
41163
41148
41118
41113
41029
40954
40912
40782
40672
40510
40432
40329
40285
40264
40168
40092
40011
39854
39804
39713
39618
39606
39579
39573
39456
39423
39363
39252
39244
39132
39047
38981
38832
38644
38527
38434
38313
38172
37984
37853
37747
37692
37590
37470
37400
37301
37238
37129
37089
37057
36938
36861
36768
36674
36606
36488
36387
36183
36082
35993
35982
35930
35860
35794
35705
35496
35463
35324
35230
35165
35094
34977
34861
34662
34621
34531
34471
34331
34313
34237
34086
34081
34013
33900
33854
33658
33589
33512
33463
33318
33209
33160
33072
32923
32737
32641
32544
32391
32294
32278
32208
32082
31998
31852
31708
31645
31583
31496
31442
31398
31326
31284
31148
31031
31007
30874
30824
30786
30757
30619
30476
30346
30243
30132
30013
29895
29892
29865
29756
29632
29501
29406
29352
29229
29119
28998
28884
28772
28651
28546
28378
28187
28162
28083
27978
27903
27751
27706
27681
27576
27499
27450
27280
27256
27181
27043
26937
26824
26759
26612
26481
26329
26313
26293
26184
26047
25990
25962
25809
25754
25672
25585
25440
25342
25328
25282
25183
25045
24986
24904
24732
24683
24658
24574
24531
24454
24383
24269
24140
24075
23912
23844
23772
23705
23560
23466
23335
23236
23201
23115
22979
22781
22662
22634
22593
22489
22322
22175
22068
21864
21765
21737
21704
21626
21484
21417
21346
21200
21134
20966
20806
20666
20527
20515
20457
20395
20292
20214
20099
19956
19813
19650
19534
19431
19362
19267
19225
19128
18991
18978
18865
18756
18687
18495
18324
18235
18133
18120
17902
17743
17683
17605
17490
17376
17373
17196
17131
16998
16802
16747
16640
16551
16473
16319
16278
16196
16066
15994
15895
15828
15774
15686
15551
15439
15305
15120
15027
14980
14842
14734
14660
14607
14568
14529
14414
14360
14325
14292
14148
14088
13939
13826
13706
13646
13528
13456
13356
13221
13136
12989
12962
12812
12747
12632
12531
12333
12174
12035
11930
11899
11752
11716
11628
11493
11447
11435
11330
11254
11125
11022
10892
10756
10557
10394
10320
10231
10096
10030
9926
9817
9783
9714
9660
9636
9496
9340
9263
9174
9099
9035
8961
8864
8765
8756
8675
8560
8519
8420
8283
8146
8128
8002
7864
7832
7751
7723
7637
7529
7443
7361
7307
7132
7036
6975
6908
6829
6751
6678
6562
6447
6415
6323
6225
6147
6091
6016
5902
5888
5850
5828
5729
5510
5356
5231
5181
5057
5043
4928
4867
4729
4673
4666
4588
4448
4398
4291
4216
4194
4004
3843
3766
3652
3611
3548
3471
3372
3293
3174
3019
2955
2901
2779
2647
2481
2401
2346
2238
2091
2044
2024
1950
1819
1741
1604
1460
1418
1377
1366
1209
1167
1123
996
882
835
790
727
616
577
456
422
302
178
