969940
969340
968044
967455
966738
965812
964554
963070
962268
961159
960501
959853
958740
958400
957756
956878
956647
955536
954118
952852
951168
949357
948325
947551
946586
946453
944743
944738
943833
942076
941877
941513
940623
939486
938145
936321
934583
933308
932704
931980
930673
928871
927762
926875
926649
925271
924631
924202
923197
922169
921046
920307
919452
918467
917413
916040
914652
913678
913630
912221
911312
909858
908110
907723
906982
906833
906589
906227
905821
905808
904788
903086
901619
900806
899670
899015
898135
897646
896909
896594
895411
894810
893697
892854
891960
890734
889898
889239
888675
886688
885167
883943
883264
881758
880185
878942
877783
876138
875788
875421
874472
872945
871466
869839
869160
867856
867007
864873
864087
862887
861521
861378
860631
859753
858179
857326
856259
855598
853884
852833
851950
850785
849803
849107
848246
846905
845461
844929
843978
843474
842301
841084
840045
839338
838361
837402
836582
836270
835849
833902
832629
830824
829754
828833
827428
825554
824599
824350
823406
822802
821911
820602
819326
818395
817248
815592
814720
813319
812582
812412
811494
810266
809429
808089
806629
805327
804477
803985
803509
803216
801209
800206
799421
798831
797425
797329
796073
794918
793884
792817
792369
791719
790342
788883
788300
787252
785981
785267
784253
784157
783383
782589
781677
780616
779637
778780
778365
777110
776231
775160
774711
773627
773003
772168
771107
770544
768394
768101
767322
765709
764802
763538
762199
761356
760241
759162
757223
756771
756241
755097
754094
753218
751741
750951
750713
750438
749207
747435
746436
746374
744983
743973
743294
742709
741942
741337
740209
738684
737322
736443
735967
735257
734541
733226
732970
732550
731881
730197
728507
727538
726517
726011
725371
724421
723094
722114
721891
721240
720050
719692
719189
718704
717171
715143
714275
713463
712190
711240
711181
710575
708687
706925
706791
705700
704618
703189
702310
700987
699523
698117
697309
696101
694611
693961
692538
691580
690022
688292
687270
686188
685194
684619
683187
682900
682267
680359
678921
677840
676894
676304
675190
674280
672751
671952
670417
669524
668820
667194
666548
666187
664728
663673
663245
661817
660326
658996
658136
656464
655064
654920
653831
652993
651157
650762
649854
648900
648262
647292
645384
644594
644303
643567
642641
641315
640989
640557
639530
638083
636487
635176
634071
633212
632634
630708
629858
628890
628064
627613
626229
625831
624300
623568
623229
622266
621095
619359
618252
617271
615918
615732
614878
614457
613585
613064
611475
610717
610338
608569
608216
607149
605751
604738
603947
603348
603104
602192
601073
600947
600037
598281
596861
596385
595960
595471
593774
592294
592075
590264
589209
588219
586652
585632
584467
582657
581335
580132
579359
578549
576467
575706
574957
573728
572260
571237
569932
569474
567890
567505
565913
564120
562709
561201
560670
559446
557742
557343
556866
555963
555161
554361
553133
552434
551718
550235
549265
547994
546898
546215
545281
544670
544308
543518
542538
541916
541372
539988
538614
538142
537783
536702
536420
535110
533760
532895
532358
532228
531471
531256
529781
528788
526733
525943
524893
523688
522944
521991
520105
519899
518399
516998
515351
514176
512729
511627
509478
509362
508651
507222
505969
505767
505186
504009
503416
502381
501310
500570
499226
498502
497147
496646
495798
494427
493626
492959
492049
491395
490591
489614
488478
487755
486528
485855
484528
483532
482670
481244
480616
480550
479738
478798
477574
477485
476363
474872
473412
472055
470595
469723
468590
467847
467449
466710
466608
466305
465266
464636
463249
462012
461208
459888
459100
457645
456238
455845
455276
454528
453798
452471
451128
449917
449103
447603
446754
445217
444206
443057
441809
440387
439807
439116
438513
437232
435871
435484
434627
433775
432996
432125
431505
430453
430047
428953
427395
426751
425957
424622
424128
422859
422340
421910
421124
420592
420434
420032
418684
417194
415698
415450
414790
414241
413478
411789
410436
410401
410253
409363
408712
408182
407906
406888
406263
405378
404281
402834
402115
401295
400680
398721
397450
396960
396704
394848
394744
394306
393021
391906
391581
389939
389192
388091
387450
386589
385456
384684
384302
383542
382958
382244
381147
380111
378989
377911
376148
374777
373082
371816
370506
369861
368452
366883
365942
364537
363668
363021
361760
360551
359623
358232
357106
355488
355318
354563
353503
352156
350884
350642
348401
347646
346751
346151
344837
344090
343014
342513
342324
341576
340483
339691
338848
337380
336561
336414
335429
334399
333928
332168
331071
330202
329270
328741
328440
326728
325702
324881
324822
324081
323361
323250
322850
321053
320076
319182
318801
318614
318056
316713
315218
314344
313515
312700
311860
310985
309580
307972
306942
305988
304202
303595
302197
301069
300695
300354
299046
297735
296632
294637
293262
292259
291310
289826
289148
288927
287981
287748
287261
285600
284861
283238
282576
281636
281210
279446
279133
278297
278002
276976
276338
275583
274656
272873
271843
271297
270252
269476
268870
268329
266486
265343
264193
262931
262532
261205
259848
258787
257755
256544
255659
254535
253650
252507
251464
250591
249835
249235
248470
247963
246941
246067
244577
243798
242658
242065
240877
239155
238708
237459
237038
236818
235847
235134
234318
232869
232338
231319
231056
229052
227972
227249
227072
226450
224898
223904
221797
220431
219046
218567
218169
216612
215236
213765
212484
211196
210196
208639
207915
206621
205515
204947
204187
203664
203173
202958
202348
201361
199881
199189
197290
196357
194898
193781
192852
192227
190916
189441
189241
187818
186958
185874
185544
184802
184277
182148
181548
180724
179048
178219
177260
176313
174322
174035
172571
172032
171587
170363
169374
168064
168012
166932
166844
165979
165645
165233
164411
163900
162742
161512
161055
160497
159855
159426
158520
157878
156589
155703
155223
153778
152977
152139
151485
151071
150283
149435
148085
147762
146379
145967
144615
143406
141683
140824
139270
138197
136625
136242
135570
134407
132699
132072
130412
129357
128208
126782
125509
123683
122948
122255
121426
120582
119746
119345
118402
116544
115722
115317
114295
113867
113479
112584
111442
109486
108765
107805
107228
106372
105868
104866
103969
102194
100985
99782
99174
97909
96203
94709
93530
92142
91843
90230
89260
87805
86693
85141
84420
82818
81951
80881
80262
79529
79104
77619
76059
74916
73381
71524
71208
70065
68828
67645
66660
65688
65160
64521
63784
62844
61518
60164
58637
57827
56733
56060
55329
54344
54037
53204
52054
50601
49990
49265
48132
46990
46211
44417
43293
41559
41210
40437
39771
38957
37497
36360
35137
34790
34624
33627
33038
32197
31834
31421
30130
28639
27322
26733
26023
24513
23263
21877
21229
20350
20082
18460
16934
16404
15170
14014
14002
13789
12828
12010
10907
10046
9100
8509
7156
5853
5576
4565
4339
3262
2740
1681
