998811
998389
998199
997582
997389
997182
996814
996554
996380
996347
996222
995614
995144
994497
994440
993277
993102
992942
992845
992795
992713
991305
991032
990476
989846
989464
989424
989195
988544
988154
987738
986953
986354
985864
985045
984741
984683
984010
982972
982891
982713
982371
982257
982154
982029
981974
981239
979701
979541
979461
978002
977195
976309
975958
975532
975502
975497
974880
974364
974348
973625
973369
973262
973010
972803
972761
972346
970829
970154
969789
969138
968772
967435
967384
966591
965852
964722
963739
963660
962673
962517
962122
961689
960962
960432
959033
958180
957967
957276
956960
956370
955951
955442
955142
954326
953910
953566
952607
952420
951680
951249
951130
950801
950441
949217
947195
946762
946713
946283
945798
945697
944446
942577
942032
941963
941867
941059
940827
940733
940665
940624
940014
939895
939617
939358
938634
937377
937147
936417
936267
935796
934851
933544
932332
932094
932076
931812
931321
931266
931007
930215
929764
929743
929044
928265
927818
927622
927478
927149
924582
923454
923124
921953
920748
918806
918726
918495
918405
917975
917859
917619
915366
915285
914965
914611
913881
912957
912629
912394
912317
911934
911472
911001
910739
909563
909192
907808
907551
907112
906710
906474
906136
906037
905743
905086
904974
904656
903503
902662
902512
900320
899630
897984
897734
897715
896905
896815
896104
895737
895525
893556
893178
892371
891428
889050
888621
888478
888354
887831
887590
887553
885722
885317
885114
884929
884668
884262
883933
882536
881778
881753
880839
880622
879722
878117
878062
877007
875936
872020
871686
870268
869790
869066
868958
868520
868353
867735
866178
865931
865121
864985
864569
864444
864352
862996
862796
861657
861004
860330
859991
859961
859624
859233
859127
857646
857542
857150
856631
855922
855818
855721
855456
853554
851711
851530
851461
851436
851423
850863
850826
850237
849662
849421
847916
847098
846918
846407
845957
845803
844757
844325
844306
843556
843553
843390
843155
841803
841175
839805
839702
839503
839469
839210
838531
838330
838187
838098
837434
836846
835380
835245
834948
834828
834098
833931
833173
833130
832776
832568
832498
832414
830503
830033
829902
829563
829252
829175
829029
828950
828665
828129
827497
827471
827280
827258
827154
826451
825579
825175
825172
824845
823937
823878
823435
822328
821511
820726
820496
819676
818256
817317
817163
816915
816618
816119
815871
815618
814439
813986
813160
812062
811222
811052
810957
810824
809861
809803
809698
809296
808420
808398
808156
808050
807867
806895
806322
806143
805646
805364
804780
803716
802902
801963
800733
800412
800119
800115
799702
799585
799110
798946
798217
797803
797530
795516
795508
793976
791944
791172
790818
789918
789420
789368
789131
789060
788568
787916
787770
787610
786354
785370
784958
783999
783888
783768
783618
783394
783239
783013
783010
782892
781897
781848
779246
779021
778844
778575
778265
778259
778190
777826
777514
774946
774670
774439
773784
772377
771406
771199
770633
770162
769832
769586
768674
768634
767740
767676
767617
766969
766362
764802
764565
764261
763881
763058
762962
762888
762164
761786
761352
760544
759937
758613
757936
757789
756739
756126
755912
755869
754822
754573
754419
753255
752517
751825
751638
750726
750535
749719
749195
748973
748797
747672
746703
746502
746208
745926
744955
743857
743587
743437
742080
741550
741442
741216
741041
740629
740033
739964
739865
739185
739041
738638
737916
737786
737413
737185
737107
736082
735652
735298
734770
733656
733476
733314
732998
732952
732791
732235
730997
730446
728997
728983
728882
727448
726743
726645
726457
726444
726343
726282
725674
724677
723176
722431
722249
722025
721240
720482
720312
719892
719839
719327
719225
718307
715467
714857
714106
713952
711512
711393
711146
710459
710365
710234
709680
709380
709310
708712
708356
707482
707109
707045
706354
706181
706111
703994
702056
702007
701864
701592
701513
701173
700998
700772
700557
700012
699245
698498
698427
698192
695851
695366
693983
693444
692770
692220
691895
691304
690337
690239
689584
688325
688324
688314
686590
686400
684689
683568
683528
683444
683209
683013
682523
682518
682173
679345
678918
678850
677436
677377
676929
676817
676311
675908
675758
675362
674611
673891
673464
673232
673136
671495
671385
669999
669579
669460
669290
668647
668500
668485
667986
667438
666810
666691
666240
665577
665431
664693
662805
662625
661089
660497
659764
657296
655789
655392
655291
654802
654551
653798
653105
652874
651036
650604
650286
650000
649800
649792
648762
648198
647520
647430
647254
647059
646685
646624
646106
645902
645895
645455
644975
644816
644740
644629
644448
643848
643491
643251
642734
640453
640405
640263
639732
639495
636946
636436
635204
634279
633644
632050
632007
630758
630692
630015
629803
628436
628403
628051
627605
627518
626876
626793
626686
625550
624634
623649
622958
622881
622516
622083
621833
621483
620503
620352
619416
619386
619026
618947
618609
618319
618161
617528
617201
616813
616646
616491
616383
615531
615323
615003
614295
613506
612684
612005
612002
611392
611383
610796
610731
609278
608558
607280
607209
605871
605638
605060
604946
604734
604707
604662
603504
603092
602471
600099
600045
599519
599167
599137
598558
597930
597784
597229
596832
596698
596377
595925
594989
593969
593421
593277
593097
593083
592131
591625
590749
589897
588472
588275
587544
586615
586530
586348
585255
584192
584180
582716
582115
581920
580506
580362
579703
579335
578540
578449
578337
578211
577746
576946
576772
576738
574847
574706
574343
573854
573652
573043
572466
571844
571249
570709
570093
569798
569773
569588
569556
569429
568116
568005
566828
564908
564500
563968
563777
563227
562773
562400
562376
561458
561383
561231
561123
560682
560299
559420
558448
557870
557420
557351
557264
556135
555624
555219
554927
554903
554824
553362
552361
552009
551497
551189
550640
549853
549313
549060
548768
548720
547993
547983
547517
547435
546637
545375
545177
544883
544818
544209
543573
543112
542456
541809
541696
541197
540775
540475
540046
539550
538901
538768
538765
538297
538130
537568
537169
536964
536129
535436
534906
534900
534505
534316
534168
533996
533151
531995
531413
531230
530297
529806
527993
527934
527386
526859
526808
526435
524047
523136
522829
522356
522206
522144
522023
521619
520669
520564
519017
516479
516460
516371
515552
515547
515481
515271
515084
514113
513740
513516
511620
511180
510960
510825
510728
510679
510677
510233
509348
508754
508145
507689
507160
507071
506661
506582
505673
505413
505274
505088
504866
504783
504748
504707
503419
503058
501449
501118
500835
500813
500754
499227
498865
498014
497711
497366
497245
496867
495838
495047
494744
494211
493894
493831
492126
492070
490444
490072
488621
488612
488245
486723
486474
486367
486007
486002
485186
485033
483924
483909
483438
482061
481780
480728
479768
479026
477336
476730
476574
475947
474786
474598
474081
473497
473231
472269
471762
471670
470662
470566
469432
467368
467012
466865
466669
466537
466508
466273
465912
465615
465061
464917
464638
464632
463514
463504
463206
462959
462768
462747
462630
461851
461208
461077
460983
460831
460553
460049
459712
459618
458848
458775
458655
458585
458351
458268
458228
457479
455751
455746
455534
455112
453156
453072
452566
452401
452188
452012
451540
451302
451209
450925
449681
449093
449039
448749
448675
448505
447985
447151
446469
445757
444540
442877
442734
441860
441313
441249
440483
440033
439959
439869
438632
437574
436976
435882
435871
435760
435750
434965
434874
434085
434076
434000
433135
432948
432920
431887
430726
430374
430027
429260
429044
428248
428215
427115
426259
426228
426071
425982
425734
425585
424859
424725
422797
422792
422546
422369
422125
422099
421811
420966
420297
420096
419823
418984
418241
417767
416440
415867
415775
415132
413910
412814
412727
412697
411941
410958
410814
410354
409840
409710
409434
408144
407826
407806
407746
407483
407355
406681
406354
406150
405812
405231
404873
403810
403202
403102
402345
400968
399283
398560
398486
398262
397290
397208
397199
397053
396923
396462
395638
394721
392519
392334
391972
391844
391221
390876
390050
390003
389843
389661
389587
389003
388610
388348
388130
387385
387204
387147
387057
385663
385289
385013
384292
384090
383600
382985
381488
379684
379552
378877
378707
378642
378102
377883
376737
376604
375152
375026
374657
372536
372480
371184
370839
370364
370306
368132
367536
367413
367064
367020
366988
366713
366632
366558
366509
366358
366204
365028
364963
364574
364067
363898
363880
363068
362492
361987
361959
360777
359892
358832
358570
358541
358366
358210
357976
357830
357706
357021
356990
356763
352499
352395
352339
351698
351621
349506
348675
348201
347969
347369
347307
347194
346801
346766
345952
345814
344702
344628
344454
344382
344157
343811
342883
342763
342519
342053
341747
341467
341428
341103
340297
339169
339081
338982
338872
338655
337398
336265
335276
334894
334601
333908
333907
332388
332075
331715
331659
331024
330831
329987
329546
329363
329327
329148
328810
328773
328743
328298
327798
327474
326461
326372
325910
323255
322895
322418
321972
321861
321796
321462
321304
320272
320231
320085
319305
318855
318768
317699
317412
317379
317331
317290
316203
316035
315949
315834
315244
314839
313978
313926
312919
312772
312312
311770
311397
310995
310777
310464
308249
307561
307396
306857
306802
305993
305982
305877
305428
305384
304999
304848
304272
301161
300564
300537
300497
299776
299178
298101
298051
297727
297434
297396
297123
295632
294465
294043
294008
293308
292867
292600
292471
292081
291683
291158
290935
290340
290257
289821
288611
288317
287766
287721
287272
287133
286259
286040
285863
284910
284890
282734
282349
281401
281247
280720
280717
280247
279985
279450
279196
279132
278996
277997
277043
276526
276337
276308
274086
274083
273954
273653
273330
273213
273084
273020
272989
272567
272512
272202
272180
271735
270228
270215
269454
268598
268007
267774
266908
266900
266601
265498
264721
264719
264653
264588
263359
262784
262380
262205
261855
261767
261574
261533
261052
259522
259141
258550
258548
258460
258387
257732
257606
257169
257092
256534
256264
256209
255181
254945
254423
253438
252814
252694
251437
251274
250298
249784
248897
248705
248690
246457
246137
245782
245128
243909
243609
243553
243060
242699
240386
240217
240036
239208
239139
238645
238268
237787
237586
237067
237062
236910
236833
235077
234920
234573
234458
234227
233635
233618
233498
233372
233015
232847
232693
232136
231181
230725
229894
229195
229045
228201
227836
227352
226848
225382
224760
224709
224231
223665
223219
222767
222622
222310
221475
221076
220897
220896
220384
220011
219918
218092
217894
217056
216351
216164
216150
215115
214663
214227
213909
212573
211729
210868
210681
210412
210261
210244
209551
208741
208584
208361
207951
207858
207840
207829
207730
207643
207398
206765
206234
206119
205885
205236
204841
204670
204159
204001
203957
203789
202923
199644
199259
199223
199106
198811
197510
196945
196789
196747
195606
194157
193961
193785
193269
193181
192898
192553
192504
191835
191703
190966
189529
189276
187906
187435
187184
186668
186615
185660
185269
185192
185181
184671
184078
183954
183607
183501
183429
182960
182777
182312
182177
181979
181717
179474
179361
179125
179113
178002
177009
176828
176573
176135
175830
175564
174166
173926
173501
173197
173181
173098
172983
172963
171494
171060
170791
169176
169154
169066
169032
168724
166954
166588
164000
163872
163849
163504
163039
161162
161131
160505
160169
160103
158961
158279
156702
156647
155277
154303
153351
153087
151970
151361
150591
150524
150463
150235
150145
150040
149531
149479
148371
148164
147078
146572
146275
145580
145372
144695
144382
143274
143063
142579
142452
142190
142159
140826
140441
140301
139761
138953
138900
138601
137378
136559
136400
136125
135204
134949
134256
133671
133636
133266
132444
132280
132007
131400
129685
129666
129138
129088
129010
128374
127924
127503
126724
126535
126386
125990
125582
124930
124684
124146
123934
123820
123624
123571
123325
122639
122322
122081
121279
120948
120838
120716
120004
119796
119124
119087
119025
118925
118871
118442
118029
117717
117358
116804
116667
116664
116250
116173
115812
115481
114779
114233
113903
113641
113223
113012
112851
111460
111337
111183
111065
110391
109790
109473
108489
108227
107917
107863
107802
107734
107139
103362
103235
102697
102261
101395
100113
99888
99760
99295
98780
98685
98614
98295
97590
97230
95701
95123
94677
94590
93293
93274
92544
92095
91672
90897
90126
89386
89291
89036
89021
88842
88403
87581
87183
87134
86218
85598
85460
85338
85191
85141
84548
84186
84001
83743
83476
83202
82704
82151
81970
80023
79283
77459
77412
77227
76893
76273
75749
75061
74853
74542
74251
73738
72848
72718
72390
71798
71149
70836
70585
70555
69735
69682
69542
69136
68369
68217
67871
67823
66997
66120
66011
65189
64847
64815
64447
63781
63461
62485
62338
62294
61641
61527
61375
61062
60353
60257
60095
58068
57750
57453
57032
56969
56843
56119
55463
54662
54408
54166
53577
52174
52120
51870
51379
51325
50852
50372
50187
50160
49350
48966
47746
47255
47155
45893
45521
45108
44805
44729
44611
44402
44104
44010
43626
43437
43172
41179
41130
41127
40755
40640
39442
39358
38262
38219
38084
38040
37136
37065
36184
35005
34833
33871
33517
33360
33343
33030
32668
31895
30929
30562
29991
29853
29784
29330
29079
28660
28570
28324
28237
28010
26729
24094
23695
23676
22709
22413
20816
20735
20478
20344
20213
19581
19205
18879
17237
16898
16676
16585
16411
16295
16242
15137
15001
14303
13783
13293
12962
12675
12151
12144
11874
11655
11256
10230
9349
8895
8588
8558
7397
7327
6680
6351
6283
5150
4228
3229
2907
2393
2348
2175
872
734
509
297
