970108
969906
969635
969164
968472
967924
967379
967173
966937
966404
965789
965379
964954
964242
963674
963216
962748
962067
961302
960834
960178
959569
959121
958902
958316
957969
957507
956785
956254
955410
955408
954593
953653
953324
952773
952639
952338
951946
951044
950301
950065
949307
948936
948774
948043
947663
947272
946850
946606
946025
945235
945195
944726
943768
943335
943247
942773
942724
942296
941863
941520
940895
940521
940087
939289
938675
938154
937834
937563
937349
937220
936860
936558
936218
935626
935280
934608
934388
933871
933371
932804
932201
931592
930897
930064
929576
929158
929032
928389
928018
927648
927182
926696
925954
925418
924806
924349
923905
923126
922723
922457
921616
921010
920584
920487
919767
919407
918868
918179
917265
916516
916343
915514
914978
914312
913884
912993
912751
912066
911447
910799
910295
909856
909251
908312
907667
907247
906876
906419
905710
905594
904962
904406
903615
902841
902315
901942
901343
900830
900548
900408
899729
899368
898693
897934
897589
897389
896652
896049
895755
895075
895002
894473
894041
893527
893277
893161
892719
892007
891437
891213
890674
890336
889782
889235
888583
887830
887440
886920
886532
886106
885747
884858
884621
884311
884177
884032
883312
882565
882136
881917
881599
880941
880520
879923
879095
878413
877906
877795
877283
877014
876418
875791
874977
874687
874022
873585
873138
872897
872710
872400
871068
870344
870180
869825
869044
868230
867655
866860
866375
865394
864802
864346
864136
863451
862922
862772
862468
861995
861123
860676
860045
859727
859134
858547
858327
858016
857614
857025
856480
856382
855960
855398
855115
855010
854295
853966
853352
852904
852557
852300
851819
851231
850644
850348
850056
849608
849282
848788
848191
848132
847881
847411
847075
846969
846127
845797
845053
844532
843848
843524
842908
842572
842144
841865
841848
841346
840846
839994
839547
839447
838824
838134
837636
837074
836733
836536
836048
834997
833989
833314
832985
832887
832398
832272
831528
831035
830828
830318
829878
829276
828683
828512
827790
827294
827024
826343
825518
825006
824102
823915
822988
822450
822165
822097
821768
821361
821158
820905
819976
819479
819362
819025
818532
818128
817532
817187
816483
816255
815542
815381
814888
814506
813919
813624
812752
811815
811575
811125
810836
810050
809958
809337
808266
807853
807179
806776
806154
805795
805595
804879
804108
803567
803012
802286
802088
801478
800909
800650
800219
799887
799367
798830
798412
797868
796730
796259
795613
795438
794877
794385
793961
793420
792926
792319
792036
791544
791139
790560
790026
789342
788433
787674
787034
786744
786171
785762
785274
785067
784846
784360
783721
783617
783084
782405
781784
781443
780877
780515
779973
779343
778858
778529
778250
777964
777451
776917
776602
776119
775864
775544
774746
774234
773578
773214
773210
772829
772197
771560
771156
770642
770033
769466
769305
768549
767967
767480
766957
766404
765866
765588
765316
765171
764844
764680
764416
764070
763466
762796
762319
761898
761286
761144
760638
760512
760336
760214
759988
759286
758961
758738
758299
757665
757631
757291
757008
756434
756296
755865
755722
755439
755025
754206
753875
753575
752814
752234
751805
751413
751356
751009
750670
750294
749958
749414
748701
748123
747276
747030
746552
746107
745299
744751
744656
744305
743912
743493
743465
743038
743034
742638
742229
742073
741745
740943
740738
740116
739750
739099
738824
738230
737580
737186
736722
736001
735995
735471
734910
734424
733933
733348
732568
731882
731384
731099
730845
730713
729773
729077
728741
728563
728492
727605
726777
726347
725622
725461
725101
724517
724172
723785
723356
722651
722453
721789
721211
720824
720742
719896
719452
719121
718818
718181
717633
717049
716638
715996
715782
715269
714465
713800
713286
712533
711896
711478
711264
710621
710276
710215
709636
709490
709080
708435
708393
707658
707341
706718
706210
705777
705159
704559
703987
703254
702510
701783
701161
700846
700576
700271
699478
699336
699190
698538
697644
697431
697005
696668
696084
695624
694845
694659
694291
693925
692952
692868
692543
692002
691544
691364
691259
690851
690098
689265
688296
687435
686806
686121
685631
684906
684110
683749
683211
682792
682445
682039
681404
680823
680138
680023
679437
678993
678345
677836
677276
676388
675461
674959
674462
673869
673450
673216
673138
672501
671961
671382
670785
670064
669566
669257
668324
667364
666826
666138
665992
665118
664597
664140
663222
662704
662105
661694
661304
660471
659746
659409
658741
657950
657452
657347
656600
656128
655626
655011
654663
654303
653817
653336
652656
652184
651961
651050
650375
649743
648810
648349
648037
647819
647204
647042
646443
645925
645510
645030
644088
643508
642617
642496
642130
641821
641368
641124
640430
640056
639681
639201
638609
638554
638251
637985
637376
636945
636507
636326
635766
635298
634606
633861
633330
632719
632136
631665
631101
630640
630386
629576
629225
628667
628434
628290
627684
626807
626077
625638
625144
624482
624074
623562
623168
622546
622111
621442
620739
620073
619492
619109
618978
618286
618093
617607
616939
616657
616011
615487
615017
614720
614366
613570
613154
612993
612623
612556
611989
611390
611114
610752
610612
609800
609492
609151
608398
607987
607346
607088
606712
606111
606080
605705
605526
604908
604543
603995
603599
603192
602567
602351
602107
601387
600684
600046
599968
599351
599224
598516
598087
597812
597297
596602
596088
595518
595298
594664
594376
593881
593402
592971
592373
592039
591537
591013
590676
589984
589405
588442
588063
587933
587087
586341
585778
585285
584529
583881
583225
582972
582590
582345
581814
581609
581146
580751
579992
579731
579253
578669
578595
578109
577446
577026
576528
575756
575492
574639
574362
573935
573727
573367
572753
572294
571812
571385
570937
570443
569726
569308
568263
567801
567262
566337
565764
565317
564892
564341
563705
563233
562792
562248
561465
561138
560405
560004
559748
559370
558979
558285
558024
557702
557410
557264
556871
556324
555989
555565
554586
554253
553772
553214
552516
552208
551857
551777
551285
550596
550434
549851
549653
549380
549146
548903
548568
548087
547916
547535
546967
546350
545490
545053
544598
544343
543983
543572
542785
542155
541511
540826
540442
540013
539739
539489
538949
538452
538437
538332
537970
537571
537076
536400
536076
535872
535448
534788
534680
533910
533398
533222
533137
532308
531700
531588
531535
531007
530687
530157
529327
529095
528858
528561
528372
527878
527602
526704
525615
524833
524327
523920
523563
523053
522365
521679
521447
520525
519799
519495
519138
518606
518408
518133
517392
516998
516848
516464
515653
514878
514315
513766
513426
512776
512247
511917
511874
511502
510887
510495
510377
509714
509516
509426
508390
507923
507476
506760
506119
505467
504902
504596
504110
503400
502958
502440
501911
501387
500834
500121
499545
499113
498654
498244
497909
497563
497234
496700
495880
495634
495216
494602
494485
494214
493853
493521
493110
492384
492270
491912
491705
491391
490956
490443
489394
488809
488081
487685
487460
486707
485929
485454
484926
484519
484272
484044
483160
482358
481890
481333
480816
480289
479893
479212
478427
478056
477721
477040
476055
475550
474878
474759
474404
473717
473342
472487
471961
471282
470603
469942
469533
469282
468873
468077
467207
466618
466322
466109
465494
464822
464612
464313
464002
463838
463086
463021
462278
461616
461173
460671
460603
460175
459632
459491
459478
459198
458935
458890
458082
457702
456862
456005
455570
455449
455399
454771
454589
454011
453610
452979
452217
451627
450938
450479
450046
449133
448703
447890
447436
447337
446604
445555
445063
444512
444128
443987
443727
443592
443254
442647
442229
442038
441644
441197
440722
440440
440113
439963
439513
439180
438606
438318
437788
437136
436443
436134
435524
435145
434904
434350
434021
433709
432924
432295
431746
431371
430598
430010
429709
429193
428748
427834
427172
426720
426559
426277
425788
425616
424799
424198
423609
422764
422375
422229
421864
421439
421029
420727
420172
419704
418762
417846
417441
416622
415869
415220
414574
414002
413798
413377
412507
411901
411070
410413
409663
409153
408320
407710
407196
406945
406272
405437
404533
403768
403250
403218
402626
401940
401478
400709
400459
400268
399653
399521
398753
398405
398079
397696
397391
397111
396765
396180
395354
394775
394181
394025
393051
392785
392341
391575
391213
390825
390304
389544
389117
388599
387721
387424
387084
386707
386254
385901
385713
385302
385152
384062
383741
383438
382561
381812
381459
380990
380774
380216
379737
379076
378852
378232
377706
376887
376497
375749
375000
374454
374228
373755
373046
373008
372514
372229
371510
370886
370166
369993
369434
368887
368720
368415
367706
367161
366473
366189
365790
365359
364884
364772
364689
364354
364199
364177
363388
362508
361793
361303
361045
360644
359786
359653
358498
358002
357616
357566
357113
356799
356259
355456
355214
355015
354315
353824
353450
352601
351783
351149
350832
350636
350396
349735
348840
348251
347607
347038
347033
346677
346137
345566
344657
344070
343662
342733
342448
342058
341908
341501
340577
340133
339489
339274
338994
338751
337896
337548
337331
337298
337211
336754
336222
335383
335134
334557
333953
333762
333054
332541
332024
331575
331225
330757
330443
329934
329362
328872
328544
328234
327769
327406
326481
325961
325781
325355
325184
324505
323963
323216
322714
322369
322038
321822
321328
321012
320282
320019
319636
319504
319115
318499
318216
317693
317089
316579
316499
315874
315508
315353
314669
314129
313571
313215
312393
312171
311744
311233
310715
309969
309150
308774
307897
307410
307188
306571
306205
305472
305160
304726
304031
303733
303133
302686
301954
301883
301538
301127
300571
300101
300012
299551
298847
298524
297797
297395
296779
296111
295424
294777
293952
293477
292360
291713
291263
290639
290615
290261
289708
289243
288641
288203
287911
287734
286998
286423
285893
285160
284411
283995
283631
282954
282507
281922
281087
280367
279703
279201
278725
278366
277747
277295
276528
275956
275667
275201
274938
273748
273314
273037
272141
271538
271314
271002
270782
270041
269722
269146
268712
268046
267556
267116
266235
265523
264736
264128
263706
262987
262266
261652
261299
260874
260202
259133
258391
257194
256695
256570
256024
255925
255386
254858
254681
254188
253835
253415
253099
252284
251979
251758
250980
250699
250321
249928
249423
248512
248145
247979
247744
246829
246386
245775
245206
244789
244251
243883
243332
242816
242063
241170
240874
240089
239867
239569
239053
238198
238130
237470
237009
236487
236226
235531
235127
234725
234365
233723
232904
232339
231705
230968
230427
230373
229896
229058
228658
228355
227782
227322
226822
226428
225856
225474
225297
224931
224171
223923
222841
221914
221510
221186
220847
220270
220189
220059
219026
218358
218072
217664
217106
216641
216164
215808
215324
214945
214907
214476
214110
213949
213316
212626
212017
211360
210902
210121
209536
209368
208414
207837
207518
206770
205985
205617
205300
204542
204100
203714
203679
203454
202882
202560
202182
202021
201658
201511
200751
200602
200481
200455
199915
199704
198891
198444
197761
197197
196521
196086
195670
195115
194769
194244
193675
193387
192952
192453
192081
191804
191093
190910
190232
189429
188937
188808
188146
187667
187334
186816
186731
186603
185612
185036
184808
184775
184199
183743
183606
183169
182498
182211
181798
181685
181210
180989
180683
180300
179588
179026
178289
177511
177281
176907
176383
175609
175215
174782
174375
173971
173638
173534
173480
172761
171974
171737
171244
170745
170377
169940
168798
167701
167438
166908
166513
166355
165592
165083
164570
163980
163684
163325
162666
162325
161237
160762
160337
159608
159360
159282
158443
158051
158014
157722
156671
156054
155708
155704
155410
154776
154369
154190
153579
153161
152471
151768
151028
150505
150086
149306
148971
148909
148448
148165
147734
147252
146760
146733
145739
144696
144250
143627
143371
142963
142279
141719
140777
140464
139773
139360
138334
137527
137244
136808
136439
135798
135245
134755
133969
133683
133227
132844
132460
131883
131588
131118
130890
130484
129917
129308
128721
128365
128148
128037
127559
126975
126358
125893
125369
124638
123916
123503
122897
122686
121916
121742
121024
120538
119878
119340
118825
118538
118039
117713
117038
116404
115780
115502
114954
114681
113920
113498
112853
112542
111497
111384
110905
110349
109861
109536
109099
108849
108258
107697
107357
107180
106502
106238
105454
104462
104095
103460
102753
102323
101633
101374
100723
100179
99711
99186
98781
98152
97496
97244
96659
96203
95664
95260
94609
93977
93945
93122
93017
92783
92268
92033
91328
91105
90713
90010
89170
88619
88141
87274
86834
86390
85495
84737
84402
83647
83529
82998
82821
82762
81840
81412
81293
80640
80163
79515
78606
77993
77518
76927
76224
75833
75459
74690
73819
73212
72738
72035
71546
70644
69912
69466
68948
68389
67641
67109
66582
66341
65710
64725
64459
63861
63303
62884
62410
61580
61187
60842
60265
59364
59288
58539
57827
57376
57042
56521
55857
55205
54474
53735
53162
52609
51833
51311
50818
50253
49672
49183
48817
48571
48185
47628
47082
46423
45758
45446
45069
44738
44570
43961
43727
43175
42644
42199
41706
41258
40780
40267
39682
38590
38190
37919
37269
36810
36556
36016
35393
34805
34041
33899
33762
33023
32971
32502
32250
32120
31736
31435
31266
30586
30400
30329
29897
29478
29091
28922
28229
27909
27231
27068
26863
26239
25677
25356
24563
23907
23356
22776
22484
22358
21913
21398
20768
19972
19824
19309
18479
17924
17573
16925
16329
15844
15650
15454
15070
14749
14284
14170
13853
13366
12994
12718
11937
11784
11296
10697
10267
9812
9573
9436
8489
7913
7110
7021
6780
5954
5331
4735
4123
3367
2713
2422
1789
1237
872
