964726
964565
964325
964078
963814
963583
963484
963292
963209
963007
962854
962635
962359
962345
962138
962082
961970
961834
961636
961614
961474
961350
961114
960857
960761
960613
960257
960006
959675
959441
959318
959128
958994
958708
958587
958326
958244
958083
957838
957556
957332
957008
956899
956605
956315
956165
955885
955611
955573
955379
955053
954869
954571
954425
954200
954126
953792
953493
953212
952961
952893
952603
952398
952153
952003
951818
951519
951473
951245
951046
950725
950609
950537
950328
949959
949769
949444
949380
949112
948804
948505
948362
948151
947803
947521
947366
947065
946991
946866
946728
946628
946498
946307
946103
945765
945579
945497
945443
945237
944959
944768
944517
944269
944129
944010
943757
943581
943400
943012
942732
942471
942199
942135
941858
941649
941507
941435
941244
941124
940715
940513
940482
940341
940280
940104
939866
939470
939216
938883
938752
938582
938327
938232
938158
938067
938012
937812
937577
937268
937157
936914
936628
936478
936246
935859
935746
935547
935463
935260
935041
934764
934717
934521
934325
934173
933965
933873
933667
933471
933235
933034
932914
932652
932567
932228
932182
931921
931866
931759
931672
931514
931252
930949
930772
930563
930469
930299
930165
930079
929664
929419
929154
928950
928740
928396
928076
927734
927632
927471
927333
927062
926842
926741
926385
926351
926180
926086
925857
925528
925474
925138
924953
924808
924708
924672
924383
924211
923751
923442
923226
923128
922759
922553
922461
922363
922215
922103
921948
921751
921447
921164
920883
920827
920707
920653
920310
920140
919995
919885
919645
919325
919157
918975
918841
918657
918530
918206
918049
917850
917654
917510
917240
917131
917091
916728
916651
916491
916222
915966
915730
915583
915324
915086
914884
914667
914545
914495
914268
914197
914089
914078
913750
913520
913302
912926
912769
912437
912186
911934
911671
911481
911390
911257
910999
910843
910477
910316
910162
909976
909804
909627
909499
909368
909056
908780
908709
908415
908193
908046
907783
907698
907446
907308
907280
907123
906911
906702
906492
906282
906052
905962
905771
905505
905161
904927
904669
904447
904143
904010
903868
903764
903358
903082
902811
902630
902458
902334
902094
902008
901730
901529
901184
901151
900996
900901
900695
900445
900308
900243
900122
899977
899835
899760
899556
899383
899144
899000
898690
898495
898221
897954
897814
897591
897407
897173
897023
896854
896799
896553
896298
896081
895883
895562
895510
895367
895116
894846
894509
894336
894302
894124
893903
893652
893552
893380
893197
893026
892812
892505
892315
892178
892092
891900
891669
891391
891305
891223
890920
890761
890449
890297
889996
889715
889443
889219
889142
888932
888719
888515
888071
887997
887889
887742
887686
887327
887120
886964
886742
886678
886467
886295
886136
886094
885993
885644
885381
885286
885240
885060
884837
884642
884439
884167
883865
883801
883554
883424
883283
883185
882942
882804
882747
882593
882437
882349
882225
882023
881802
881569
881232
881069
880968
880823
880603
880535
880245
880062
879849
879367
879124
878913
878515
878421
878108
877988
877745
877569
877359
877195
877003
876766
876484
876290
876158
876062
875834
875586
875564
875289
874906
874768
874541
874374
874280
874228
873947
873620
873403
873202
872948
872924
872789
872577
872239
871916
871687
871594
871291
871168
870747
870485
870207
870152
869948
869754
869656
869519
869271
869062
868972
868632
868418
868151
867870
867571
867332
867129
866909
866732
866667
866608
866428
866325
866175
866094
865805
865529
865274
865047
864986
864867
864498
864456
864378
864085
863898
863817
863732
863416
863230
863071
862807
862636
862486
862317
862107
862074
861851
861554
861382
861115
860887
860726
860481
860195
859946
859734
859714
859493
859262
858978
858878
858836
858803
858702
858572
858517
858441
858338
858046
857739
857530
857337
857197
857015
856878
856746
856606
856379
856311
855935
855783
855488
855306
854914
854572
854247
854175
853872
853708
853577
853521
853460
853184
853128
852810
852572
852292
852153
851985
851761
851497
851263
850907
850788
850388
850203
850010
849766
849492
849343
849149
849086
848844
848673
848324
848153
847910
847525
847336
847126
846788
846730
846509
846365
846219
845957
845584
845488
845164
844979
844860
844634
844345
844119
843943
843600
843398
843281
843130
842947
842780
842480
842273
841960
841863
841663
841481
841279
841126
840786
840754
840663
840421
840192
840060
839605
839368
839138
838921
838788
838591
838505
838483
838190
838044
837849
837772
837674
837636
837431
837170
836932
836654
836349
836126
836011
835759
835656
835572
835468
835340
835215
835205
834906
834666
834457
834286
834135
834024
833841
833699
833483
833121
832992
832717
832369
832120
831798
831643
831475
831415
831051
830882
830701
830467
830338
830119
829783
829716
829617
829398
829253
829087
828883
828717
828571
828379
828236
828117
827941
827812
827529
827253
827070
826991
826706
826451
826327
826143
825955
825742
825596
825424
825160
824824
824647
824611
824464
824445
824301
824057
823621
823418
823245
823094
822854
822828
822587
822359
822082
821856
821675
821459
821155
820917
820789
820375
820233
819960
819591
819361
819144
818968
818764
818499
818236
818018
817884
817657
817596
817282
817175
817073
816812
816533
816405
816309
816059
815764
815595
815504
815430
815182
814960
814824
814474
814210
814056
813976
813758
813454
813407
813196
812877
812663
812570
812322
812157
812054
811634
811202
811125
810941
810628
810357
810164
809916
809679
809369
809259
809236
809018
808929
808804
808427
808180
808046
807796
807781
807564
807417
807182
807168
807005
806824
806615
806383
806277
806039
805703
805548
805271
804889
804675
804382
804310
804089
804069
803855
803841
803597
803368
803235
803084
802968
802667
802390
802160
801955
801798
801483
801469
801369
801122
800881
800564
800392
800091
799873
799800
799438
799163
799004
798878
798834
798500
798315
798136
797856
797620
797422
797265
797146
797076
796837
796674
796456
796229
795946
795854
795691
795452
795129
794890
794704
794440
794295
794136
793969
793907
793697
793294
793166
792855
792628
792424
792304
792200
791969
791721
791571
791402
791296
791196
790990
790669
790436
790061
789935
789691
789422
789260
789234
788968
788783
788534
788247
788068
787908
787620
787341
786987
786747
786566
786428
786238
785862
785629
785468
785258
785215
785148
784868
784473
784274
784014
783769
783572
783375
783027
782966
782773
782439
782238
781947
781841
781490
781332
781116
780908
780803
780641
780511
780431
780273
780038
779770
779693
779280
778911
778696
778553
778260
778016
777929
777662
777555
777427
777242
777063
776845
776767
776620
776382
776143
776106
775895
775723
775408
775256
774890
774490
774339
774161
773854
773712
773367
773134
773022
772754
772509
772272
772037
771919
771788
771612
771545
771250
771003
770862
770747
770634
770524
770245
770055
770029
769675
769459
769273
769171
769078
768929
768744
768497
768209
767938
767692
767588
767404
767315
767232
766989
766901
766676
766613
766477
766281
766219
766162
765974
765655
765414
765288
765122
764973
764931
764665
764558
764456
764139
763928
763756
763733
763476
763289
763194
763035
762996
762814
762705
762359
762024
761849
761684
761397
761161
760969
760657
760613
760380
760048
759815
759658
759329
759126
758914
758620
758565
758392
757962
757882
757559
757277
757149
756919
756760
756526
756359
756211
755881
755728
755415
755251
755074
754985
754669
754494
754304
754049
753847
753779
753580
753275
753200
752969
752803
752650
752435
752281
752185
751945
751896
751837
751679
751554
751318
751050
751020
750867
750724
750552
750508
750334
750179
749858
749684
749459
749337
749102
748908
748582
748259
747964
747807
747560
747435
747157
746880
746680
746642
746329
746022
745741
745488
745366
745355
745282
745022
744841
744617
744414
744226
744170
743822
743541
743347
743205
742954
742774
742567
742337
742038
741656
741426
741312
741108
740935
740745
740534
740362
740157
739979
739804
739632
739579
739520
739296
739186
739113
738990
738796
738543
738344
738226
737979
737808
737696
737619
737504
737254
737081
736835
736544
736335
736067
735754
735626
735508
735302
735083
734951
734850
734548
734353
734173
733982
733767
733546
733287
732969
732831
732756
732530
732379
732194
731863
731660
731399
731321
731141
730897
730719
730572
730420
730218
730019
729970
729645
729508
729403
729249
729075
728986
728754
728371
728245
728031
727700
727505
727229
727058
726848
726702
726413
726140
726034
725961
725837
725709
725289
725042
724823
724725
724451
724262
724177
723921
723828
723614
723443
723227
722980
722769
722592
722251
722021
721866
721731
721386
721299
721290
721251
721145
720900
720785
720499
720459
720219
720067
719953
719887
719663
719544
719425
719292
719169
718867
718783
718657
718527
718399
718198
717987
717789
717600
717279
717038
716832
716604
716361
716278
716134
715911
715848
715637
715587
715475
715471
715306
715056
714981
714695
714498
714198
714039
714013
713744
713621
713438
713404
713347
713151
712908
712580
712405
712107
711846
711606
711425
711343
711002
710741
710216
709865
709608
709491
709340
709039
708843
708829
708616
708267
708124
707962
707761
707447
707066
706998
706734
706672
706460
706224
705721
705578
705470
705109
704899
704692
704479
704239
704026
703888
703657
703447
703263
703089
702833
702653
702461
702396
702141
701872
701793
701433
701266
700984
700675
700325
700112
699856
699646
699470
699272
699226
699103
698905
698854
698600
698514
698320
698152
698118
697978
697931
697635
697334
697288
697131
697049
696868
696784
696588
696423
696265
696151
695982
695798
695735
695575
695461
695264
695060
695015
694922
694634
694329
694109
694098
693965
693834
693473
693342
693272
693239
693137
693025
692656
692392
692163
692077
691938
691856
691594
691508
691501
691237
690903
690716
690647
690631
690295
690069
689907
689796
689461
689271
688937
688769
688488
688279
687932
687659
687484
687292
686954
686779
686539
686344
686201
686102
685998
685948
685880
685652
685533
685285
685047
684840
684745
684529
684343
684068
683809
683555
683204
683043
682713
682576
682372
682177
682142
682012
681827
681723
681500
681213
681032
680832
680762
680622
680331
680198
679886
679787
679528
679359
678982
678816
678775
678591
678301
678191
677962
677834
677652
677627
677485
677251
676887
676733
676529
676255
676021
675861
675644
675392
675134
674879
674729
674663
674405
674084
673883
673681
673524
673341
673246
673089
672897
672637
672476
672178
671999
671752
671527
671421
671197
670958
670704
670470
670277
670067
670005
669775
669690
669435
669258
669009
668956
668478
668357
668148
667780
667654
667312
667108
666961
666752
666557
666292
666036
665829
665620
665457
665242
665109
664980
664970
664872
664756
664514
664057
663949
663784
663387
663218
663013
662833
662479
662316
662222
661811
661695
661524
661296
661142
661028
660721
660627
660380
660247
660061
659944
659756
659528
659213
659053
658957
658883
658704
658529
658299
657998
657879
657705
657554
657454
657285
657176
656972
656921
656742
656473
656292
656052
655734
655563
655313
655105
655038
654973
654806
654803
654545
654509
654128
654033
653901
653518
653300
653127
652896
652616
652486
652184
651842
651767
651569
651341
651058
650980
650813
650666
650417
650360
650115
650052
649771
649760
649755
649516
649099
649015
648735
648526
648370
648263
648149
648099
647959
647658
647268
647152
647082
646941
646841
646827
646580
646514
646257
645977
645698
645411
645250
645164
644938
644821
644606
644447
644248
644041
643825
643743
643589
643446
643322
642973
642827
642586
642385
642124
641951
641701
641376
641150
640821
640757
640504
640342
640205
639946
639848
639670
639508
639353
639237
639072
638882
638615
638406
638204
638113
637904
637854
637541
637524
637151
636979
636812
636547
636283
636070
636059
635946
635787
635617
635312
635186
635107
634914
634691
634494
634207
633872
633847
633650
633463
633180
633021
632483
632367
632239
631998
631873
631773
631644
631576
631409
631170
630919
630719
630580
630343
630235
630149
629892
629768
629511
629454
629224
629016
628891
628687
628457
628174
628063
627892
627724
627531
627339
627269
627031
626906
626660
626529
626191
626090
625846
625725
625460
625305
625104
625066
624763
624511
624318
624128
623941
623634
623471
623352
623257
623196
623120
622904
622898
622594
622257
622053
621897
621565
621237
621116
620751
620581
620361
620150
619844
619629
619548
619342
619049
618994
618898
618756
618361
618125
618010
617743
617500
617405
617219
617136
616941
616709
616554
616385
616234
616086
615692
615603
615458
615399
615147
614936
614816
614709
614573
614350
614148
614053
613865
613793
613648
613627
613335
613034
612948
612912
612718
612539
612354
612180
612141
611938
611771
611507
611170
611094
611049
610899
610724
610443
610341
610055
609813
609576
609259
609059
608770
608658
608229
608094
607887
607846
607778
607602
607458
607191
607149
607059
606776
606671
606483
606140
605762
605611
605557
605449
605270
605102
604844
604743
604481
604456
604274
604088
603930
603840
603775
603744
603658
603497
603372
602912
602838
602524
602448
602251
602149
602026
601862
601617
601403
601256
600986
600787
600542
600426
600183
599981
599767
599466
599149
598862
598637
598563
598376
598249
598237
598118
597882
597680
597406
597346
597123
597055
597022
596875
596799
596494
596238
596104
595880
595677
595558
595489
595243
595108
595048
594852
594675
594499
594306
594128
593924
593776
593748
593502
593355
593181
592929
592788
592547
592451
592212
591932
591615
591599
591348
591263
590898
590724
590541
590449
590367
590184
589995
589845
589786
589575
589466
589257
588853
588765
588461
588235
587939
587865
587669
587345
587152
586953
586877
586772
586669
586499
586305
586086
585951
585755
585677
585476
585444
585175
584834
584691
584417
584141
583906
583766
583491
583409
583385
583269
583096
582541
582384
582070
581928
581698
581485
581397
581087
580809
580654
580348
580215
580110
579933
579671
579548
579372
579287
579048
578957
578858
578665
578621
578509
578067
578029
577865
577654
577389
577172
577037
576752
576496
576344
576204
575937
575750
575505
575386
575087
574891
574689
574629
574487
574302
574100
573874
573619
573372
573220
573018
572853
572481
572378
572159
571890
571683
571515
571165
570929
570659
570428
570205
570113
570074
569927
569636
569417
569322
569025
568859
568711
568549
568414
568209
568017
567863
567664
567279
567073
566901
566605
566244
566173
566052
565913
565894
565648
565506
565338
565302
565137
564799
564565
564406
564091
563817
563768
563484
563357
563284
562931
562553
562332
562039
561715
561605
561464
561263
561101
560939
560875
560728
560523
560312
560241
560173
559878
559667
559441
559252
558980
558789
558628
558569
558437
558223
558044
557784
557658
557464
557268
557074
556782
556626
556363
556106
556019
555773
555645
555542
555236
555142
554947
554768
554305
554109
553896
553831
553668
553309
553127
553012
552805
552571
552312
552016
551920
551721
551635
551457
551207
551122
550790
550490
550227
550123
549798
549487
549155
549074
548718
548578
548277
548131
547988
547756
547577
547473
547344
547052
546939
546551
546379
546309
546186
546005
545856
545832
545633
545402
545188
544925
544756
544486
544340
544117
543808
543498
543340
543132
542817
542567
542356
542227
542038
541938
541703
541529
541324
541213
540857
540573
540564
540330
540137
539955
539769
539560
539410
539312
539165
539018
538988
538822
538731
538505
538366
538360
538174
537925
537685
537610
537432
537369
537214
537131
537052
536971
536651
536367
536038
535882
535765
535472
535142
534850
534551
534401
534233
534036
533804
533572
533246
532954
532801
532519
532358
532264
532004
531898
531665
531612
531332
531128
531016
530687
530309
530115
529867
529798
529670
529427
529244
529042
528729
528479
528304
527884
527693
527483
527175
526935
526713
526396
526109
525839
525540
525338
525203
525093
525023
524726
524503
524351
524251
524078
523936
523797
523678
523500
523261
523072
523001
522721
522378
522342
522172
522156
522059
522036
521932
521689
521449
521194
520965
520669
520365
520182
520065
519867
519779
519656
519647
519454
519194
518931
518683
518661
518440
518277
518129
518032
517807
517610
517332
517180
517029
516819
516476
516408
516222
516163
515784
515598
515281
514990
514690
514523
514339
514061
513848
513667
513525
513195
513046
512851
512666
512615
512479
512152
511891
511741
511617
511343
511233
511011
510683
510440
510345
510255
510092
509889
509569
509295
509084
508692
508368
508095
507725
507688
507479
507285
507035
506977
506909
506649
506591
506367
506324
505899
505716
505643
505397
505055
504960
504868
504796
504573
504411
504167
504084
503936
503623
503478
503339
503089
502875
502648
502287
502100
501938
501677
501426
501179
501037
500996
500710
500706
500436
500142
499969
499720
499510
499386
499163
498974
498786
498585
498509
498212
498126
497688
497571
497341
497183
496982
496724
496581
496487
496473
496358
496250
496177
496035
495936
495881
495737
495630
495424
495251
495017
494926
494603
494403
494241
494113
493980
493752
493624
493554
493383
493325
493056
492696
492483
492306
492189
492023
491737
491648
491554
491313
491135
491018
490686
490661
490558
490548
490443
490279
489864
489723
489535
489257
489147
488882
488714
488555
488400
488240
488028
487864
487737
487506
487471
487019
486798
486786
486649
486616
486317
486152
485890
485713
485528
485391
485141
484936
484906
484748
484615
484364
484127
483802
483476
483383
483237
483038
483036
482929
482902
482752
482468
482228
481987
481828
481433
481149
481125
480837
480783
480707
480422
480333
480217
480181
479776
479580
479413
479302
479267
479234
479120
478828
478387
478092
478044
477919
477718
477600
477399
477152
476898
476797
476754
476602
476413
476142
475932
475848
475549
475348
475063
474811
474596
474438
474238
473907
473513
473212
473053
472833
472658
472588
472334
472127
471937
471722
471454
471157
470976
470811
470617
470490
470166
469948
469726
469501
469298
469238
469083
469013
468793
468729
468671
468500
468318
468147
468127
467944
467866
467574
467512
467444
467359
467305
467125
467063
466751
466563
466425
466243
466106
465937
465824
465539
465489
465240
464974
464846
464757
464641
464420
464188
463990
463805
463592
463499
463292
463106
462821
462585
462310
462129
462059
461901
461671
461358
461304
460923
460631
460525
460375
460053
459799
459678
459462
459286
459241
459175
458873
458815
458561
458267
458160
457940
457934
457812
457808
457710
457698
457336
457210
457068
456879
456584
456409
456132
456023
455887
455669
455577
455332
455045
454970
454702
454506
454288
454037
453798
453669
453538
453396
453333
453221
452943
452698
452485
452333
452197
452038
451971
451836
451830
451668
451381
451071
450859
450664
450466
450325
450210
450044
449912
449793
449656
449595
449357
449164
448889
448717
448502
448177
447932
447803
447471
447027
446752
446433
446225
446082
445947
445760
445642
445505
445353
445167
444836
444683
444461
444367
444158
443933
443770
443478
443307
443045
442835
442718
442515
442410
442135
441957
441516
441445
441204
440937
440566
440366
440165
439838
439770
439565
439436
439149
439135
438956
438910
438686
438526
438282
438128
437895
437691
437380
437136
436755
436598
436409
436223
436023
435844
435745
435478
435276
435213
434933
434686
434455
434268
434027
433962
433705
433548
433377
433234
432921
432781
432543
432174
432041
432016
431882
431701
431672
431321
431267
431071
430918
430775
430465
430372
430161
429941
429745
429633
429503
429165
429088
428799
428613
428599
428440
428390
428100
427863
427714
427599
427383
427314
427147
426929
426795
426568
426471
426175
426040
425898
425806
425689
425614
425428
425240
425095
425092
424831
424686
424478
423984
423888
423580
423208
422954
422751
422597
422483
422223
421952
421872
421566
421453
421136
421006
420677
420366
420038
419952
419591
419411
419272
419057
419024
418826
418628
418584
418387
418246
418171
417973
417819
417671
417560
417452
417153
416932
416832
416494
416269
416088
415924
415658
415324
415159
414744
414577
414522
414468
414153
414005
413879
413697
413464
413294
413227
413070
412876
412813
412655
412448
412404
412245
412135
411817
411591
411354
411079
410863
410661
410396
410192
410061
409839
409777
409515
409390
409143
408746
408587
408526
408478
408341
408013
407926
407612
407502
407301
407120
406871
406688
406514
406332
406138
405863
405530
405264
404983
404829
404688
404469
404406
404358
404236
404151
403937
403650
403445
403197
403055
402980
402749
402696
402471
402391
402353
402139
401857
401697
401487
401220
401010
400746
400577
400276
400197
399978
399904
399739
399517
399415
399189
398962
398688
398485
398176
397975
397713
397500
397209
396994
396820
396680
396536
396509
396241
395933
395815
395668
395394
395365
395263
394983
394676
394571
394498
394319
394110
393822
393603
393402
393042
392798
392677
392553
392327
392160
392053
391851
391710
391588
391324
391247
391036
390873
390718
390583
390295
390008
389681
389524
389240
388768
388672
388186
387875
387719
387538
387332
387093
387046
386816
386471
386190
386100
385952
385696
385537
385305
385172
384896
384654
384635
384485
384233
384178
384093
383899
383600
383447
383189
382989
382715
382585
382325
382038
381999
381925
381676
381418
381301
381150
380865
380625
380401
380301
380205
380024
379748
379723
379332
379187
379004
378771
378554
378340
378202
377947
377622
377309
377140
376887
376657
376489
376373
376174
375971
375671
375616
375498
375416
375015
374699
374358
374285
374132
373995
373792
373509
373269
373217
372996
372824
372523
372328
372061
371651
371322
371081
370720
370615
370381
370039
369619
369515
369439
369231
369067
368842
368725
368487
368228
368050
367874
367695
367602
367589
367463
367293
367098
366936
366799
366746
366491
366314
366038
365887
365827
365581
365439
365189
365028
364888
364656
364382
364095
363750
363432
363282
362976
362910
362654
362433
362345
362136
361966
361768
361480
361297
361015
360801
360589
360451
360159
360070
359994
359912
359814
359580
359421
359078
358813
358639
358418
358237
357932
357644
357438
357075
356767
356433
355979
355693
355432
355215
354975
354780
354484
354351
353987
353829
353580
353307
353106
353078
352903
352789
352584
352431
352185
352180
352117
351853
351750
351514
351508
351211
351111
350943
350824
350528
350238
350065
349751
349524
349181
348886
348688
348609
348570
348355
348277
348058
347860
347708
347656
347567
347253
346840
346630
346346
346189
345994
345605
345482
345239
345108
344926
344757
344494
344361
344308
344095
343762
343735
343287
343152
342920
342799
342677
342395
342193
341969
341699
341578
341204
340867
340728
340578
340276
340226
340010
339718
339494
339329
339157
339033
338916
338687
338619
338485
338459
338276
338143
337909
337629
337487
337111
337019
336877
336754
336587
336444
336239
336126
336008
335736
335568
335339
335228
335002
334890
334735
334554
334415
334226
334069
333859
333776
333546
333432
333277
333204
333141
332783
332395
332132
331845
331715
331611
331348
331116
330930
330801
330647
330332
330114
329898
329782
329544
329291
328943
328747
328594
328387
328066
327820
327753
327734
327435
327141
326904
326618
326344
326045
325758
325625
325517
325258
325181
325152
324934
324777
324572
324276
324137
323902
323712
323538
323200
322959
322738
322581
322471
322271
321799
321539
321323
321083
320894
320888
320881
320787
320698
320515
320235
320050
319820
319548
319380
319084
318964
318791
318659
318292
318236
318080
317893
317735
317733
317608
317558
317421
317139
317013
316839
316518
316327
316246
315994
315923
315694
315407
315218
314941
314765
314516
314406
314105
314028
313970
313829
313629
313256
313020
312803
312692
312490
312276
312192
312045
311731
311431
311395
311296
311112
310764
310547
310467
310069
309785
309700
309496
309218
308927
308653
308439
308216
308180
308096
307895
307581
307483
307327
307130
306777
306558
306432
306302
306057
305978
305739
305528
305498
305269
305194
304955
304636
304460
304345
304073
303897
303789
303484
303382
303347
303271
303108
302913
302677
302548
302261
302211
302000
301930
301672
301415
301231
301168
300979
300858
300688
300491
300127
299921
299718
299428
299135
299043
298695
298650
298586
298548
298304
298052
298036
297859
297482
297268
297015
296797
296472
296257
296081
295861
295680
295538
295366
295119
294898
294848
294520
294293
294127
293868
293725
293501
293257
293112
292871
292696
292521
292253
292088
291903
291714
291678
291448
291251
290930
290741
290644
290493
290409
290217
290058
289853
289708
289538
289150
289027
288930
288758
288417
288356
288153
287896
287786
287717
287598
287311
287061
286778
286737
286458
286136
285855
285773
285546
285479
285291
285173
285092
285002
284750
284390
284186
283815
283585
283244
283191
282667
282542
282341
282045
281590
281367
281001
280663
280365
280020
279823
279573
279446
279152
279009
278807
278563
278406
278221
278129
277976
277765
277627
277388
277212
277007
276718
276484
276287
276035
275752
275443
275279
274891
274878
274664
274430
274273
274071
273856
273611
273473
273288
273057
272700
272505
272419
272077
271853
271655
271451
271121
270976
270855
270842
270498
270329
270283
270134
269959
269582
269317
269243
269053
268947
268777
268660
268223
268001
267843
267480
267345
267083
266848
266563
266364
266181
265939
265765
265484
265257
265052
264714
264397
263997
263937
263745
263665
263419
263311
263163
263130
262978
262604
262364
262182
261731
261333
261128
260924
260798
260616
260326
260225
259903
259784
259586
259446
259117
258890
258777
258566
258369
258027
258004
257638
257419
257102
256996
256837
256656
256449
256240
256131
255834
255672
255321
255195
254935
254644
254459
254453
254324
254204
254075
253852
253613
253507
253286
253074
252646
252498
252301
252070
251923
251848
251583
251441
251258
250930
250651
250591
250249
249909
249708
249584
249369
249318
249192
249158
248854
248498
248071
247948
247697
247617
247530
247194
247100
246868
246514
246506
246301
246226
246212
245878
245656
245408
245156
245043
245022
244744
244510
244220
243910
243700
243591
243566
243322
243218
243084
242820
242631
242494
242355
242332
242065
241990
241706
241624
241416
241304
241032
240843
240659
240618
240534
240249
240176
239920
239703
239491
239193
239158
239041
238918
238842
238493
238322
238245
238055
237852
237652
237402
237082
236855
236785
236434
236222
236040
235812
235599
235189
235072
234851
234508
234378
234324
234197
233975
233815
233705
233565
233346
233163
232851
232783
232465
232225
232075
231880
231615
231381
231173
230916
230726
230530
230356
230181
230071
229866
229800
229630
229287
229219
228970
228705
228318
228274
228124
228079
227968
227705
227643
227345
227030
226924
226760
226571
226437
226169
226041
225797
225546
225248
224961
224712
224658
224434
224207
223994
223822
223624
223387
223102
222796
222502
222147
221879
221590
221340
221291
221140
220978
220731
220657
220539
220413
220215
220004
219801
219594
219521
219317
219091
218933
218761
218656
218501
218167
218086
217794
217615
217422
217273
216856
216711
216627
216365
216300
216228
216111
215951
215781
215364
215024
214831
214521
214358
214049
213923
213888
213778
213591
213260
213147
212894
212860
212753
212734
212648
212518
212246
212168
211980
211872
211775
211487
211469
211311
211175
210965
210766
210623
210450
210380
210246
210098
209980
209452
209365
209074
208732
208656
208315
208089
207842
207471
207290
207164
206946
206848
206726
206540
206422
206138
205857
205720
205629
205587
205257
204959
204859
204640
204557
204315
204090
203920
203695
203643
203405
203339
203077
202897
202756
202550
202368
202232
201998
201777
201612
201343
201198
201026
200866
200611
200459
200319
200311
200088
199835
199745
199425
199237
198906
198647
198414
198218
198176
197935
197858
197709
197464
197355
197114
196867
196566
196251
196119
196067
195766
195634
195539
195227
194998
194929
194598
194405
194131
193967
193594
193335
193238
193152
192766
192608
192320
192134
191848
191621
191272
191138
190859
190703
190490
190213
190025
189807
189626
189488
189323
189292
189040
188847
188563
188227
188099
187933
187814
187672
187447
187220
186906
186872
186757
186383
186106
185798
185573
185389
185277
185122
184955
184749
184550
184428
184314
183965
183939
183716
183617
183444
183194
182839
182810
182554
182332
181979
181707
181545
181521
181228
180907
180846
180635
180465
180368
180134
179943
179642
179399
179138
178997
178714
178529
178294
177992
177839
177751
177493
177416
176971
176878
176523
176421
176294
176214
175915
175835
175640
175544
175359
175321
175205
174885
174828
174677
174561
174379
174139
173995
173740
173592
173375
173109
173020
172860
172810
172619
172339
172049
171982
171956
171703
171549
171325
171185
171014
170686
170484
170215
170091
169737
169730
169626
169494
169385
169209
169161
168987
168629
168451
168266
168200
168009
167896
167774
167591
167413
167186
167067
166858
166664
166494
166301
166267
165950
165844
165512
165349
165145
164994
164764
164578
164438
164372
164209
164010
163819
163790
163665
163509
163474
163345
163213
163115
162879
162615
162394
162226
162140
161938
161617
161289
161246
161007
160664
160387
160108
159950
159786
159588
159569
159313
158849
158678
158469
158275
157960
157724
157491
157384
157091
156968
156828
156408
155969
155872
155743
155435
155250
155211
154940
154777
154526
154276
154175
154053
153852
153844
153615
153394
153181
153153
152886
152673
152468
152225
152074
151900
151841
151593
151427
151209
150893
150689
150467
150432
150337
150108
149969
149760
149532
149093
148807
148628
148252
147948
147804
147505
147328
147135
146904
146663
146283
145906
145800
145589
145462
145192
144837
144530
144218
143873
143721
143556
143261
143051
142772
142676
142439
142223
142149
141998
141932
141628
141486
141260
140936
140796
140713
140429
140255
140135
139999
139884
139713
139513
139172
138932
138818
138606
138485
138317
138112
137966
137798
137575
137434
137174
136927
136795
136616
136474
136416
136121
136107
135801
135524
135306
135230
134894
134702
134450
134222
133980
133698
133671
133560
133289
132973
132875
132672
132398
131894
131602
131532
131412
131243
131139
131028
131021
130826
130367
130197
130041
130018
129672
129454
129229
129103
128932
128700
128489
128313
128193
127955
127801
127505
127233
127152
126892
126636
126587
126426
126280
126162
125988
125814
125594
125284
124996
124962
124817
124744
124726
124591
124373
124158
124053
123933
123636
123456
123297
123056
122836
122700
122518
122388
122057
121842
121784
121514
121291
121101
120938
120634
120489
120431
120338
120163
120015
119700
119649
119551
119347
119224
119159
119045
118744
118466
118206
117997
117810
117678
117479
117278
117239
117158
116815
116728
116451
116353
115986
115787
115528
115267
115114
114960
114723
114520
114316
114149
114027
113810
113571
113377
113199
113000
112827
112523
112316
112273
112058
111870
111529
111255
111018
110759
110684
110550
110177
109980
109776
109476
109292
108986
108774
108511
108299
108133
108055
107909
107632
107485
107344
107106
106827
106544
106307
106230
105991
105679
105487
105313
105126
104952
104748
104570
104398
103944
103697
103469
103242
103198
103062
102755
102499
102179
101929
101871
101668
101478
101460
101277
101171
101065
100860
100649
100473
100416
100393
100194
100053
100005
99905
99867
99683
99631
99490
99186
98945
98741
98400
98291
97957
97626
97545
97387
97162
97109
96924
96668
96322
96067
95923
95827
95712
95636
95298
95125
94841
94810
94438
94210
94030
93929
93742
93559
93261
93239
93198
93008
92806
92619
92279
92049
91953
91777
91608
91449
91301
91223
90956
90815
90596
90404
90236
90073
89797
89767
89314
89057
88812
88497
88210
88114
87870
87784
87553
87406
87247
87153
86887
86650
86581
86326
86247
85963
85864
85616
85454
85172
84946
84648
84606
84264
84128
83962
83789
83576
83447
83274
83096
82966
82693
82511
82325
82233
81976
81719
81680
81449
81271
81047
80606
80381
80100
79868
79705
79464
79190
79043
78905
78651
78537
78338
78285
78128
77921
77779
77395
77199
76942
76733
76691
76398
76321
76042
75641
75464
75125
74947
74736
74410
74274
73810
73552
73511
73414
73296
73084
72954
72840
72818
72386
72108
71990
71865
71754
71557
71191
70943
70775
70624
70518
70497
70276
70138
69709
69636
69451
69265
69035
69001
68967
68816
68725
68520
68344
68049
67803
67477
67076
66902
66758
66472
66388
66257
66162
65926
65786
65466
65238
65104
64773
64578
64414
64368
64171
64086
63809
63588
63428
63255
63128
62948
62831
62600
62437
62138
61976
61814
61455
61326
61095
60884
60744
60571
60444
60287
60075
59842
59605
59513
59289
59188
59000
58750
58608
58340
58297
58096
57819
57537
57412
57164
57109
56902
56590
56363
56123
55931
55512
55167
54896
54685
54442
54131
54010
53790
53547
53412
53236
53114
52949
52502
52320
52238
52111
51888
51709
51476
51266
51052
50946
50733
50624
50427
50142
49970
49931
49606
49419
49192
49144
48926
48837
48481
48222
48028
47966
47794
47727
47572
47469
47221
47040
46919
46875
46705
46435
46241
46057
45803
45517
45386
45330
45224
45090
44686
44485
44241
44040
43839
43706
43468
43349
43319
43089
42954
42823
42523
42466
42352
42029
41913
41761
41716
41494
41242
41035
40940
40577
40275
40213
39986
39774
39514
39395
39012
38789
38627
38436
38252
37994
37873
37667
37616
37319
37246
37032
36864
36828
36595
36393
36177
35886
35822
35598
35367
35364
35100
34807
34606
34497
34223
34058
33840
33620
33431
33106
33030
32810
32599
32275
32174
31910
31618
31554
31299
31121
30964
30746
30605
30449
30310
29995
29932
29679
29360
29059
28818
28633
28454
28324
28150
27924
27617
27431
27087
26782
26614
26474
26446
26181
25886
25717
25426
25156
24937
24817
24677
24365
24080
23861
23591
23322
23261
23107
22988
22785
22498
22265
22108
21909
21556
21331
21110
20959
20695
20532
20326
20215
19908
19846
19719
19571
19421
19202
18973
18665
18379
18261
18179
17888
17471
17297
17192
17131
16983
16696
16586
16377
16240
16056
15942
15814
15624
15439
15223
15135
14981
14839
14597
14402
14303
14178
13949
13858
13770
13605
13460
13362
13326
13126
13006
12858
12738
12656
12356
12204
12017
11810
11659
11430
11227
10894
10602
10466
10228
10008
9721
9546
9322
9148
8887
8653
8591
8343
8212
8078
7969
7793
7662
7493
7240
7100
6825
6752
6546
6412
6266
5925
5763
5474
5187
4988
4744
4678
4523
4397
4203
4015
3929
3830
3572
3452
3178
3079
2990
2742
2696
2552
2259
2094
1964
1568
1298
1153
845
579
345
