970197
968665
967022
964267
962655
960979
960220
959860
957716
955674
953543
951080
949644
946728
944274
941733
939742
937873
936982
935252
933575
930587
927810
926786
923093
920093
918310
917593
916992
914483
914370
911022
909708
906244
904679
903738
903047
901103
898915
897073
895416
893176
892030
890111
888799
887065
885160
883440
883157
880940
879600
877630
875888
874503
873666
872921
870216
866263
862527
858888
857378
855594
854114
852739
849623
848748
846888
844169
841640
838629
837307
835874
834220
830904
828145
827078
824029
819987
819382
816683
815232
813027
811802
809467
807326
805651
804974
803261
800985
798431
797453
794325
792733
789275
786117
784789
784183
781421
778737
776330
773011
771718
769641
768293
767135
766212
764259
763230
760282
759667
757485
756642
754016
751678
748671
746225
745752
744359
742495
740945
738935
736463
734591
733922
732395
730981
730547
728074
725275
722564
720473
718146
715271
712826
709378
706723
706703
704645
703852
700972
698569
698062
696465
694667
692717
691348
689833
688603
686205
684146
681223
679112
678057
677144
675232
675014
673219
671165
667345
664408
662064
660794
658372
656432
652868
650687
650358
646731
644729
643423
642122
641075
638586
635970
634491
632844
631806
630497
626930
625215
623037
621092
619700
617848
615702
613718
610713
607793
606655
604553
602822
601696
599513
596294
594709
593055
588731
587357
585760
583601
580744
577837
575929
575794
575339
573745
571969
570767
568731
567685
564127
562092
560357
557880
555696
555167
553716
551929
549991
546823
544992
544381
542456
540998
538828
535633
534949
533832
533000
531305
529866
527357
524639
524320
523790
522362
520500
516822
513498
511983
511061
508865
505467
503070
501367
497828
494921
492843
489554
488659
487142
484840
481473
478645
475251
473242
471244
468065
462635
459749
458150
457245
456687
452757
451429
449084
446744
444850
441317
440185
439140
437914
436438
434677
432413
430616
428739
425024
422337
420951
419486
417502
416110
414315
412745
410073
407236
405388
403690
401272
399968
398725
397732
393994
391847
390399
388899
388724
387428
383325
380500
378269
378090
376429
374746
372503
370942
370230
366456
363002
360732
359357
357567
357115
357001
354428
353744
351379
349873
347798
345952
344708
343743
340869
338886
338834
338239
336141
332899
331042
328763
326347
322249
319509
317856
315125
313627
311677
308653
306616
302900
302025
300511
299051
296154
296043
293907
292325
290022
289726
288490
285958
285712
283600
281441
280720
278335
275955
273712
271711
270531
268443
265617
263347
261796
259913
257664
255918
255079
252943
252296
249735
248026
244689
240986
238903
236744
235003
234381
232397
229363
226689
223881
223392
222787
220684
219655
218103
215709
214846
213849
211716
211274
210011
208041
205343
202258
200545
199064
197966
196306
194676
194266
192382
189369
186402
184214
181773
179547
177671
174812
171738
168735
167649
164202
162293
160665
157338
156036
154507
151748
151293
147669
145074
143507
141184
141001
138910
138896
134985
131894
130317
127065
123827
123432
121815
118771
115972
114587
112153
110696
109742
107059
105808
105652
104918
103876
101378
100397
99220
96070
93396
92159
89009
86269
84466
81951
81060
80564
79886
77990
76754
75610
73804
72360
71187
69069
68226
66213
64427
62911
60452
59687
57018
56303
55986
54608
51776
49578
47037
45183
43423
41705
39690
35961
34686
33045
30425
27580
24989
23483
20303
18999
16637
15689
11563
9152
8085
5335
2693
