999309
999297
999036
998856
998197
998193
997558
997543
997223
996663
996621
995937
995806
995620
995463
995431
995244
995085
995033
994787
994655
994648
994624
994514
994462
994445
994436
994298
994273
994104
994084
993819
993749
993642
993462
993139
992996
992598
992572
992357
992332
991978
991372
991333
991108
991104
990927
990415
990401
990163
990040
989624
989463
989288
988958
988738
988722
988575
988566
988429
987803
987623
987121
987023
986977
986649
986605
986386
986353
986161
986109
986041
985990
985564
985463
985418
985217
984562
984435
984295
984263
984243
984095
984047
983779
983517
983394
983281
983236
983166
983031
982962
982912
982109
981871
981772
981160
981133
980907
980827
980694
980606
980347
980340
980209
980150
979835
979491
979481
979311
979152
978601
978366
978343
978278
978118
978025
978023
977954
977855
977769
977722
977599
977423
977282
977260
977013
976550
976399
976189
975602
975548
975477
975451
975197
975156
974794
974713
974623
974379
973594
973526
973239
973196
973075
972795
972729
972567
972434
971849
971845
971545
971377
971210
971074
970790
970751
970747
970309
970223
970182
970044
969631
968953
968951
968808
968637
968154
967985
967785
967635
967587
967416
967159
967112
967007
966952
966902
966821
966793
966790
966712
966706
966348
966312
966029
966016
965614
965587
965564
965449
965387
965311
965174
965124
965014
964971
964865
964701
964598
963983
963871
963144
962785
962665
962487
962377
962370
962324
962270
962239
962100
962087
961926
961669
961651
961337
960563
960503
960446
960237
959791
959734
959662
959654
959632
959456
959123
959062
959043
958981
958697
958657
958483
958239
958223
957967
957775
956673
956433
956234
956037
955711
955555
955222
955155
955139
955097
955080
954980
954604
954405
954308
954025
953920
953882
953363
953143
953093
952952
952933
952645
952520
952382
952014
951961
951609
951451
951242
951239
951034
950904
950894
950813
950458
950426
950213
950211
950126
950095
949809
949799
949792
949612
949400
949304
949194
949070
948999
948663
948640
948541
948486
948417
948163
948156
947865
947811
947368
947276
947090
946888
946775
946179
946165
945647
945620
945532
945400
944995
944842
944767
944761
944738
944364
944308
944022
943999
943635
943586
943558
943124
942816
942538
942508
942109
941474
941286
941137
940599
940262
940082
939853
939821
939612
939180
939143
938986
938824
938667
938654
938607
938527
938379
938055
937805
937494
937175
936871
936846
936747
936678
936416
936142
936111
936075
935837
935598
935119
934799
934776
934709
934528
934473
934220
933863
933758
933539
933261
933193
932958
932934
932872
932720
932668
932603
932545
932395
932175
932141
932111
932109
931971
931951
931592
931560
930903
930324
930276
930118
929754
929481
929060
928945
928840
928761
928644
927893
927514
927217
927114
927089
927027
926977
926881
926834
926603
926036
925975
925888
925708
925685
925495
925405
925390
925233
925198
924381
924227
923874
923789
923518
923408
923074
922747
922553
922402
922074
921900
921480
920996
920966
920931
920914
920883
920752
920568
920367
919348
918877
918859
918764
918719
918663
918313
917881
917587
917448
917184
917153
917109
916868
916696
916681
916065
915811
915632
915603
915535
915224
915150
914794
914680
914616
914475
914326
913878
913760
913744
913699
913401
912622
912289
911794
911658
911597
911341
911284
911127
910897
910680
909915
909831
909633
909262
909022
908226
908151
908099
907848
907613
907235
907233
907102
907091
906708
906446
906155
905963
905862
905724
905632
905512
905376
904489
904397
904186
904159
903223
902598
902189
902188
902127
901908
901829
901390
901201
901165
901096
900673
900455
900216
900058
899995
899872
899820
899023
898623
898396
898333
898289
898270
897843
897839
897783
897563
897348
897253
896722
896447
896345
896304
896245
896103
896087
895980
895960
895914
895774
895300
895289
895068
894959
894822
894753
894323
893999
893524
893395
893394
893089
892415
892257
892160
892107
892022
891857
891803
891460
891395
891282
891136
891070
891019
890888
890875
890865
890589
890500
890297
889999
889887
889602
889226
888886
888719
888683
888532
888373
888337
888264
888213
887460
886962
886613
886304
886233
885193
885016
884861
884811
884571
884500
884006
883280
883277
883139
882357
882178
882167
882031
881951
881699
881525
880819
880741
880483
880356
879908
879578
879432
879404
879384
878845
878581
878468
877808
877740
877507
877284
876993
876820
876613
876390
876202
875915
875771
875465
875092
874244
874049
873733
873577
873576
873542
873530
873432
873294
872931
872542
872306
872241
872172
871973
871553
870476
870222
870014
869875
869374
868738
868635
868532
868302
868231
868220
868069
867544
867461
867389
867157
867067
866882
866772
866638
866631
866342
866140
865596
865439
865280
865279
865259
864816
864599
864495
864216
864142
863918
863858
863733
863693
863216
863081
862903
862629
862609
862399
862009
862007
861569
861469
861244
860773
860560
859669
858692
857763
857617
857571
857421
857262
857214
856917
856847
856710
856697
855970
855910
855340
854947
854766
854499
854495
853559
853541
853413
853404
853270
853266
853237
853106
852886
852056
852009
851965
851737
851711
851540
851426
850983
850069
849716
849268
848688
848375
847462
847362
847059
846327
845870
845785
845603
845385
845350
845289
844955
844939
844917
844525
844147
843908
843823
843622
843464
843241
843142
842975
842822
842804
841813
840960
840932
840896
840869
840552
840288
840245
840053
839850
839518
839410
839088
839067
839005
838965
838844
838841
838771
837594
837107
836683
836380
835828
835457
835391
835324
835293
835059
834960
834956
834921
834837
834822
834343
834323
833606
833382
833011
832869
832360
832220
832136
832067
832028
831534
831514
830460
830306
830282
830159
829947
829423
828967
828524
828064
827632
827517
826938
826928
826825
826591
826582
826575
826293
826135
825690
825607
825489
825361
825128
825054
824950
824575
824523
824521
824508
824408
824397
824341
823759
823735
823688
823454
822719
822604
822141
821899
821844
821691
821676
821667
821655
821362
821315
821254
821211
821091
821045
821043
820956
820911
820316
819547
819521
819055
818968
818959
818921
818919
818866
818345
817845
817668
817329
817313
817237
817014
816230
816180
815882
815825
815585
815201
815027
814986
814896
814772
814734
814634
814536
814433
814393
814390
814374
813941
813758
813593
813469
813292
813193
812878
812730
812678
812256
811689
811668
811666
811610
811597
811570
811549
811069
810810
810461
810420
810399
810028
809985
809817
809792
809723
809564
809491
809292
809263
809248
808954
808657
808646
808548
808319
808262
808193
808016
807846
807390
807031
806767
806588
806480
806464
806130
805789
805700
805636
805497
805239
804821
804796
804584
804521
804496
804459
804380
804192
804033
803620
803241
803169
803048
802893
802870
802159
801986
801885
801697
801600
801187
800981
800979
800831
800664
800581
800198
800134
799863
799805
799761
798970
798806
798103
797752
797289
797063
797053
796704
796478
796459
796437
796399
796366
796333
796274
795676
795554
795354
795334
795246
795157
795035
794631
794539
794324
794164
793650
793535
793106
792763
792374
792330
792002
791816
791577
791558
791524
791522
791393
791164
790785
790682
790602
790514
790411
790245
790110
789941
789882
789662
789340
788845
788787
788518
788026
788022
787949
787832
787630
787608
787387
787214
786520
786427
786421
786204
785828
785639
785555
785513
785483
785456
785294
785049
784985
784984
784950
784800
784316
784093
783996
783758
783510
783374
783371
783130
782827
782699
782655
782601
782101
782078
781349
781313
781253
780916
780484
780375
780018
779777
779441
778559
778477
778171
778056
777945
777794
777383
777208
777124
776943
776805
776769
776425
776386
776330
775815
775798
775738
775399
775354
775270
775184
774992
774674
774602
774233
774145
774008
773749
773717
773553
773348
773217
773186
772920
772811
772662
772231
772139
771430
771404
771193
770956
770781
770685
770659
770575
770444
770179
770108
769912
769511
769495
769322
769200
768742
768731
768526
768509
768399
768338
767873
767202
767079
767058
766245
766178
766047
765924
765660
765372
765153
764795
764786
764470
764130
764122
764095
763755
763744
763687
763462
763361
763097
762975
762950
762829
762799
762114
762071
761725
761581
761221
761180
760641
760492
760381
760368
760241
759838
759383
759094
758982
758916
757270
756889
756534
756424
756100
755757
755719
755599
755388
755160
755064
754785
754739
754698
754626
754574
754354
753987
753856
753727
753567
753460
753431
752913
752651
752643
752602
752389
752090
751626
751491
751424
751247
751108
751039
750842
750430
750130
750118
750063
749902
749762
749454
749390
749297
749165
749023
748906
748769
748687
748638
748510
748459
748427
748290
748089
747845
747623
747421
747384
747351
747273
746456
746441
746339
746152
745670
745368
745266
745219
745049
744805
744709
744614
744040
743979
743634
743225
743106
743054
742897
742773
742755
742740
742601
742516
742468
742448
742171
741891
741497
741327
741097
741046
740881
740641
740639
740552
740309
740239
740165
739429
739133
738554
738480
738444
738207
738176
737701
737616
737559
737503
737323
736839
736812
736653
736215
736145
734786
734657
734447
734401
734340
734223
734202
734173
734132
734112
733880
733643
733524
732983
732751
732743
732423
732065
731905
731759
731652
731504
731492
731479
730875
730864
730470
730439
730305
729929
729628
729512
729407
728417
728281
728111
727968
727910
727885
727813
727371
727276
727258
726641
726447
725574
725405
725314
725153
725116
724705
724523
724368
724008
723878
723622
723148
722905
722707
722368
722320
722112
721780
721751
721677
721505
721472
721463
721279
720910
720575
720079
719851
719529
719420
719182
719102
718909
718532
718514
718302
718243
717959
717542
717501
717222
716709
716699
716694
716668
716236
716059
716046
715419
715270
715172
714967
714893
714739
714120
714077
713816
713801
713613
713408
712948
712769
712757
712168
712054
712049
711828
711816
711448
711199
711177
711151
710805
710768
710608
710336
709920
709393
709225
708995
708703
708431
708175
707577
707318
707031
706973
706256
706117
705508
705482
705308
705255
705095
705081
704575
704264
704133
704127
704113
703539
703299
703285
703199
703079
702918
702916
702887
702634
702068
701971
701949
701869
701808
701395
701267
701229
701000
700518
700476
699726
699486
699285
698941
698838
698836
698558
698359
698323
698169
698070
697876
697648
697243
697134
697087
696802
696756
696683
696611
696471
696275
695845
695491
694996
694306
694167
694067
694041
693863
693746
693641
693559
693152
692965
692744
692283
692103
692060
691998
691971
691893
691858
691757
691523
691221
690445
690396
689829
689708
689601
689475
689284
689252
689035
688968
688954
688829
688817
688790
688729
688596
688214
688110
688100
687694
687652
687421
687387
687176
686905
686897
686864
686636
686562
686278
685203
684874
684757
684640
684558
684363
684287
684023
683859
683655
683634
682998
682682
682484
682434
682314
682243
682228
681684
681606
681583
681524
681504
681083
680945
680902
680456
679585
679342
679038
679033
678961
678891
678877
678405
678375
678185
677807
677765
677754
677691
677536
677082
677043
676250
676206
675963
675915
675419
675127
675086
674822
674514
674421
674313
674256
674150
673918
673113
673054
672789
672760
672525
672492
672392
672086
672063
671966
671932
671869
671325
670894
670610
670538
670292
670237
669870
669329
669110
669091
668982
668860
668732
668546
668411
668061
667991
667929
667796
667778
667649
667338
667014
666329
666302
666175
666053
666008
666006
665979
665771
665624
664961
664903
664874
664820
664714
663763
663572
663271
663179
662969
662853
662510
662410
662334
662132
662049
661936
661768
661228
661039
661027
660999
660926
660774
660387
660341
660014
659879
659631
659558
659537
659468
659175
658795
658564
658455
658113
658095
657796
657782
657654
657598
657229
657105
656804
656081
655570
655021
654730
654657
654338
654239
654188
654168
653984
653946
653899
653863
653720
653379
653277
653275
653268
653077
653039
653035
652697
652552
652179
652089
652068
651755
651407
650809
650797
650327
650032
650024
649965
649750
649684
649653
649549
649374
649129
649049
648930
648902
648863
648674
648114
648110
647910
647717
647510
647325
647238
646668
646582
646117
645577
645475
645271
645075
645017
644964
644868
644560
644515
643879
643805
643569
643258
643231
643223
643214
643130
643119
643044
642913
642885
642785
642452
642278
642269
642068
642011
641546
641473
641257
641150
640958
640688
640291
640269
639794
639575
638433
638189
637941
637778
637611
637527
637482
637405
637245
637233
637207
637055
636695
636506
636464
635901
635684
635577
635328
635094
634951
634780
634666
634354
634268
634012
633862
633628
633589
633572
633426
632995
632220
631919
631625
631615
631460
631415
631309
631119
631048
630784
630584
630574
630308
630072
629862
629818
629192
629055
629014
628886
628483
628121
628106
627997
627621
627441
627308
627282
626991
626844
626595
626517
626424
626127
625845
625705
625701
625661
625551
625408
625127
625054
625044
624880
624787
624671
624646
624553
624316
624303
624231
624217
624198
624143
624064
623975
623915
623881
623660
623310
623026
622972
622814
622421
622390
622189
622068
622019
621630
621027
620900
620779
620764
620511
620405
620377
620376
620218
620161
620079
619577
619417
619391
619389
619157
619094
619043
618745
618390
618337
618311
618301
618196
617630
617593
617312
617123
616914
616633
616587
616246
616208
616045
615948
615393
615320
614918
614906
614868
614418
614293
614117
614074
613932
613741
613602
613068
612992
612960
612449
612199
612002
611791
611504
611194
611184
610824
610149
610057
609701
609683
609456
609423
609353
609113
608868
608428
608297
608238
607825
607761
607723
606973
606688
606231
606100
605963
605902
605811
605424
605359
605125
604893
604762
604670
604634
604537
604176
603687
603655
603153
602850
602754
602613
602399
602394
602146
601968
600879
600804
600700
600479
600279
600166
600070
599918
599530
599151
598882
598832
598733
598632
598509
598165
598101
598042
597960
597750
597718
597438
597351
597294
597227
596748
596450
596327
596232
595914
595034
595026
594623
594303
593922
593770
593700
593677
593405
593359
593355
592739
592719
592464
592439
592368
591613
591439
591273
591099
590419
590339
590302
590257
590215
590060
589927
589726
589556
589274
589086
589063
588788
588351
588074
588002
587492
587283
586889
586837
586635
586633
586627
586308
586229
586078
586077
586045
585860
585769
585627
585024
585019
584549
584295
584249
583795
583726
583656
583555
583469
583393
583087
582781
582123
582107
581818
581548
581323
581178
581033
580747
580663
580562
580475
580426
580064
579988
579781
579624
579492
579474
578933
578807
578715
578708
578436
577959
577833
577697
577632
577372
577195
576998
576982
576809
576238
576064
575926
575346
575317
575229
575183
574872
574668
573947
573647
573570
573525
573440
573436
573400
573370
573325
573219
572695
572684
572283
572279
572066
571980
571314
570447
570107
570016
569600
569209
568857
568706
568519
568285
568263
568203
568076
567980
567792
567371
567357
567207
567174
566908
566386
565922
565716
565640
565316
565125
564025
563815
563592
563476
563378
562995
562488
562073
561521
561338
561188
561077
560934
560723
560548
560503
560501
560299
560152
559801
559706
559672
559551
559531
559506
558988
558867
558793
558748
558635
558459
557651
557637
557617
557437
557101
556309
556199
555972
555895
555738
555715
555683
555402
555001
554918
554850
554814
554720
554700
554695
554421
554204
554175
554165
554003
552920
552912
552646
552340
552269
552107
552076
552061
551734
551486
551163
551117
550910
550589
550424
550320
549986
549964
549944
549777
549743
549617
549488
549448
549177
548908
548812
548789
548521
548507
548399
547930
547775
547677
547583
547557
547469
547291
547257
547096
547087
546824
546641
546570
546486
546171
546012
545659
545209
545158
544892
544836
544764
544269
544110
543971
543818
543147
543062
543037
542893
542451
542370
542112
542029
541794
541788
541638
541598
541519
541176
540912
540615
540589
540080
539427
539378
539062
538899
538710
538041
537341
537245
536887
536785
536262
536076
536020
536013
535978
535888
535810
535436
535273
535068
534481
534320
534067
533978
533279
533264
532948
532605
532361
532207
532032
531595
531146
531109
531041
530986
530648
530315
530299
530270
530030
529993
529834
529367
529034
528815
528395
528378
528306
528303
528189
528038
527914
527654
527520
527504
527399
527239
527154
526376
526346
526121
525967
525520
525408
524745
524650
524633
524383
524374
523819
523676
523592
523559
523055
522768
522571
522327
522210
522149
522114
522106
522065
521864
521840
521466
521131
521049
520824
520711
520543
520484
520363
519883
519812
519792
519719
519614
518997
518579
518532
518314
517974
517951
517670
517463
517430
517115
517092
516861
516771
516160
516046
515966
515581
515575
515573
515279
515268
514933
514728
514285
514046
513903
513422
513358
513087
512932
512915
512749
512745
512546
512380
512374
512330
512211
512174
511839
511654
511648
511486
511232
511059
510538
510283
510083
510033
510005
509950
509859
509831
509814
509698
509327
509219
508951
508928
508904
508696
508620
508516
508079
507897
507607
507513
507398
507374
507142
507060
506451
506426
506346
506089
506046
506017
505982
505668
505615
505449
505338
505245
505113
505056
504992
504697
504521
504400
504392
504378
504211
504096
503963
503396
503279
503045
503044
502895
502701
502601
502469
502141
501886
501794
501532
501527
501233
500952
500937
500598
500328
500243
500196
500120
500014
499384
499034
498907
498807
498139
498079
496858
496102
496027
496001
495810
495786
495775
495697
495598
495541
495134
495063
494976
494650
494441
494382
494276
494156
493396
493377
493352
493008
492920
492633
492560
492199
491675
491465
491357
491344
491312
491296
491109
490869
490607
490515
490501
489928
489878
489814
489490
488818
488717
488596
488435
488289
488093
487798
486951
486875
486835
486688
486525
486493
486449
486346
486283
485844
485715
485675
485228
485196
485105
484626
484344
484342
484322
484167
483917
483712
483669
483475
483433
483430
483086
482916
482378
482262
482234
482136
481946
481569
481513
481507
481452
481368
481195
481129
481067
480961
480450
480330
480188
480094
479995
479488
479274
478879
478869
478700
478644
478564
478184
478079
477761
477376
477215
477164
476664
476329
475981
475622
475448
475401
475345
474648
474576
474511
474499
474145
473837
473620
473128
472846
472781
472772
472613
472367
472099
471983
471746
471236
471087
471044
470745
470702
470659
470513
470282
470199
469973
469677
469608
469070
468779
468233
468170
467471
467130
467110
467083
466267
466198
466011
465731
465626
465403
465037
464564
464109
463848
463777
463679
463586
463582
463484
463223
463118
463075
462794
462783
462673
462258
462055
461977
461738
461694
461444
461420
461381
461127
461066
460919
460857
460804
460458
459795
459280
459221
459123
458999
458952
458485
458132
457975
457754
457688
456983
456526
456484
456441
456321
456154
455498
455462
455062
455051
455017
454492
454459
454441
454035
453878
453520
453419
452805
452792
452694
452597
452311
451513
451457
451275
451200
450924
450903
450640
450611
450589
450433
450116
449978
449254
449230
448925
448792
448767
448586
448459
447926
447862
447848
447752
447597
447593
447475
447464
447416
447023
446983
446717
446690
446130
445879
445629
445290
445155
444978
444665
444335
444332
443912
443874
443659
443344
442362
442328
442155
442011
441880
441772
441340
440868
440721
440423
440321
440095
439896
439706
439673
439535
439486
439463
439375
439101
438977
438943
438810
438634
438414
438252
437980
437712
437286
436704
436698
436467
436292
436275
436258
436133
436121
435948
435944
435903
435885
435525
435500
435133
435011
434677
434467
434459
433614
433542
433533
433035
432814
432688
432396
432367
432294
432223
432169
431881
431711
431681
431576
431497
431067
430972
430763
430671
430614
430219
430191
429973
429839
429798
429650
429371
429046
428754
428327
427970
427921
427882
427541
427402
427300
426858
426643
426040
425730
425178
425088
424875
424873
424845
424807
424387
423811
423469
423310
423013
422851
422839
422807
422577
422463
422275
421996
421985
421463
421457
421209
421149
420750
420675
420674
420587
420583
420383
420321
420086
419963
419903
419594
419492
419418
419416
419260
418975
418899
418829
418628
418625
417990
417843
417823
417700
417349
417343
416850
416847
416599
415578
415527
414947
414663
414441
414118
413885
413104
412850
412701
412445
412230
412215
412093
411961
411783
411737
411679
411585
411527
411462
411230
411210
411132
410759
410362
410207
410084
410060
409615
409505
409328
408918
408872
408807
408783
408378
408345
408295
408287
408161
408013
407986
407870
407793
407207
406956
406921
406240
405947
405900
405647
405251
405207
405174
405010
404891
404852
404783
404031
403903
403783
403565
403221
403206
403074
402996
402724
402708
402389
401991
401288
401087
401044
401019
400920
400145
400143
399749
399726
399473
399318
399314
399267
399188
399114
399008
398963
398908
398438
398382
398352
398151
398034
397985
397743
397714
397684
397126
396920
396903
396589
396220
396205
396144
395953
395774
395768
395347
395319
394973
394913
394863
394467
394214
393989
393885
393863
393751
393146
393022
392756
392390
392134
392127
392049
391881
391684
391677
391632
391380
391020
390852
390607
390577
390451
390155
390045
390000
389975
389438
389324
389142
389100
388961
388782
388669
388598
388490
388487
387983
387942
387915
387831
387806
387518
387513
387242
387210
387136
386723
386688
386168
386142
385968
385831
385520
385464
384952
384508
384182
383282
383175
383122
383026
382798
382756
382314
382083
382070
381744
381095
380835
380394
379945
379793
379491
379155
379077
379007
378737
378686
378604
378468
378352
378142
378079
378076
377667
377655
377311
376971
376325
375769
375761
375445
375196
374501
374306
374199
374034
373984
373415
373182
373165
373100
373097
373061
373059
372963
372694
372455
372410
372157
371909
371400
371366
370455
370403
370258
370213
370057
370022
370003
369811
369781
369424
369312
369028
369022
369001
368917
368794
368729
368136
367856
367770
367494
367421
367336
367242
366725
366567
366405
365194
364994
364781
364578
364435
363734
363657
363307
363179
362673
362630
362410
362054
361996
361966
361855
361841
361452
361250
361226
361090
360963
360727
360676
360505
359604
359565
359527
359314
358996
358968
358655
358086
358079
357885
357765
357562
357406
357247
356948
356922
356868
356739
356505
356399
356382
355983
355779
355524
355399
355209
354442
354115
353331
353262
353182
352994
352203
352184
352154
352131
352056
352000
351891
351855
351671
351608
351478
351216
350946
350842
350771
350309
350148
349706
349664
349514
349239
348946
348717
348591
348368
348350
348250
348171
348108
347726
347468
347390
347328
347296
347053
346999
346803
346644
346518
346130
345956
345725
345281
345269
344988
344864
344764
344717
344534
344177
344018
343923
343826
343612
343548
343066
343065
342822
342794
342759
342634
342409
342368
342139
341666
341625
341622
341422
341287
341157
341092
340749
340470
340106
339878
339841
339496
339356
339182
339167
339151
339109
339064
338918
338268
337536
337506
337437
337430
337176
336715
336586
336326
336196
335992
335941
335897
335891
335859
335416
335393
335278
335166
335159
334974
334752
334657
334324
334207
333861
333830
333499
333303
333159
332898
332534
332448
332154
332127
331874
331752
331685
331064
330902
330630
330345
329941
329034
328981
328933
328752
328627
328417
327885
327499
327448
327137
327093
326566
326470
326461
326443
326246
326049
325754
325251
325094
324899
324889
324758
324498
324271
323892
323770
323715
323704
323469
323310
323237
323082
322567
322516
322140
321930
321624
321001
320905
320742
320534
320396
320218
319692
319405
319047
318934
318806
318478
318400
318336
317899
317844
317807
317737
317660
317327
316442
316376
316357
316166
316041
315882
315781
315269
315014
314803
314444
314008
313915
313678
313015
312813
312517
312192
312036
311724
311639
311438
310839
310772
310424
310420
310364
310297
310252
310179
310089
310022
309107
308995
308631
308568
308531
308413
308082
307828
307564
307455
307310
306981
306870
306751
306685
306082
305276
305127
304822
304533
304431
304331
304260
303934
303269
303268
303125
302983
302787
302576
302573
302524
302362
302196
301205
300744
300517
300458
300247
300170
299980
299679
299569
299545
299287
299163
298924
298528
298387
298186
297852
297716
297629
297439
297214
297190
296844
296761
296720
296712
296410
296269
296260
296177
295878
295620
295466
295130
295092
294756
294695
294648
294331
294213
293532
293498
293396
293054
292981
292899
292623
292608
291938
291526
290244
290160
289986
289765
289720
289649
289328
289175
289121
288895
288862
288542
288441
288203
287915
287637
287613
287417
287120
286770
286746
286553
286336
286236
286205
286047
286029
285670
285577
284927
283820
283271
283248
282968
282229
282185
282078
282018
281545
281539
281041
280882
280595
280500
280385
280293
280044
279707
279420
279312
279123
279112
279012
278813
278649
278488
278104
277819
277771
277517
277276
277252
277248
277067
276311
276234
275902
275114
274953
274663
274110
273931
273812
273690
273518
273267
272732
272373
272146
272003
271742
271177
270395
270374
270348
270136
270078
269520
268935
268846
268797
268559
268526
268085
267922
267692
266985
266841
266781
266575
266387
265872
265544
265253
265200
265143
265139
265116
264892
264842
264813
264793
264727
264578
264508
264455
264055
263965
263588
262797
262018
261442
261368
261336
261169
260736
260674
260615
260492
260489
259604
259234
258696
258586
258549
258393
258121
257880
257586
257547
256801
256440
256407
255820
255814
255790
255439
255148
255110
254977
254881
254692
254238
254029
253794
253779
253730
253609
253525
253186
253107
252850
252463
252409
252367
252305
252137
252004
251910
251904
251827
251749
251547
251543
250991
250905
250583
250445
250347
249796
249532
249508
249488
249478
249121
248905
248872
248598
248433
248358
248275
247820
247744
247481
247438
246764
246451
246291
245580
245569
245307
245018
244987
244235
244231
243656
243640
243519
243104
242509
242460
242237
242193
242190
242147
242077
241788
241765
241644
241589
241529
241234
241153
241141
240593
240590
240170
239982
239679
239365
239257
239193
239095
238750
238733
238641
238484
237971
237689
237659
237460
237314
237267
237162
237131
237128
237093
236940
236498
236321
236117
235765
235720
235416
235062
234895
234209
234089
234007
233883
233625
233594
233414
233268
233207
233158
232723
231733
231521
231411
231399
231387
231233
231099
230851
230772
230422
230345
229924
229857
229753
229545
229321
229289
229083
228988
228691
228510
228387
228294
227968
227769
227620
227574
227527
227436
226855
226828
226689
226485
226317
226305
226289
226256
225766
225619
225576
225511
225438
225405
225376
225213
225139
224928
224789
224753
224734
224730
224498
223853
223302
223133
223062
222916
222883
222684
222478
222453
222308
222185
222134
222034
221902
221541
221511
221497
221295
220884
220786
219936
219703
219682
219250
218900
218778
218772
218748
218716
218456
218127
218025
217960
217682
217570
217499
217488
217374
217082
217069
216073
215810
215389
215214
215068
215063
215020
214661
214660
214585
214439
214048
213982
212976
212170
212137
211502
211228
211188
210927
210441
210423
209887
209272
209109
209024
208903
208858
208583
208559
208507
208452
208170
208155
207969
207912
207792
207594
207549
206759
206602
206399
206182
206040
205916
205839
205769
205107
204700
204630
204574
204445
204219
203669
203664
203438
203434
203403
203045
202996
202687
202373
202092
201859
201749
201584
201429
201118
200881
200759
200659
200647
200636
200237
200234
200109
200066
199901
199861
199555
199191
199155
199094
198835
198834
198660
198576
198501
198480
198312
198304
198002
197912
197888
197474
197158
196587
196058
195903
195835
195566
195475
194832
194778
194654
194485
194273
194242
194221
193986
193963
193364
192505
192462
192389
192366
192078
192041
191709
191601
191123
191118
190978
190947
190820
190693
190443
190415
190304
190231
190135
189818
189756
189685
189677
189326
189059
188799
188431
188413
188408
188041
187521
186918
186773
186443
186366
186299
185756
185508
185272
184983
184890
184828
184582
184563
184162
183969
183681
183571
183004
182814
182676
182666
182529
182486
182441
182382
182006
181716
181185
181114
180910
180688
180662
180564
180309
180286
180121
180056
179781
179758
179742
179618
179554
179502
179497
179428
179265
179029
178993
178933
178907
178726
178543
178538
178156
177825
177741
177464
177224
177213
176789
176709
176654
176633
175548
175472
174985
174627
174557
174324
174206
174071
173783
173642
173578
173501
173206
173018
172908
172479
171732
171708
171671
171526
171432
171365
171222
171127
171034
171002
170729
170173
169994
169920
169357
169180
168989
168492
167612
167353
167249
167207
166874
166686
166452
166025
165856
165135
164954
164871
164792
164695
164671
164155
163615
163602
163281
163280
163160
162685
162633
162564
162503
162491
162065
162025
161952
161647
161637
161563
161458
161327
161324
161185
161148
161084
160851
160634
160341
160281
160213
159717
159681
159532
158801
158784
158205
158176
157984
157974
157930
157839
157090
157009
156808
156276
156178
156020
155934
155889
155657
155478
155339
155326
155199
154902
154767
154726
154420
154222
153553
153213
153196
153057
152350
151938
151924
151743
151708
151157
151008
150914
150792
150373
150340
150191
149828
149637
149561
149525
149036
148231
148036
148017
148004
147834
147702
147622
147518
147461
147322
146878
146840
146697
146188
146064
146032
145988
145796
145308
144484
144281
144116
144066
144064
143874
143842
143362
143292
143100
143094
143059
142929
142808
142733
142694
142642
142606
142604
142356
142208
142050
141903
141718
141571
141419
141211
140747
140343
140339
140230
140158
140045
139784
139060
138997
138958
138828
138258
138174
138036
137879
137485
137413
137302
137171
136957
136924
136851
136722
136638
136558
136528
136382
136366
136284
136228
136194
136164
135990
135841
135678
135383
135381
135366
135089
135071
134792
134712
134424
134158
134113
133427
133380
133135
133111
132515
132252
132159
131993
131969
131894
131806
131724
131665
131401
130946
130703
130613
130168
129856
129578
129489
129382
128905
128792
128668
128529
128221
128209
127961
127928
127861
127834
127311
127141
127130
127108
127085
126951
126927
126860
126790
126188
126156
125994
125173
125021
124944
124915
124850
124813
124788
124545
124384
124124
123620
123385
123347
123262
123067
123042
122524
122521
121862
121770
121552
121364
120706
120291
119891
119876
119829
119530
119351
118701
118685
118602
117956
117813
117656
117327
117117
116938
116895
116792
116608
116442
116304
116040
115976
115382
115376
115321
115156
114776
114430
114259
114218
114215
114210
113969
113967
113948
113927
113870
113547
113386
113262
112793
112469
111789
111781
111626
111567
111326
111153
110610
110328
110298
109850
109691
109646
109490
109338
109226
109215
109124
109021
108774
108763
108524
108447
107971
107711
107176
107131
106993
106924
106515
106205
106158
106084
105930
105845
105463
105179
105116
104505
104377
104374
104250
104199
103987
103969
103713
103499
103434
103293
103273
102330
102144
102078
101496
101045
101028
100847
100844
99761
99687
99468
99190
99169
99128
98985
98926
98923
98872
98582
98567
98375
97862
97820
97804
97318
97312
97217
97091
96485
96337
96232
96189
95828
95619
95536
95294
94690
94631
94515
94360
94314
93556
93517
93363
93118
93080
92828
92521
92457
92345
91016
90684
90550
90149
90137
89871
89843
89744
89732
89526
89518
89449
89279
89210
89109
89085
88802
88792
88773
88746
88470
88238
88038
87575
87402
86765
86646
86440
86378
85566
85507
85251
84774
84697
84583
84262
83814
83041
82821
82609
82190
82033
81986
81829
81765
81754
81721
81715
81557
81134
81114
80884
80674
80468
80368
80142
79770
79562
79151
79045
79029
78773
78363
78317
78154
77993
77941
77595
77568
77407
77376
77056
76970
76895
76852
76642
76544
76491
76469
76248
76122
76113
75394
75229
75059
75003
74997
74720
74424
74280
73839
73831
73822
73671
73608
73102
72748
72634
72623
72524
72481
72204
71822
71493
71447
70887
70664
70415
70165
70126
69736
69595
69526
69520
69325
69305
68654
68395
68071
67533
67352
67188
67000
66976
66501
65637
65609
65552
65394
65200
65055
64895
64442
64328
64117
63673
63324
63218
63108
62805
62750
62426
62413
62266
62233
61508
61499
61442
61389
61085
60830
60766
60407
59986
59450
58866
58482
58415
58318
57902
57848
57815
57662
57510
57504
57342
57015
56844
56424
56381
56147
56122
56069
55448
55285
55191
54872
54342
54191
54168
53890
53352
53346
53274
53260
53043
53037
52910
52652
52096
51899
51815
51789
51759
51755
51495
51208
51125
50903
50513
49847
49799
49752
49735
49650
49597
48844
48718
48713
48347
48106
48026
47862
47715
47685
47379
46742
46543
46413
46223
45700
45636
45366
45183
45145
45139
45046
44888
44847
44610
44328
44186
44169
44020
43984
43883
43799
43479
43470
43450
43171
43062
43047
42881
42694
42648
42526
42484
42438
42398
42001
41887
41770
41636
41545
41073
40975
40769
40716
40288
39579
39577
39567
39330
39160
39080
38988
38915
38631
37978
37776
37682
37561
37435
36010
35846
35362
35300
35116
35009
34842
34775
34730
34182
34041
33953
33945
33754
33442
32013
31855
31587
31474
31401
31192
30877
30801
30697
30598
30411
30390
30004
29884
29615
29455
28986
28755
28578
28462
28276
28238
27810
27576
27338
27230
27125
27051
26983
26557
26338
26021
26001
25970
25821
25719
25271
25216
25174
25172
25008
24893
24731
24267
24254
24219
23819
23714
23653
23618
23616
22937
22814
22644
22512
22450
22362
22121
22098
21818
21331
20827
20823
20747
20648
20417
20168
20087
19754
19708
19311
19164
18255
18014
17877
17761
17551
17336
17091
16998
16950
16517
16329
16237
16042
15996
15818
15807
15758
15612
15230
14712
14590
14401
14071
14019
13790
13787
13729
13650
13476
13326
12587
12503
12497
12214
12174
11842
11826
11813
11757
11538
11310
10790
10306
10243
10153
10004
9515
9415
9358
9244
8850
8719
8533
8382
8374
7887
7812
7563
7001
6720
6699
6605
6453
6412
6276
6198
6101
5890
5781
5757
5677
5622
5615
5430
5388
5209
4667
4600
4454
4452
4150
4026
3713
3593
3509
3354
3263
3213
3145
2716
2415
1935
1397
1185
916
546
537
387
