995513
995234
991821
991745
985019
980608
979254
978082
976305
976261
975470
975208
974700
974697
970329
969920
968326
964856
964396
962289
959297
958347
955908
953098
952294
951392
948798
946792
946346
944055
942430
942071
940121
939692
939475
935202
934103
933678
931860
931230
929536
927370
923417
922831
919323
914056
910425
908494
908440
907269
898887
895253
894510
892190
892097
891798
888344
887824
885322
884361
883295
880155
876264
875266
874425
870163
870136
865521
863371
862474
862157
860517
859391
859126
857753
853775
852476
851428
849877
848283
844354
844323
844166
843996
841450
840297
839580
838405
837147
836403
835981
833614
831164
830571
830324
829886
827602
827258
826556
826395
825670
825078
824387
821529
821406
820742
816574
815302
815081
814945
809950
808744
804498
804266
804086
803842
801687
797675
797217
792518
791172
790750
790612
788586
788356
783541
780063
776095
774604
774313
773775
771856
770147
766847
764583
764550
760298
756375
755616
754898
754065
748415
747899
745797
745140
744160
742705
742396
736019
733703
731235
728818
726855
724219
719824
714155
712509
711605
711539
710701
710562
710446
706152
705159
703968
703524
701997
700737
697388
696908
696310
696134
695904
690535
690212
689584
686370
686165
673677
673138
671243
671006
670141
668831
663996
663155
654846
649926
643595
641226
639088
635404
634825
632232
632150
632119
630263
629968
625640
622785
615463
614592
613484
612967
612713
610141
607295
606633
604379
603960
603243
598144
596938
595049
593501
590765
589900
588609
585633
584532
582699
579467
578364
578017
571973
571942
570773
567309
566924
562822
560954
558813
557914
555024
554695
554358
547511
545834
542894
540165
536995
533934
532356
531141
530969
524120
523414
521930
521027
518859
515193
513625
512018
511189
511058
509646
507555
506692
503861
500727
500076
499434
498650
497497
495492
488959
488278
487338
485411
484908
482440
482300
481988
481779
481481
479439
478068
476899
475656
472721
466958
464480
464310
461536
459164
459004
457693
457278
454917
448589
447252
446446
441994
441976
441369
437373
430552
429884
429445
427920
426900
422548
418113
414687
414386
413356
410937
409090
408435
405305
405270
404318
403089
402018
399733
399641
398569
392114
391503
389731
386609
386579
383395
382339
381853
379436
379410
374665
374183
372777
372239
370615
368138
353694
350452
348168
343213
342797
342336
340120
339487
337170
334497
328997
328323
324611
324288
321659
317638
317444
315416
314338
313062
310334
309375
307116
307019
307017
305241
302220
301842
300457
296613
294720
291953
288161
286981
285758
273893
273192
271053
270739
269670
267987
267348
267313
267195
266844
261965
258101
257653
257200
256534
256411
252968
251483
249297
244911
243444
238932
236662
233991
232919
232813
232710
226819
226687
223089
222912
222235
220566
220498
218963
217006
211823
210169
206782
195503
192574
185302
185066
184729
183065
181918
181304
178479
175895
172940
172057
171020
169538
167607
161078
160869
157298
155962
153499
153216
150215
145019
145015
144729
144282
142424
138749
137835
135958
135740
134665
133923
132876
126916
126859
124160
123978
121703
119913
119675
118664
113797
103387
102975
95337
93696
90427
89207
87826
87139
84787
84256
82247
78923
78475
75570
73296
72757
70218
70207
70111
65658
61314
52059
51853
47420
45548
41287
40815
38959
36916
36792
33347
31388
29495
27806
26771
26066
24258
23738
23225
22697
18815
16158
11175
10498
8876
6443
4924
4488
2181
327
